Energy (keV),Intensity (CPS)
-11.483879489819198,0.0
8.557416575605487,0.0
28.598712641030172,0.0
48.64000870645485,0.0
68.68130477187954,0.0
88.72260083730423,0.0
108.7638969027289,0.0
128.8051929681536,0.0
148.84648903357828,0.0
168.88778509900297,0.0
188.92908116442766,0.0
208.97037722985235,0.0
229.011673295277,0.0
249.05296936070172,0.0
269.0942654261264,0.3862575224508575
289.13556149155113,0.3862575224508575
309.1768575569758,1.1587725673525724
329.21815362240045,0.0
349.25944968782517,1.1587725673525724
369.3007457532498,1.54503008980343
389.34204181867455,0.772515044901715
409.3833378840992,3.476317702057717
429.4246339495239,4.248832746959432
449.4659300149486,4.63509026941029
469.50722608037324,4.63509026941029
489.54852214579796,4.248832746959432
509.5898182112227,6.18012035921372
529.6311142766473,4.248832746959432
549.672410342072,8.497665493918864
569.7137064074967,7.3388929265662926
589.7550024729214,7.72515044901715
609.796298538346,10.428953106173152
629.8375946037708,8.883923016369723
649.8788906691955,11.973983195976581
669.9201867346201,12.36024071842744
689.9614828000448,13.519013285780012
710.0027788654695,11.201468151074867
730.0440749308942,10.81521062862401
750.0853709963188,15.064043375583442
770.1266670617435,15.836558420485156
790.1679631271683,13.132755763329154
810.2092591925929,8.111407971468006
830.2505552580176,9.27018053882058
850.2918513234423,11.973983195976581
870.333147388867,11.973983195976581
890.3744434542916,13.132755763329154
910.4157395197163,13.519013285780012
930.457035585141,13.519013285780012
950.4983316505657,16.222815942936013
970.5396277159904,14.677785853132585
990.5809237814151,15.064043375583442
1010.6222198468398,11.201468151074867
1030.6635159122645,12.746498240878298
1050.7048119776891,13.905270808230869
1070.7461080431137,17.767846032739445
1090.7874041085386,12.746498240878298
1110.8287001739632,15.064043375583442
1130.8699962393878,11.587725673525725
1150.9112923048126,10.81521062862401
1170.9525883702372,12.746498240878298
1190.993884435662,10.042695583722294
1211.0351805010866,13.905270808230869
1231.0764765665112,7.3388929265662926
1251.117772631936,10.042695583722294
1271.1590686973607,10.428953106173152
1291.2003647627853,12.36024071842744
1311.2416608282101,10.81521062862401
1331.2829568936347,16.222815942936013
1351.3242529590593,14.677785853132585
1371.3655490244842,13.132755763329154
1391.4068450899088,8.111407971468006
1411.4481411553336,9.656438061271437
1431.4894372207582,13.519013285780012
1451.5307332861828,12.746498240878298
1471.5720293516076,14.677785853132585
1491.6133254170322,11.587725673525725
1511.6546214824568,11.973983195976581
1531.6959175478817,10.81521062862401
1551.7372136133063,11.973983195976581
1571.7785096787309,10.428953106173152
1591.8198057441557,10.428953106173152
1611.8611018095803,10.81521062862401
1631.902397875005,8.883923016369723
1651.9436939404297,9.27018053882058
1671.9849900058543,12.36024071842744
1692.0262860712792,14.291528330681727
1712.0675821367038,11.973983195976581
1732.1088782021284,8.111407971468006
1752.1501742675532,8.111407971468006
1772.1914703329778,13.519013285780012
1792.2327663984024,11.587725673525725
1812.2740624638272,10.428953106173152
1832.3153585292519,6.566377881664577
1852.3566545946765,10.042695583722294
1872.3979506601013,14.677785853132585
1892.439246725526,10.81521062862401
1912.4805427909505,9.27018053882058
1932.5218388563753,14.677785853132585
1952.5631349218,10.428953106173152
1972.6044309872248,10.428953106173152
1992.6457270526494,12.746498240878298
2012.687023118074,10.042695583722294
2032.7283191834988,12.746498240878298
2052.7696152489234,7.72515044901715
2072.8109113143482,11.973983195976581
2092.8522073797726,10.81521062862401
2112.8935034451974,11.973983195976581
2132.9347995106223,9.27018053882058
2152.9760955760466,11.587725673525725
2173.0173916414715,10.428953106173152
2193.0586877068963,11.201468151074867
2213.0999837723207,8.497665493918864
2233.1412798377455,7.72515044901715
2253.1825759031703,10.428953106173152
2273.2238719685947,11.201468151074867
2293.2651680340196,10.81521062862401
2313.3064640994444,12.36024071842744
2333.347760164869,11.587725673525725
2353.3890562302936,13.905270808230869
2373.4303522957184,8.497665493918864
2393.4716483611433,6.18012035921372
2413.5129444265676,7.72515044901715
2433.5542404919925,9.656438061271437
2453.5955365574173,9.27018053882058
2473.6368326228417,8.497665493918864
2493.6781286882665,8.883923016369723
2513.7194247536913,7.72515044901715
2533.7607208191157,11.587725673525725
2553.8020168845405,4.63509026941029
2573.8433129499654,11.973983195976581
2593.8846090153897,10.81521062862401
2613.9259050808146,11.973983195976581
2633.9672011462394,9.656438061271437
2654.008497211664,11.587725673525725
2674.0497932770886,9.656438061271437
2694.0910893425134,8.883923016369723
2714.132385407938,9.27018053882058
2734.1736814733626,6.952635404115434
2754.2149775387875,8.497665493918864
2774.256273604212,10.81521062862401
2794.2975696696367,6.952635404115434
2814.3388657350615,6.18012035921372
2834.3801618004863,8.883923016369723
2854.4214578659107,3.476317702057717
2874.4627539313356,4.63509026941029
2894.5040499967604,10.042695583722294
2914.5453460621848,7.3388929265662926
2934.5866421276096,8.497665493918864
2954.6279381930344,6.952635404115434
2974.669234258459,8.497665493918864
2994.7105303238836,8.111407971468006
3014.7518263893085,6.952635404115434
3034.793122454733,8.111407971468006
3054.8344185201577,7.3388929265662926
3074.8757145855825,6.18012035921372
3094.917010651007,8.497665493918864
3114.9583067164317,5.021347791861147
3134.9996027818565,5.407605314312005
3155.040898847281,8.497665493918864
3175.0821949127057,9.656438061271437
3195.1234909781306,3.09006017960686
3215.164787043555,7.3388929265662926
3235.20608310898,4.248832746959432
3255.2473791744046,8.111407971468006
3275.288675239829,5.793862836762862
3295.329971305254,5.021347791861147
3315.3712673706787,2.7038026571560025
3335.4125634361035,3.476317702057717
3355.453859501528,3.09006017960686
3375.4951555669527,7.3388929265662926
3395.5364516323775,3.862575224508575
3415.577747697802,4.248832746959432
3435.6190437632267,6.952635404115434
3455.6603398286516,6.952635404115434
3475.701635894076,6.952635404115434
3495.7429319595008,4.63509026941029
3515.7842280249256,4.63509026941029
3535.82552409035,5.021347791861147
3555.866820155775,6.566377881664577
3575.9081162211996,5.021347791861147
3595.949412286624,8.111407971468006
3615.990708352049,3.862575224508575
3636.0320044174737,2.7038026571560025
3656.073300482898,3.476317702057717
3676.114596548323,3.476317702057717
3696.1558926137477,3.476317702057717
3716.197188679172,3.09006017960686
3736.238484744597,4.248832746959432
3756.2797808100217,3.862575224508575
3776.321076875446,3.476317702057717
3796.362372940871,4.248832746959432
3816.403669006296,4.248832746959432
3836.44496507172,1.9312876122542875
3856.486261137145,2.7038026571560025
3876.52755720257,1.9312876122542875
3896.5688532679947,5.021347791861147
3916.610149333419,3.09006017960686
3936.651445398844,3.476317702057717
3956.6927414642687,3.476317702057717
3976.734037529693,1.9312876122542875
3996.775333595118,4.248832746959432
4016.8166296605427,2.7038026571560025
4036.857925725967,0.3862575224508575
4056.899221791392,1.9312876122542875
4076.9405178568168,3.476317702057717
4096.981813922241,2.7038026571560025
4117.0231099876655,3.09006017960686
4137.06440605309,3.09006017960686
4157.105702118515,2.317545134705145
4177.14699818394,3.09006017960686
4197.188294249364,1.1587725673525724
4217.229590314789,2.317545134705145
4237.270886380214,4.248832746959432
4257.312182445638,2.7038026571560025
4277.353478511063,2.317545134705145
4297.394774576488,2.317545134705145
4317.436070641912,3.476317702057717
4337.477366707337,1.54503008980343
4357.518662772762,3.476317702057717
4377.5599588381865,1.54503008980343
4397.601254903611,1.9312876122542875
4417.642550969036,1.1587725673525724
4437.68384703446,0.3862575224508575
4457.725143099885,0.772515044901715
4477.76643916531,1.1587725673525724
4497.807735230735,2.317545134705145
4517.849031296159,0.772515044901715
4537.890327361584,1.9312876122542875
4557.931623427008,1.54503008980343
4577.972919492433,0.772515044901715
4598.014215557858,0.0
4618.055511623283,0.772515044901715
4638.0968076887075,0.3862575224508575
4658.138103754132,1.54503008980343
4678.179399819557,1.54503008980343
4698.220695884981,0.3862575224508575
4718.261991950406,1.1587725673525724
4738.303288015831,0.0
4758.344584081256,0.772515044901715
4778.38588014668,0.772515044901715
4798.427176212105,0.772515044901715
4818.468472277529,2.317545134705145
4838.509768342954,0.772515044901715
4858.551064408379,1.54503008980343
4878.592360473804,1.9312876122542875
4898.6336565392285,0.772515044901715
4918.674952604653,1.54503008980343
4938.716248670077,0.772515044901715
4958.757544735502,2.7038026571560025
4978.798840800927,1.1587725673525724
4998.840136866352,0.0
5018.8814329317765,0.0
5038.922728997201,0.772515044901715
5058.964025062625,0.3862575224508575
5079.00532112805,0.772515044901715
5099.046617193475,0.772515044901715
5119.0879132589,0.772515044901715
5139.129209324325,1.1587725673525724
5159.170505389749,0.0
5179.211801455174,1.1587725673525724
5199.253097520598,1.1587725673525724
5219.294393586023,1.54503008980343
5239.335689651448,0.772515044901715
5259.376985716873,1.54503008980343
5279.4182817822975,0.3862575224508575
5299.459577847722,0.772515044901715
5319.500873913146,1.54503008980343
5339.542169978571,1.1587725673525724
5359.583466043996,0.772515044901715
5379.624762109421,1.1587725673525724
5399.666058174846,1.1587725673525724
5419.70735424027,1.54503008980343
5439.748650305694,0.772515044901715
5459.789946371119,0.0
5479.831242436544,0.772515044901715
5499.872538501969,0.3862575224508575
5519.913834567394,0.0
5539.9551306328185,0.772515044901715
5559.996426698242,0.772515044901715
5580.037722763667,0.3862575224508575
5600.079018829092,1.1587725673525724
5620.120314894517,0.3862575224508575
5640.161610959942,0.772515044901715
5660.202907025367,0.772515044901715
5680.244203090791,0.772515044901715
5700.285499156215,1.1587725673525724
5720.32679522164,0.3862575224508575
5740.368091287065,0.772515044901715
5760.40938735249,0.3862575224508575
5780.450683417915,1.1587725673525724
5800.4919794833395,0.772515044901715
5820.533275548763,0.3862575224508575
5840.574571614188,0.0
5860.615867679613,0.3862575224508575
5880.657163745038,0.3862575224508575
5900.698459810463,1.54503008980343
5920.739755875888,0.0
5940.7810519413115,0.772515044901715
5960.822348006736,0.772515044901715
5980.863644072161,0.3862575224508575
6000.904940137586,0.772515044901715
6020.946236203011,0.3862575224508575
6040.987532268436,0.772515044901715
6061.02882833386,0.3862575224508575
6081.070124399284,0.3862575224508575
6101.111420464709,0.0
6121.152716530134,0.0
6141.194012595559,1.1587725673525724
6161.235308660984,1.1587725673525724
6181.276604726409,0.3862575224508575
6201.3179007918325,1.1587725673525724
6221.359196857257,0.772515044901715
6241.400492922682,1.1587725673525724
6261.441788988107,0.3862575224508575
6281.483085053532,0.3862575224508575
6301.524381118957,1.1587725673525724
6321.565677184381,1.54503008980343
6341.606973249805,1.9312876122542875
6361.64826931523,3.862575224508575
6381.689565380655,2.317545134705145
6401.73086144608,1.54503008980343
6421.772157511505,1.54503008980343
6441.813453576929,1.9312876122542875
6461.854749642353,0.772515044901715
6481.896045707778,0.3862575224508575
6501.937341773203,1.1587725673525724
6521.978637838628,1.1587725673525724
6542.019933904053,0.0
6562.061229969477,0.3862575224508575
6582.1025260349015,0.3862575224508575
6602.143822100326,0.3862575224508575
6622.185118165751,1.1587725673525724
6642.226414231176,0.0
6662.267710296601,1.1587725673525724
6682.309006362026,0.772515044901715
6702.35030242745,0.3862575224508575
6722.391598492874,0.0
6742.432894558299,0.3862575224508575
6762.474190623724,0.3862575224508575
6782.515486689149,0.0
6802.556782754574,0.3862575224508575
6822.598078819998,0.772515044901715
6842.6393748854225,0.772515044901715
6862.680670950847,0.0
6882.721967016272,0.772515044901715
6902.763263081697,0.0
6922.804559147122,0.0
6942.845855212546,1.1587725673525724
6962.887151277971,0.3862575224508575
6982.928447343395,0.772515044901715
7002.96974340882,0.0
7023.011039474245,1.1587725673525724
7043.05233553967,0.3862575224508575
7063.093631605094,1.54503008980343
7083.134927670519,0.772515044901715
7103.1762237359435,0.772515044901715
7123.217519801368,0.772515044901715
7143.258815866793,1.9312876122542875
7163.300111932218,1.1587725673525724
7183.341407997643,0.772515044901715
7203.382704063067,0.772515044901715
7223.424000128492,0.772515044901715
7243.465296193916,0.772515044901715
7263.506592259341,0.772515044901715
7283.547888324766,0.3862575224508575
7303.589184390191,0.3862575224508575
7323.630480455615,0.0
7343.67177652104,0.772515044901715
7363.7130725864645,1.1587725673525724
7383.754368651889,0.3862575224508575
7403.795664717314,0.772515044901715
7423.836960782739,0.3862575224508575
7443.878256848163,0.3862575224508575
7463.919552913588,0.0
7483.960848979013,0.3862575224508575
7504.002145044437,0.3862575224508575
7524.043441109862,1.54503008980343
7544.084737175287,1.1587725673525724
7564.126033240711,0.0
7584.167329306136,0.3862575224508575
7604.208625371561,0.3862575224508575
7624.2499214369855,0.3862575224508575
7644.29121750241,0.3862575224508575
7664.332513567835,0.3862575224508575
7684.373809633259,0.0
7704.415105698684,0.3862575224508575
7724.456401764109,0.0
7744.4976978295335,0.772515044901715
7764.538993894958,0.772515044901715
7784.580289960383,1.54503008980343
7804.621586025808,0.772515044901715
7824.662882091232,0.772515044901715
7844.704178156657,0.772515044901715
7864.745474222082,1.54503008980343
7884.786770287506,2.317545134705145
7904.828066352931,1.54503008980343
7924.869362418356,3.09006017960686
7944.91065848378,4.248832746959432
7964.951954549205,8.111407971468006
7984.99325061463,13.905270808230869
8005.0345466800545,14.291528330681727
8025.075842745479,18.1541035551903
8045.117138810904,16.222815942936013
8065.158434876328,19.312876122542875
8085.199730941753,13.132755763329154
8105.241027007178,6.952635404115434
8125.282323072603,6.18012035921372
8145.323619138027,6.952635404115434
8165.364915203452,3.862575224508575
8185.406211268876,0.772515044901715
8205.447507334302,0.3862575224508575
8225.488803399727,0.3862575224508575
8245.530099465152,1.9312876122542875
8265.571395530576,0.3862575224508575
8285.612691596001,0.772515044901715
8305.653987661426,1.1587725673525724
8325.69528372685,0.772515044901715
8345.736579792276,1.54503008980343
8365.7778758577,0.0
8385.819171923124,1.9312876122542875
8405.860467988548,0.772515044901715
8425.901764053973,1.54503008980343
8445.943060119398,1.1587725673525724
8465.984356184823,5.793862836762862
8486.025652250248,6.952635404115434
8506.066948315673,11.973983195976581
8526.108244381097,19.312876122542875
8546.149540446522,28.969314183814312
8566.190836511947,40.94329737979089
8586.232132577372,44.805872604299466
8606.273428642797,66.05003633909664
8626.31472470822,62.573718637038915
8646.356020773645,61.41494606968634
8666.39731683907,53.30353809821833
8686.438612904494,44.41961508184861
8706.479908969919,32.83188940832289
8726.521205035344,20.857906212346304
8746.562501100769,15.064043375583442
8766.603797166194,10.428953106173152
8786.645093231618,3.09006017960686
8806.686389297043,1.54503008980343
8826.727685362468,3.476317702057717
8846.768981427893,3.09006017960686
8866.810277493318,3.476317702057717
8886.85157355874,7.72515044901715
8906.892869624166,2.317545134705145
8926.93416568959,5.793862836762862
8946.975461755015,2.7038026571560025
8967.01675782044,1.9312876122542875
8987.058053885865,3.862575224508575
9007.09934995129,1.9312876122542875
9027.140646016715,1.1587725673525724
9047.18194208214,1.54503008980343
9067.223238147564,0.3862575224508575
9087.264534212989,0.772515044901715
9107.305830278414,0.772515044901715
9127.347126343837,0.3862575224508575
9147.388422409262,0.772515044901715
9167.429718474687,0.0
9187.471014540111,1.1587725673525724
9207.512310605536,0.3862575224508575
9227.553606670961,0.772515044901715
9247.594902736386,1.1587725673525724
9267.63619880181,0.772515044901715
9287.677494867236,1.9312876122542875
9307.71879093266,1.54503008980343
9327.760086998085,3.09006017960686
9347.80138306351,2.7038026571560025
9367.842679128935,3.09006017960686
9387.883975194358,5.021347791861147
9407.925271259783,5.021347791861147
9427.966567325208,5.407605314312005
9448.007863390632,6.566377881664577
9468.049159456057,5.407605314312005
9488.090455521482,6.18012035921372
9508.131751586907,10.81521062862401
9528.173047652332,8.883923016369723
9548.214343717756,11.973983195976581
9568.255639783181,14.291528330681727
9588.296935848606,12.36024071842744
9608.338231914031,7.3388929265662926
9628.379527979454,8.111407971468006
9648.420824044879,7.3388929265662926
9668.462120110304,4.63509026941029
9688.503416175728,4.248832746959432
9708.544712241153,1.9312876122542875
9728.586008306578,0.772515044901715
9748.627304372003,0.772515044901715
9768.668600437428,0.772515044901715
9788.709896502853,0.3862575224508575
9808.751192568277,0.3862575224508575
9828.792488633702,0.0
9848.833784699127,0.3862575224508575
9868.875080764552,0.0
9888.916376829975,0.0
9908.9576728954,0.3862575224508575
9928.998968960825,0.772515044901715
9949.04026502625,0.0
9969.081561091674,0.3862575224508575
9989.1228571571,0.0
10009.164153222524,0.3862575224508575
10029.205449287949,0.3862575224508575
10049.246745353374,0.772515044901715
10069.288041418798,0.0
10089.329337484223,0.772515044901715
10109.370633549648,0.3862575224508575
10129.411929615071,0.3862575224508575
10149.453225680496,0.772515044901715
10169.49452174592,0.3862575224508575
10189.535817811346,1.1587725673525724
10209.57711387677,0.3862575224508575
10229.618409942195,0.772515044901715
10249.65970600762,0.0
10269.701002073045,0.0
10289.74229813847,1.1587725673525724
10309.783594203895,1.1587725673525724
10329.82489026932,1.1587725673525724
10349.866186334744,0.0
10369.90748240017,0.0
10389.948778465592,1.1587725673525724
10409.990074531017,0.772515044901715
10430.031370596442,0.3862575224508575
10450.072666661867,0.0
10470.113962727291,1.9312876122542875
10490.155258792716,0.0
10510.196554858141,0.3862575224508575
10530.237850923566,1.54503008980343
10550.27914698899,1.1587725673525724
10570.320443054416,1.1587725673525724
10590.36173911984,2.317545134705145
10610.403035185265,1.9312876122542875
10630.444331250688,4.248832746959432
10650.485627316113,5.793862836762862
10670.526923381538,13.519013285780012
10690.568219446963,12.36024071842744
10710.609515512388,18.54036107764116
10730.650811577812,25.106738959305737
10750.692107643237,30.128086751166883
10770.733403708662,43.26084251449604
10790.774699774087,44.03335755939775
10810.815995839512,52.531023053316616
10830.857291904937,63.346233681940625
10850.898587970361,59.097400934981195
10870.939884035786,60.256173502333766
10890.98118010121,55.23482571047262
10911.022476166634,40.55703985734004
10931.063772232059,27.424284094010883
10951.105068297484,18.54036107764116
10971.146364362909,12.746498240878298
10991.187660428333,8.111407971468006
11011.228956493758,2.7038026571560025
11031.270252559183,3.476317702057717
11051.311548624608,1.1587725673525724
11071.352844690033,1.9312876122542875
11091.394140755458,0.3862575224508575
11111.435436820882,0.772515044901715
11131.476732886305,1.1587725673525724
11151.51802895173,0.0
11171.559325017155,0.3862575224508575
11191.60062108258,1.54503008980343
11211.641917148005,0.772515044901715
11231.68321321343,0.772515044901715
11251.724509278854,0.772515044901715
11271.76580534428,0.772515044901715
11291.807101409704,0.0
11311.848397475129,0.0
11331.889693540554,0.0
11351.930989605979,0.772515044901715
11371.972285671403,0.772515044901715
11392.013581736826,0.3862575224508575
11412.054877802251,0.0
11432.096173867676,0.3862575224508575
11452.1374699331,1.54503008980343
11472.178765998526,0.3862575224508575
11492.22006206395,0.0
11512.261358129375,1.54503008980343
11532.3026541948,0.0
11552.343950260225,1.1587725673525724
11572.38524632565,0.772515044901715
11592.426542391075,1.1587725673525724
11612.4678384565,0.772515044901715
11632.509134521923,1.1587725673525724
11652.550430587347,1.1587725673525724
11672.591726652772,1.54503008980343
11692.633022718197,1.1587725673525724
11712.674318783622,3.862575224508575
11732.715614849047,0.3862575224508575
11752.756910914472,0.772515044901715
11772.798206979896,1.9312876122542875
11792.839503045321,0.772515044901715
11812.880799110746,1.9312876122542875
11832.92209517617,0.3862575224508575
11852.963391241596,0.772515044901715
11873.00468730702,0.3862575224508575
11893.045983372444,1.54503008980343
11913.087279437868,0.3862575224508575
11933.128575503293,0.772515044901715
11953.169871568718,0.3862575224508575
11973.211167634143,0.3862575224508575
11993.252463699568,0.0
12013.293759764993,0.0
12033.335055830417,0.772515044901715
12053.376351895842,0.0
12073.417647961267,1.1587725673525724
12093.458944026692,1.9312876122542875
12113.500240092117,0.3862575224508575
12133.54153615754,0.3862575224508575
12153.582832222964,0.0
12173.62412828839,0.772515044901715
12193.665424353814,1.1587725673525724
12213.706720419239,1.1587725673525724
12233.748016484664,1.1587725673525724
12253.789312550089,0.0
12273.830608615513,0.0
12293.871904680938,0.3862575224508575
12313.913200746363,1.54503008980343
12333.954496811788,0.772515044901715
12353.995792877213,1.54503008980343
12374.037088942638,0.772515044901715
12394.07838500806,0.772515044901715
12414.119681073485,1.54503008980343
12434.16097713891,1.54503008980343
12454.202273204335,1.9312876122542875
12474.24356926976,2.7038026571560025
12494.284865335185,0.772515044901715
12514.32616140061,3.09006017960686
12534.367457466034,2.7038026571560025
12554.40875353146,4.248832746959432
12574.450049596884,2.7038026571560025
12594.491345662309,3.476317702057717
12614.532641727734,5.793862836762862
12634.573937793157,3.476317702057717
12654.615233858582,5.021347791861147
12674.656529924006,4.248832746959432
12694.697825989431,5.407605314312005
12714.739122054856,6.18012035921372
12734.780418120281,2.317545134705145
12754.821714185706,4.63509026941029
12774.86301025113,3.476317702057717
12794.904306316555,4.63509026941029
12814.94560238198,7.3388929265662926
12834.986898447405,12.36024071842744
12855.02819451283,11.973983195976581
12875.069490578255,16.99533098783773
12895.110786643678,20.471648689895446
12915.152082709103,28.196799138912596
12935.193378774527,37.08072215528232
12955.234674839952,46.737160216553754
12975.275970905377,55.23482571047262
12995.317266970802,73.77518678811379
13015.358563036227,65.66377881664577
13035.399859101652,57.16611332272691
13055.441155167076,55.23482571047262
13075.482451232501,52.531023053316616
13095.523747297926,39.398267289987466
13115.565043363351,31.673116840970312
13135.606339428774,26.651769049109166
13155.647635494199,16.60907346538687
13175.688931559624,12.36024071842744
13195.730227625048,13.132755763329154
13215.771523690473,10.81521062862401
13235.812819755898,9.27018053882058
13255.854115821323,10.042695583722294
13275.895411886748,6.566377881664577
13295.936707952173,5.021347791861147
13315.978004017597,4.63509026941029
13336.019300083022,3.862575224508575
13356.060596148447,3.862575224508575
13376.101892213872,3.862575224508575
13396.143188279295,3.862575224508575
13416.18448434472,3.862575224508575
13436.225780410145,6.566377881664577
13456.26707647557,2.317545134705145
13476.308372540994,3.09006017960686
13496.349668606419,0.772515044901715
13516.390964671844,1.1587725673525724
13536.432260737269,1.9312876122542875
13556.473556802694,1.54503008980343
13576.514852868118,0.3862575224508575
13596.556148933543,0.3862575224508575
13616.597444998968,0.772515044901715
13636.638741064391,0.772515044901715
13656.680037129816,0.772515044901715
13676.72133319524,0.772515044901715
13696.762629260666,1.1587725673525724
13716.80392532609,1.1587725673525724
13736.845221391515,1.1587725673525724
13756.88651745694,0.3862575224508575
13776.927813522365,0.772515044901715
13796.96910958779,0.772515044901715
13817.010405653215,1.1587725673525724
13837.05170171864,0.772515044901715
13857.092997784064,0.3862575224508575
13877.134293849489,0.772515044901715
13897.175589914912,0.772515044901715
13917.216885980337,1.1587725673525724
13937.258182045762,1.54503008980343
13957.299478111187,0.0
13977.340774176611,3.09006017960686
13997.382070242036,1.9312876122542875
14017.423366307461,1.54503008980343
14037.464662372886,3.09006017960686
14057.50595843831,4.63509026941029
14077.547254503736,4.248832746959432
14097.58855056916,5.793862836762862
14117.629846634585,5.793862836762862
14137.671142700008,4.63509026941029
14157.712438765433,8.497665493918864
14177.753734830858,6.18012035921372
14197.795030896283,6.18012035921372
14217.836326961708,3.09006017960686
14237.877623027132,1.54503008980343
14257.918919092557,3.476317702057717
14277.960215157982,1.9312876122542875
14298.001511223407,3.09006017960686
14318.042807288832,1.9312876122542875
14338.084103354257,2.317545134705145
14358.125399419681,1.54503008980343
14378.166695485106,1.1587725673525724
14398.20799155053,0.0
14418.249287615954,0.0
14438.290583681379,1.1587725673525724
14458.331879746804,1.1587725673525724
14478.373175812229,0.3862575224508575
14498.414471877653,0.772515044901715
14518.455767943078,1.54503008980343
14538.497064008503,0.3862575224508575
14558.538360073928,0.3862575224508575
14578.579656139353,0.3862575224508575
14598.620952204777,1.1587725673525724
14618.662248270202,0.772515044901715
14638.703544335625,0.3862575224508575
14658.74484040105,0.3862575224508575
14678.786136466475,1.9312876122542875
14698.8274325319,0.772515044901715
14718.868728597325,1.54503008980343
14738.91002466275,2.317545134705145
14758.951320728174,1.54503008980343
14778.9926167936,2.317545134705145
14799.033912859024,1.9312876122542875
14819.075208924449,3.476317702057717
14839.116504989874,1.1587725673525724
14859.157801055298,2.317545134705145
14879.199097120723,3.09006017960686
14899.240393186146,1.9312876122542875
14919.281689251571,0.772515044901715
14939.322985316996,2.317545134705145
14959.36428138242,1.9312876122542875
14979.405577447846,0.772515044901715
14999.44687351327,1.54503008980343
15019.488169578695,3.862575224508575
15039.52946564412,1.1587725673525724
15059.570761709545,4.248832746959432
15079.61205777497,4.248832746959432
15099.653353840395,4.63509026941029
15119.69464990582,5.407605314312005
15139.735945971242,5.793862836762862
15159.777242036667,4.63509026941029
15179.818538102092,8.497665493918864
15199.859834167517,12.36024071842744
15219.901130232942,10.428953106173152
15239.942426298367,10.428953106173152
15259.983722363791,10.81521062862401
15280.025018429216,11.201468151074867
15300.066314494641,9.656438061271437
15320.107610560066,9.656438061271437
15340.14890662549,8.497665493918864
15360.190202690916,7.72515044901715
15380.231498756339,4.248832746959432
15400.272794821763,4.248832746959432
15420.314090887188,6.18012035921372
15440.355386952613,2.7038026571560025
15460.396683018038,2.7038026571560025
15480.437979083463,3.862575224508575
15500.479275148888,8.111407971468006
15520.520571214312,5.021347791861147
15540.561867279737,8.497665493918864
15560.603163345162,13.905270808230869
15580.644459410587,18.926618600092016
15600.685755476012,20.085391167444588
15620.727051541437,27.038026571560025
15640.76834760686,33.6044044532246
15660.809643672284,48.66844782880804
15680.85093973771,46.3509026941029
15700.892235803134,58.32488589007948
15720.933531868559,56.00734075537434
15740.974827933984,45.57838764920118
15761.016123999409,55.621083232923475
15781.057420064833,58.71114341253034
15801.098716130258,43.26084251449604
15821.140012195683,35.921949587929745
15841.181308261108,33.21814693077374
15861.222604326533,27.810541616461737
15881.263900391956,24.72048143685488
15901.30519645738,12.36024071842744
15921.346492522805,11.587725673525725
15941.38778858823,9.656438061271437
15961.429084653655,6.952635404115434
15981.47038071908,3.862575224508575
16001.511676784505,4.248832746959432
16021.55297284993,3.862575224508575
16041.594268915354,3.476317702057717
16061.63556498078,3.09006017960686
16081.676861046204,1.9312876122542875
16101.718157111629,2.7038026571560025
16121.759453177054,2.317545134705145
16141.800749242477,1.9312876122542875
16161.842045307902,3.476317702057717
16181.883341373326,1.9312876122542875
16201.924637438751,4.248832746959432
16221.965933504176,3.476317702057717
16242.0072295696,3.476317702057717
16262.048525635026,2.7038026571560025
16282.08982170045,1.9312876122542875
16302.131117765875,0.772515044901715
16322.1724138313,2.7038026571560025
16342.213709896725,2.317545134705145
16362.25500596215,3.09006017960686
16382.296302027573,4.248832746959432
16402.337598092996,3.862575224508575
16422.37889415842,4.248832746959432
16442.420190223846,3.09006017960686
16462.46148628927,2.7038026571560025
16482.502782354695,4.63509026941029
16502.54407842012,2.7038026571560025
16522.585374485545,2.317545134705145
16542.62667055097,4.63509026941029
16562.667966616395,2.317545134705145
16582.70926268182,5.793862836762862
16602.750558747244,3.09006017960686
16622.79185481267,5.407605314312005
16642.833150878094,3.476317702057717
16662.87444694352,4.63509026941029
16682.915743008944,2.7038026571560025
16702.95703907437,5.021347791861147
16722.998335139793,4.248832746959432
16743.039631205218,3.09006017960686
16763.08092727064,7.3388929265662926
16783.122223336064,1.54503008980343
16803.16351940149,5.407605314312005
16823.204815466914,3.09006017960686
16843.24611153234,4.248832746959432
16863.287407597763,4.63509026941029
16883.32870366319,3.476317702057717
16903.369999728613,3.09006017960686
16923.411295794038,4.248832746959432
16943.452591859463,3.862575224508575
16963.493887924888,4.248832746959432
16983.535183990312,1.9312876122542875
17003.576480055737,6.952635404115434
17023.617776121162,4.248832746959432
17043.659072186587,4.248832746959432
17063.70036825201,3.09006017960686
17083.741664317437,3.862575224508575
17103.78296038286,7.72515044901715
17123.824256448286,3.476317702057717
17143.86555251371,4.248832746959432
17163.906848579136,6.18012035921372
17183.94814464456,7.72515044901715
17203.989440709986,6.952635404115434
17224.03073677541,7.72515044901715
17244.072032840835,10.81521062862401
17264.113328906256,10.428953106173152
17284.15462497168,14.677785853132585
17304.195921037106,15.836558420485156
17324.23721710253,20.857906212346304
17344.278513167956,20.857906212346304
17364.31980923338,30.9006017960686
17384.361105298805,30.128086751166883
17404.40240136423,35.53569206547889
17424.443697429655,35.53569206547889
17444.48499349508,33.6044044532246
17464.526289560505,32.445631885872025
17484.56758562593,37.46697967773318
17504.608881691354,31.286859318519458
17524.65017775678,27.424284094010883
17544.691473822204,25.106738959305737
17564.73276988763,28.196799138912596
17584.774065953054,26.651769049109166
17604.81536201848,25.106738959305737
17624.856658083903,24.33422391440402
17644.897954149328,16.222815942936013
17664.939250214753,16.222815942936013
17684.980546280178,10.042695583722294
17705.021842345603,19.699133644993733
17725.063138411027,10.81521062862401
17745.104434476452,12.36024071842744
17765.145730541873,13.132755763329154
17785.1870266073,11.201468151074867
17805.228322672723,7.72515044901715
17825.269618738148,12.36024071842744
17845.310914803573,12.746498240878298
17865.352210868998,9.27018053882058
17885.393506934422,12.746498240878298
17905.434802999847,10.81521062862401
17925.476099065272,8.111407971468006
17945.517395130697,10.042695583722294
17965.55869119612,11.201468151074867
17985.599987261547,9.656438061271437
18005.64128332697,10.428953106173152
18025.682579392396,13.519013285780012
18045.72387545782,11.587725673525725
18065.765171523246,11.201468151074867
18085.80646758867,13.132755763329154
18105.847763654096,11.973983195976581
18125.88905971952,11.973983195976581
18145.930355784945,11.587725673525725
18165.97165185037,12.36024071842744
18186.012947915795,10.81521062862401
18206.05424398122,11.201468151074867
18226.095540046645,15.836558420485156
18246.13683611207,11.587725673525725
18266.17813217749,15.836558420485156
18286.219428242915,16.222815942936013
18306.26072430834,16.60907346538687
18326.302020373765,13.132755763329154
18346.34331643919,14.677785853132585
18366.384612504615,15.4503008980343
18386.42590857004,17.381588510288587
18406.467204635464,15.064043375583442
18426.50850070089,16.60907346538687
18446.549796766314,16.222815942936013
18466.59109283174,16.99533098783773
18486.632388897164,19.699133644993733
18506.67368496259,17.767846032739445
18526.714981028013,16.99533098783773
18546.75627709344,22.402936302149733
18566.797573158863,25.492996481756595
18586.838869224288,32.05937436342117
18606.880165289713,23.947966391953162
18626.921461355138,28.969314183814312
18646.962757420562,32.445631885872025
18667.004053485987,30.128086751166883
18687.045349551412,37.85323720018403
18707.086645616837,40.55703985734004
18727.12794168226,37.46697967773318
18747.169237747687,47.123417739004616
18767.210533813108,43.26084251449604
18787.251829878533,40.170782334889175
18807.293125943957,53.30353809821833
18827.334422009382,50.213477918611474
18847.375718074807,47.123417739004616
18867.417014140232,45.96464517165204
18887.458310205657,48.66844782880804
18907.49960627108,61.8012035921372
18927.540902336506,44.805872604299466
18947.58219840193,48.28219030635719
18967.623494467356,45.96464517165204
18987.66479053278,45.57838764920118
19007.706086598206,51.372250485964045
19027.74738266363,48.66844782880804
19047.788678729055,50.59973544106233
19067.82997479448,48.66844782880804
19087.871270859905,40.94329737979089
19107.91256692533,39.012009767536604
19127.953862990755,37.85323720018403
19147.99515905618,31.286859318519458
19168.036455121604,39.78452481243832
19188.07775118703,42.488327469594324
19208.119047252454,33.99066197567546
19228.16034331788,37.08072215528232
19248.201639383304,34.37691949812631
19268.242935448725,30.9006017960686
19288.28423151415,32.83188940832289
19308.325527579575,35.14943454302803
19328.366823645,27.810541616461737
19348.408119710424,27.810541616461737
19368.44941577585,23.561708869502308
19388.490711841274,21.63042125724802
19408.5320079067,22.016678779698875
19428.573303972124,20.857906212346304
19448.61460003755,25.106738959305737
19468.655896102973,23.947966391953162
19488.697192168398,25.492996481756595
19508.738488233823,19.312876122542875
19528.779784299248,23.17545134705145
19548.821080364673,20.857906212346304
19568.862376430097,17.381588510288587
19588.903672495522,28.969314183814312
19608.944968560947,22.78919382460059
19628.986264626372,22.402936302149733
19649.027560691797,18.926618600092016
19669.06885675722,23.561708869502308
19689.110152822646,19.312876122542875
19709.15144888807,15.836558420485156
19729.192744953496,17.381588510288587
19749.23404101892,20.471648689895446
19769.275337084342,15.4503008980343
19789.316633149767,18.54036107764116
19809.35792921519,17.767846032739445
19829.399225280617,18.1541035551903
19849.44052134604,16.99533098783773
19869.481817411466,16.222815942936013
19889.52311347689,15.836558420485156
19909.564409542316,21.63042125724802
19929.60570560774,14.291528330681727
19949.647001673166,20.857906212346304
19969.68829773859,20.085391167444588
19989.729593804015,16.99533098783773
20009.77088986944,25.106738959305737
20029.812185934865,25.492996481756595
20049.85348200029,24.72048143685488
20069.894778065714,32.05937436342117
20089.93607413114,27.038026571560025
20109.977370196564,23.17545134705145
20130.01866626199,27.424284094010883
20150.059962327414,25.87925400420745
20170.10125839284,27.038026571560025
20190.142554458263,30.9006017960686
20210.18385052369,31.673116840970312
20230.225146589113,32.445631885872025
20250.266442654538,26.265511526658308
20270.30773871996,20.857906212346304
20290.349034785384,16.99533098783773
20310.39033085081,23.947966391953162
20330.431626916234,25.106738959305737
20350.47292298166,23.17545134705145
20370.514219047083,21.63042125724802
20390.555515112508,17.767846032739445
20410.596811177933,21.63042125724802
20430.638107243358,20.857906212346304
20450.679403308783,25.492996481756595
20470.720699374207,18.54036107764116
20490.761995439632,18.54036107764116
20510.803291505057,23.17545134705145
20530.844587570482,21.63042125724802
20550.885883635907,19.699133644993733
20570.92717970133,24.33422391440402
20590.968475766756,16.60907346538687
20611.00977183218,24.33422391440402
20631.051067897606,16.99533098783773
20651.09236396303,20.857906212346304
20671.133660028456,19.699133644993733
20691.17495609388,30.128086751166883
20711.216252159305,25.492996481756595
20731.25754822473,26.651769049109166
20751.298844290155,23.17545134705145
20771.340140355576,28.196799138912596
20791.381436421,29.35557170626517
20811.422732486426,33.6044044532246
20831.46402855185,27.424284094010883
20851.505324617276,27.038026571560025
20871.5466206827,25.87925400420745
20891.587916748125,33.21814693077374
20911.62921281355,33.21814693077374
20931.670508878975,32.445631885872025
20951.7118049444,29.741829228716025
20971.753101009825,31.286859318519458
20991.79439707525,29.741829228716025
21011.835693140674,28.196799138912596
21031.8769892061,39.398267289987466
21051.918285271524,35.921949587929745
21071.95958133695,40.94329737979089
21092.000877402374,45.96464517165204
21112.0421734678,40.170782334889175
21132.083469533223,39.012009767536604
21152.124765598648,35.921949587929745
21172.166061664073,39.78452481243832
21192.207357729498,37.08072215528232
21212.248653794923,40.55703985734004
21232.289949860347,37.46697967773318
21252.331245925772,32.05937436342117
21272.372541991193,40.94329737979089
21292.41383805662,35.921949587929745
21312.455134122043,43.26084251449604
21332.496430187468,35.53569206547889
21352.537726252893,32.83188940832289
21372.579022318318,40.170782334889175
21392.620318383742,43.26084251449604
21412.661614449167,36.69446463283146
21432.702910514592,32.445631885872025
21452.744206580017,36.3082071103806
21472.78550264544,25.87925400420745
21492.826798710867,39.012009767536604
21512.86809477629,31.286859318519458
21532.909390841716,36.3082071103806
21552.95068690714,26.651769049109166
21572.991982972566,30.128086751166883
21593.03327903799,31.673116840970312
21613.074575103416,30.128086751166883
21633.11587116884,28.196799138912596
21653.157167234265,32.83188940832289
21673.19846329969,29.35557170626517
21693.239759365115,27.038026571560025
21713.28105543054,27.810541616461737
21733.322351495965,30.51434427361774
21753.36364756139,27.424284094010883
21773.40494362681,25.106738959305737
21793.446239692235,33.21814693077374
21813.48753575766,24.33422391440402
21833.528831823085,23.561708869502308
21853.57012788851,29.741829228716025
21873.611423953935,26.651769049109166
21893.65272001936,30.51434427361774
21913.694016084784,24.72048143685488
21933.73531215021,26.651769049109166
21953.776608215634,31.286859318519458
21973.81790428106,28.969314183814312
21993.859200346484,27.424284094010883
22013.90049641191,23.947966391953162
22033.941792477333,25.492996481756595
22053.98308854276,21.244163734797162
22074.024384608183,24.72048143685488
22094.065680673608,21.244163734797162
22114.106976739033,23.561708869502308
22134.148272804458,27.810541616461737
22154.189568869882,33.21814693077374
22174.230864935307,26.265511526658308
22194.272161000732,25.492996481756595
22214.313457066157,28.583056661363454
22234.35475313158,25.106738959305737
22254.396049197007,25.492996481756595
22274.437345262428,28.196799138912596
22294.478641327853,22.016678779698875
22314.519937393277,28.196799138912596
22334.561233458702,23.17545134705145
22354.602529524127,30.128086751166883
22374.643825589552,20.857906212346304
22394.685121654977,20.471648689895446
22414.7264177204,30.128086751166883
22434.767713785826,23.561708869502308
22454.80900985125,23.947966391953162
22474.850305916676,22.78919382460059
22494.8916019821,24.33422391440402
22514.932898047526,30.128086751166883
22534.97419411295,26.265511526658308
22555.015490178375,28.583056661363454
22575.0567862438,27.810541616461737
22595.098082309225,32.05937436342117
22615.13937837465,27.424284094010883
22635.180674440075,33.21814693077374
22655.2219705055,28.583056661363454
22675.263266570924,33.6044044532246
22695.30456263635,33.21814693077374
22715.345858701774,33.21814693077374
22735.3871547672,30.9006017960686
22755.428450832624,25.106738959305737
22775.469746898045,30.128086751166883
22795.51104296347,31.673116840970312
22815.552339028894,25.492996481756595
22835.59363509432,34.763177020577174
22855.634931159744,25.492996481756595
22875.67622722517,27.424284094010883
22895.717523290594,23.561708869502308
22915.75881935602,30.128086751166883
22935.800115421443,26.265511526658308
22955.84141148687,27.810541616461737
22975.882707552293,21.244163734797162
22995.924003617718,32.445631885872025
23015.965299683143,21.63042125724802
23036.006595748568,35.14943454302803
23056.047891813992,29.741829228716025
23076.089187879417,34.763177020577174
23096.130483944842,27.810541616461737
23116.171780010267,24.72048143685488
23136.21307607569,27.810541616461737
23156.254372141117,31.286859318519458
23176.29566820654,23.561708869502308
23196.336964271966,27.424284094010883
23216.37826033739,30.9006017960686
23236.419556402816,32.445631885872025
23256.46085246824,28.969314183814312
23276.502148533662,31.673116840970312
23296.543444599087,29.35557170626517
23316.58474066451,27.038026571560025
23336.626036729936,32.445631885872025
23356.66733279536,28.969314183814312
23376.708628860786,31.673116840970312
23396.74992492621,33.6044044532246
23416.791220991636,29.35557170626517
23436.83251705706,25.87925400420745
23456.873813122485,31.673116840970312
23476.91510918791,39.78452481243832
23496.956405253335,25.87925400420745
23516.99770131876,23.947966391953162
23537.038997384185,32.05937436342117
23557.08029344961,33.6044044532246
23577.121589515034,30.128086751166883
23597.16288558046,26.651769049109166
23617.204181645884,32.05937436342117
23637.24547771131,30.128086751166883
23657.286773776734,26.651769049109166
23677.32806984216,30.51434427361774
23697.369365907583,30.9006017960686
23717.41066197301,33.6044044532246
23737.451958038433,30.51434427361774
23757.493254103858,28.583056661363454
23777.53455016928,30.9006017960686
23797.575846234704,35.53569206547889
23817.61714230013,33.21814693077374
23837.658438365554,35.921949587929745
23857.69973443098,31.286859318519458
23877.741030496403,33.99066197567546
23897.782326561828,30.51434427361774
23917.823622627253,37.08072215528232
23937.864918692678,32.445631885872025
23957.906214758103,39.398267289987466
23977.947510823527,32.445631885872025
23997.988806888952,28.196799138912596
24018.030102954377,34.37691949812631
24038.071399019802,35.14943454302803
24058.112695085227,38.62575224508575
24078.15399115065,37.46697967773318
24098.195287216076,31.673116840970312
24118.2365832815,37.08072215528232
24138.277879346926,39.398267289987466
24158.31917541235,30.128086751166883
24178.360471477776,29.741829228716025
24198.4017675432,27.810541616461737
24218.443063608625,30.51434427361774
24238.48435967405,35.53569206547889
24258.525655739475,32.445631885872025
24278.566951804896,35.921949587929745
24298.60824787032,31.286859318519458
24318.649543935746,31.673116840970312
24338.69084000117,26.651769049109166
24358.732136066596,35.14943454302803
24378.77343213202,29.741829228716025
24398.814728197445,29.741829228716025
24418.85602426287,34.763177020577174
24438.897320328295,37.46697967773318
24458.93861639372,29.35557170626517
24478.979912459145,28.196799138912596
24499.02120852457,38.23949472263489
24519.062504589994,29.741829228716025
24539.10380065542,36.3082071103806
24559.145096720844,35.53569206547889
24579.18639278627,28.969314183814312
24599.227688851694,36.3082071103806
24619.26898491712,28.196799138912596
24639.310280982543,27.810541616461737
24659.351577047968,37.08072215528232
24679.392873113393,32.05937436342117
24699.434169178818,33.99066197567546
24719.475465244243,39.398267289987466
24739.516761309667,32.445631885872025
24759.558057375092,26.265511526658308
24779.599353440513,40.170782334889175
24799.64064950594,32.445631885872025
24819.681945571363,37.08072215528232
24839.723241636788,33.6044044532246
24859.764537702213,33.99066197567546
24879.805833767638,37.46697967773318
24899.847129833062,35.14943454302803
24919.888425898487,33.21814693077374
24939.929721963912,35.14943454302803
24959.971018029337,35.53569206547889
24980.01231409476,37.08072215528232
25000.053610160187,34.37691949812631
25020.09490622561,32.83188940832289
25040.136202291036,38.23949472263489
25060.17749835646,38.62575224508575
25080.218794421886,35.14943454302803
25100.26009048731,35.921949587929745
25120.301386552735,37.08072215528232
25140.34268261816,37.85323720018403
25160.383978683585,36.3082071103806
25180.42527474901,42.87458499204518
25200.466570814435,39.398267289987466
25220.50786687986,36.3082071103806
25240.549162945284,36.3082071103806
25260.59045901071,46.737160216553754
25280.63175507613,39.012009767536604
25300.673051141555,36.69446463283146
25320.71434720698,34.37691949812631
25340.755643272405,40.170782334889175
25360.79693933783,34.763177020577174
25380.838235403255,34.763177020577174
25400.87953146868,40.94329737979089
25420.920827534104,33.99066197567546
25440.96212359953,30.51434427361774
25461.003419664954,28.969314183814312
25481.04471573038,34.763177020577174
25501.086011795804,31.286859318519458
25521.12730786123,29.741829228716025
25541.168603926653,35.53569206547889
25561.209899992078,32.05937436342117
25581.251196057503,33.21814693077374
25601.292492122928,36.69446463283146
25621.333788188353,30.9006017960686
25641.375084253777,37.08072215528232
25661.416380319202,34.37691949812631
25681.457676384627,33.21814693077374
25701.498972450052,33.6044044532246
25721.540268515477,44.41961508184861
25741.5815645809,30.9006017960686
25761.622860646326,37.08072215528232
25781.664156711748,38.62575224508575
25801.705452777172,36.3082071103806
25821.746748842597,30.128086751166883
25841.788044908022,34.37691949812631
25861.829340973447,28.583056661363454
25881.87063703887,34.763177020577174
25901.911933104297,32.83188940832289
25921.95322916972,35.921949587929745
25941.994525235146,37.08072215528232
25962.03582130057,39.012009767536604
25982.077117365996,34.763177020577174
26002.11841343142,34.37691949812631
26022.159709496846,28.969314183814312
26042.20100556227,36.3082071103806
26062.242301627695,32.445631885872025
26082.28359769312,30.51434427361774
26102.324893758545,35.921949587929745
26122.36618982397,32.83188940832289
26142.407485889395,33.6044044532246
26162.44878195482,33.6044044532246
26182.490078020244,41.32955490224175
26202.53137408567,38.23949472263489
26222.572670151094,39.78452481243832
26242.61396621652,32.83188940832289
26262.655262281944,33.99066197567546
26282.696558347365,35.53569206547889
26302.73785441279,40.94329737979089
26322.779150478214,33.21814693077374
26342.82044654364,30.128086751166883
26362.861742609064,40.55703985734004
26382.90303867449,33.99066197567546
26402.944334739914,37.85323720018403
26422.98563080534,37.46697967773318
26443.026926870763,31.673116840970312
26463.06822293619,32.83188940832289
26483.109519001613,31.673116840970312
26503.150815067038,37.08072215528232
26523.192111132463,33.21814693077374
26543.233407197888,37.46697967773318
26563.274703263312,35.14943454302803
26583.315999328737,33.21814693077374
26603.357295394162,29.741829228716025
26623.398591459587,40.55703985734004
26643.43988752501,40.170782334889175
26663.481183590437,32.445631885872025
26683.52247965586,30.51434427361774
26703.563775721286,37.46697967773318
26723.60507178671,40.55703985734004
26743.646367852136,30.128086751166883
26763.68766391756,47.123417739004616
26783.728959982982,41.71581242469261
26803.770256048407,35.921949587929745
26823.81155211383,37.46697967773318
26843.852848179256,34.37691949812631
26863.89414424468,27.424284094010883
26883.935440310106,30.9006017960686
26903.97673637553,41.32955490224175
26924.018032440956,42.10206994714346
26944.05932850638,32.05937436342117
26964.100624571805,35.921949587929745
26984.14192063723,35.53569206547889
27004.183216702655,40.94329737979089
27024.22451276808,31.673116840970312
27044.265808833505,37.85323720018403
27064.30710489893,37.08072215528232
27084.348400964354,30.51434427361774
27104.38969702978,39.78452481243832
27124.430993095204,35.53569206547889
27144.47228916063,32.445631885872025
27164.513585226054,43.26084251449604
27184.55488129148,36.69446463283146
27204.596177356903,39.012009767536604
27224.63747342233,36.3082071103806
27244.678769487753,35.921949587929745
27264.720065553178,37.46697967773318
27284.7613616186,39.012009767536604
27304.802657684024,35.53569206547889
27324.84395374945,37.85323720018403
27344.885249814874,35.921949587929745
27364.9265458803,37.08072215528232
27384.967841945723,32.05937436342117
27405.009138011148,33.6044044532246
27425.050434076573,34.763177020577174
27445.091730141998,39.012009767536604
27465.133026207423,40.55703985734004
27485.174322272847,33.6044044532246
27505.215618338272,39.012009767536604
27525.256914403697,39.78452481243832
27545.298210469122,34.37691949812631
27565.339506534547,40.94329737979089
27585.38080259997,38.62575224508575
27605.422098665396,25.492996481756595
27625.46339473082,37.46697967773318
27645.504690796246,37.46697967773318
27665.54598686167,35.921949587929745
27685.587282927096,39.012009767536604
27705.62857899252,32.445631885872025
27725.669875057945,36.69446463283146
27745.71117112337,31.673116840970312
27765.752467188795,26.265511526658308
27785.793763254216,40.94329737979089
27805.83505931964,35.53569206547889
27825.876355385066,35.921949587929745
27845.91765145049,35.14943454302803
27865.958947515915,36.69446463283146
27886.00024358134,30.51434427361774
27906.041539646765,35.14943454302803
27926.08283571219,41.71581242469261
27946.124131777615,39.012009767536604
27966.16542784304,32.05937436342117
27986.206723908464,30.9006017960686
28006.24801997389,35.53569206547889
28026.289316039314,32.445631885872025
28046.33061210474,39.398267289987466
28066.371908170164,33.6044044532246
28086.41320423559,25.106738959305737
28106.454500301013,33.21814693077374
28126.49579636644,33.6044044532246
28146.537092431863,37.08072215528232
28166.578388497288,42.10206994714346
28186.619684562713,33.6044044532246
28206.660980628138,38.62575224508575
28226.702276693562,37.85323720018403
28246.743572758987,35.53569206547889
28266.784868824412,37.08072215528232
28286.826164889833,32.445631885872025
28306.867460955258,33.6044044532246
28326.908757020683,30.9006017960686
28346.950053086108,33.6044044532246
28366.991349151533,32.445631885872025
28387.032645216957,31.673116840970312
28407.073941282382,32.445631885872025
28427.115237347807,38.62575224508575
28447.156533413232,36.3082071103806
28467.197829478657,37.46697967773318
28487.23912554408,35.53569206547889
28507.280421609506,33.6044044532246
28527.32171767493,33.21814693077374
28547.363013740356,32.05937436342117
28567.40430980578,31.286859318519458
28587.445605871206,26.265511526658308
28607.48690193663,33.99066197567546
28627.528198002055,30.9006017960686
28647.56949406748,29.35557170626517
28667.610790132905,34.37691949812631
28687.65208619833,32.05937436342117
28707.693382263755,33.21814693077374
28727.73467832918,30.9006017960686
28747.775974394604,38.23949472263489
28767.81727046003,36.69446463283146
28787.85856652545,29.35557170626517
28807.899862590875,31.286859318519458
28827.9411586563,30.9006017960686
28847.982454721725,35.53569206547889
28868.02375078715,31.673116840970312
28888.065046852575,33.99066197567546
28908.106342918,39.398267289987466
28928.147638983424,28.196799138912596
28948.18893504885,33.6044044532246
28968.230231114274,36.69446463283146
28988.2715271797,34.763177020577174
29008.312823245124,35.53569206547889
29028.35411931055,34.37691949812631
29048.395415375973,32.445631885872025
29068.436711441398,30.9006017960686
29088.478007506823,34.763177020577174
29108.519303572248,34.763177020577174
29128.560599637673,35.921949587929745
29148.601895703097,29.741829228716025
29168.643191768522,35.53569206547889
29188.684487833947,30.9006017960686
29208.725783899372,32.83188940832289
29228.767079964797,32.83188940832289
29248.80837603022,31.286859318519458
29268.849672095646,27.038026571560025
29288.890968161068,26.265511526658308
29308.932264226492,30.9006017960686
29328.973560291917,35.53569206547889
29349.014856357342,32.83188940832289
29369.056152422767,31.286859318519458
29389.09744848819,29.35557170626517
29409.138744553617,33.21814693077374
29429.18004061904,34.763177020577174
29449.221336684466,27.038026571560025
29469.26263274989,28.196799138912596
29489.303928815316,33.99066197567546
29509.34522488074,22.78919382460059
29529.386520946166,29.741829228716025
29549.42781701159,30.9006017960686
29569.469113077015,28.969314183814312
29589.51040914244,29.741829228716025
29609.551705207865,37.85323720018403
29629.59300127329,34.763177020577174
29649.634297338715,31.286859318519458
29669.67559340414,30.128086751166883
29689.716889469564,35.14943454302803
29709.75818553499,27.424284094010883
29729.799481600414,33.99066197567546
29749.84077766584,31.286859318519458
29769.882073731264,41.71581242469261
29789.923369796685,32.05937436342117
29809.96466586211,31.673116840970312
29830.005961927534,33.6044044532246
29850.04725799296,28.583056661363454
29870.088554058384,27.424284094010883
29890.12985012381,28.583056661363454
29910.171146189234,36.69446463283146
29930.21244225466,27.424284094010883
29950.253738320083,24.33422391440402
29970.29503438551,25.492996481756595
29990.336330450933,34.763177020577174
30010.377626516358,34.37691949812631
30030.418922581783,25.87925400420745
30050.460218647208,25.87925400420745
30070.501514712632,28.196799138912596
30090.542810778057,30.51434427361774
30110.584106843482,38.23949472263489
30130.625402908907,30.51434427361774
30150.66669897433,29.35557170626517
30170.707995039756,31.286859318519458
30190.74929110518,29.741829228716025
30210.790587170606,35.14943454302803
30230.83188323603,26.265511526658308
30250.873179301456,33.21814693077374
30270.91447536688,28.583056661363454
30290.955771432302,32.05937436342117
30310.997067497727,32.83188940832289
30331.03836356315,29.35557170626517
30351.079659628576,25.106738959305737
30371.120955694,28.583056661363454
30391.162251759426,34.37691949812631
30411.20354782485,27.424284094010883
30431.244843890276,28.583056661363454
30451.2861399557,25.106738959305737
30471.327436021125,21.63042125724802
30491.36873208655,30.51434427361774
30511.410028151975,31.673116840970312
30531.4513242174,24.33422391440402
30551.492620282825,28.969314183814312
30571.53391634825,31.673116840970312
30591.575212413674,33.21814693077374
30611.6165084791,33.21814693077374
30631.657804544524,25.87925400420745
30651.69910060995,27.038026571560025
30671.740396675374,32.83188940832289
30691.7816927408,25.87925400420745
30711.822988806223,27.038026571560025
30731.864284871648,27.038026571560025
30751.905580937073,33.6044044532246
30771.946877002494,31.286859318519458
30791.98817306792,27.424284094010883
30812.029469133344,23.947966391953162
30832.07076519877,30.128086751166883
30852.112061264193,21.63042125724802
30872.15335732962,26.265511526658308
30892.194653395043,25.87925400420745
30912.235949460468,22.016678779698875
30932.277245525893,22.402936302149733
30952.318541591318,28.583056661363454
30972.359837656742,37.46697967773318
30992.401133722167,25.106738959305737
31012.442429787592,26.651769049109166
31032.483725853017,26.265511526658308
31052.52502191844,27.424284094010883
31072.566317983867,31.673116840970312
31092.60761404929,31.286859318519458
31112.648910114716,26.651769049109166
31132.69020618014,29.741829228716025
31152.731502245566,26.265511526658308
31172.77279831099,23.17545134705145
31192.814094376416,33.99066197567546
31212.85539044184,18.926618600092016
31232.896686507265,28.969314183814312
31252.93798257269,27.424284094010883
31272.97927863811,25.106738959305737
31293.020574703536,18.54036107764116
31313.06187076896,30.51434427361774
31333.103166834386,26.651769049109166
31353.14446289981,23.17545134705145
31373.185758965235,23.17545134705145
31393.22705503066,21.63042125724802
31413.268351096085,23.17545134705145
31433.30964716151,27.424284094010883
31453.350943226935,28.969314183814312
31473.39223929236,26.265511526658308
31493.433535357784,25.106738959305737
31513.47483142321,23.17545134705145
31533.516127488634,18.926618600092016
31553.55742355406,27.424284094010883
31573.598719619484,20.471648689895446
31593.64001568491,24.33422391440402
31613.681311750333,29.741829228716025
31633.72260781576,23.947966391953162
31653.763903881183,21.63042125724802
31673.805199946608,27.810541616461737
31693.846496012033,27.424284094010883
31713.887792077458,20.857906212346304
31733.929088142882,25.87925400420745
31753.970384208307,28.196799138912596
31774.01168027373,21.244163734797162
31794.052976339153,21.244163734797162
31814.094272404578,23.947966391953162
31834.135568470003,23.17545134705145
31854.176864535428,18.54036107764116
31874.218160600853,21.63042125724802
31894.259456666277,21.244163734797162
31914.300752731702,22.402936302149733
31934.342048797127,20.857906212346304
31954.383344862552,24.72048143685488
31974.424640927977,24.72048143685488
31994.4659369934,20.857906212346304
32014.507233058826,21.244163734797162
32034.54852912425,23.17545134705145
32054.589825189676,25.87925400420745
32074.6311212551,21.244163734797162
32094.672417320526,17.767846032739445
32114.71371338595,23.561708869502308
32134.755009451375,30.128086751166883
32154.7963055168,20.471648689895446
32174.837601582225,27.038026571560025
32194.87889764765,22.78919382460059
32214.920193713075,21.244163734797162
32234.9614897785,22.016678779698875
32255.002785843924,21.63042125724802
32275.044081909346,20.857906212346304
32295.08537797477,24.33422391440402
32315.126674040195,20.471648689895446
32335.16797010562,16.99533098783773
32355.209266171045,24.33422391440402
32375.25056223647,18.1541035551903
32395.291858301895,17.767846032739445
32415.33315436732,27.424284094010883
32435.374450432744,21.244163734797162
32455.41574649817,22.402936302149733
32475.457042563594,19.312876122542875
32495.49833862902,23.947966391953162
32515.539634694444,19.699133644993733
32535.58093075987,17.767846032739445
32555.622226825293,20.471648689895446
32575.663522890718,21.63042125724802
32595.704818956143,20.471648689895446
32615.746115021568,17.381588510288587
32635.787411086993,25.492996481756595
32655.828707152417,21.244163734797162
32675.870003217842,18.54036107764116
32695.911299283267,19.312876122542875
32715.952595348692,23.17545134705145
32735.993891414117,15.836558420485156
32756.03518747954,21.63042125724802
32776.076483544966,19.699133644993733
32796.117779610395,17.767846032739445
32816.159075675816,19.699133644993733
32836.200371741244,20.857906212346304
32856.241667806666,15.836558420485156
32876.282963872094,18.926618600092016
32896.324259937515,20.085391167444588
32916.365556002944,20.085391167444588
32936.406852068365,20.471648689895446
32956.44814813379,18.1541035551903
32976.489444199215,16.99533098783773
32996.53074026464,13.905270808230869
33016.572036330064,17.381588510288587
33036.613332395485,15.836558420485156
33056.654628460914,17.381588510288587
33076.695924526335,13.905270808230869
33096.73722059176,17.381588510288587
33116.778516657185,18.54036107764116
33136.81981272261,17.767846032739445
33156.861108788034,20.471648689895446
33176.90240485346,15.064043375583442
33196.943700918884,18.54036107764116
33216.98499698431,15.836558420485156
33237.026293049734,13.905270808230869
33257.06758911516,15.4503008980343
33277.10888518058,16.60907346538687
33297.15018124601,18.926618600092016
33317.19147731143,21.244163734797162
33337.23277337686,19.312876122542875
33357.27406944228,16.222815942936013
33377.31536550771,15.064043375583442
33397.35666157313,13.905270808230869
33417.39795763856,12.36024071842744
33437.43925370398,15.064043375583442
33457.48054976941,9.656438061271437
33477.52184583483,13.905270808230869
33497.56314190026,15.836558420485156
33517.60443796568,15.836558420485156
33537.6457340311,13.905270808230869
33557.68703009653,11.973983195976581
33577.72832616195,14.291528330681727
33597.76962222738,14.677785853132585
33617.8109182928,16.99533098783773
33637.85221435823,13.519013285780012
33657.89351042365,16.222815942936013
33677.93480648908,17.381588510288587
33697.9761025545,14.291528330681727
33718.01739861993,13.905270808230869
33738.05869468535,15.836558420485156
33758.09999075078,10.81521062862401
33778.1412868162,13.905270808230869
33798.18258288163,11.587725673525725
33818.22387894705,15.4503008980343
33838.26517501248,11.973983195976581
33858.3064710779,12.36024071842744
33878.34776714333,11.201468151074867
33898.38906320875,11.587725673525725
33918.43035927418,12.36024071842744
33938.4716553396,15.4503008980343
33958.51295140503,13.905270808230869
33978.55424747045,11.201468151074867
33998.59554353588,11.973983195976581
34018.6368396013,12.746498240878298
34038.67813566672,10.428953106173152
34058.71943173215,15.836558420485156
34078.76072779757,9.656438061271437
34098.802023863,10.81521062862401
34118.84331992842,7.3388929265662926
34138.88461599385,11.973983195976581
34158.92591205927,10.428953106173152
34178.9672081247,11.973983195976581
34199.00850419012,8.497665493918864
34219.04980025555,15.4503008980343
34239.09109632097,11.201468151074867
34259.1323923864,9.656438061271437
34279.17368845182,11.587725673525725
34299.214984517246,10.042695583722294
34319.25628058267,10.428953106173152
34339.297576648096,8.497665493918864
34359.33887271352,8.111407971468006
34379.380168778946,7.72515044901715
34399.42146484437,10.81521062862401
34419.462760909795,7.72515044901715
34439.50405697522,11.201468151074867
34459.545353040645,8.883923016369723
34479.586649106066,6.18012035921372
34499.627945171495,9.656438061271437
34519.669241236916,9.27018053882058
34539.71053730234,5.021347791861147
34559.751833367765,7.72515044901715
34579.79312943319,5.407605314312005
34599.834425498615,4.248832746959432
34619.875721564036,5.793862836762862
34639.917017629465,6.952635404115434
34659.958313694886,9.27018053882058
34679.999609760314,10.042695583722294
34700.040905825736,5.793862836762862
34720.082201891164,4.63509026941029
34740.123497956585,2.317545134705145
34760.164794022014,7.3388929265662926
34780.206090087435,6.952635404115434
34800.24738615286,8.497665493918864
34820.288682218285,6.18012035921372
34840.32997828371,4.248832746959432
34860.371274349134,5.407605314312005
34880.41257041456,3.09006017960686
34900.453866479984,9.27018053882058
34920.49516254541,5.021347791861147
34940.53645861083,2.7038026571560025
34960.57775467626,2.317545134705145
34980.61905074168,4.63509026941029
35000.66034680711,5.407605314312005
35020.70164287253,5.793862836762862
35040.742938937954,4.248832746959432
35060.78423500338,4.248832746959432
35080.825531068804,2.7038026571560025
35100.86682713423,4.248832746959432
35120.90812319965,5.021347791861147
35140.94941926508,4.248832746959432
35160.9907153305,0.772515044901715
35181.03201139593,2.317545134705145
35201.07330746135,3.09006017960686
35221.11460352678,3.862575224508575
35241.1558995922,3.09006017960686
35261.19719565763,3.476317702057717
35281.23849172305,2.317545134705145
35301.27978778848,1.54503008980343
35321.3210838539,2.7038026571560025
35341.36237991933,2.7038026571560025
35361.40367598475,4.63509026941029
35381.44497205018,2.317545134705145
35401.4862681156,3.862575224508575
35421.52756418103,4.63509026941029
35441.56886024645,2.317545134705145
35461.61015631188,2.7038026571560025
35481.6514523773,1.9312876122542875
35501.69274844273,0.772515044901715
35521.73404450815,2.317545134705145
35541.77534057357,2.7038026571560025
35561.816636639,2.317545134705145
35581.85793270442,1.9312876122542875
35601.89922876985,1.54503008980343
35621.94052483527,2.7038026571560025
35641.9818209007,3.476317702057717
35662.02311696612,1.1587725673525724
35682.06441303155,1.9312876122542875
35702.10570909697,1.9312876122542875
35722.1470051624,1.54503008980343
35742.18830122782,1.9312876122542875
35762.22959729325,1.54503008980343
35782.27089335867,3.862575224508575
35802.3121894241,1.9312876122542875
35822.35348548952,1.1587725673525724
35842.39478155495,1.54503008980343
35862.43607762037,1.1587725673525724
35882.4773736858,1.54503008980343
35902.51866975122,1.9312876122542875
35922.55996581665,1.9312876122542875
35942.60126188207,0.772515044901715
35962.642557947496,1.1587725673525724
35982.68385401292,1.54503008980343
36002.725150078346,0.3862575224508575
36022.76644614377,1.9312876122542875
36042.80774220919,2.7038026571560025
36062.84903827462,1.1587725673525724
36082.89033434004,1.54503008980343
36102.93163040547,1.1587725673525724
36122.97292647089,1.9312876122542875
36143.014222536316,1.1587725673525724
36163.05551860174,0.772515044901715
36183.096814667166,1.1587725673525724
36203.13811073259,0.772515044901715
36223.179406798015,0.772515044901715
36243.22070286344,1.1587725673525724
36263.261998928865,1.54503008980343
36283.303294994286,0.772515044901715
36303.344591059715,1.54503008980343
36323.385887125136,1.1587725673525724
36343.427183190564,1.9312876122542875
36363.468479255986,1.1587725673525724
36383.509775321414,1.54503008980343
36403.551071386835,0.772515044901715
36423.592367452264,1.1587725673525724
36443.633663517685,1.1587725673525724
36463.67495958311,0.3862575224508575
36483.716255648535,2.317545134705145
36503.75755171396,0.772515044901715
36523.798847779384,0.3862575224508575
36543.840143844805,0.3862575224508575
36563.881439910234,1.54503008980343
36583.922735975655,2.317545134705145
36603.96403204108,2.317545134705145
36624.005328106505,0.772515044901715
36644.04662417193,1.1587725673525724
36664.087920237354,0.3862575224508575
36684.12921630278,1.1587725673525724
36704.170512368204,1.1587725673525724
36724.21180843363,1.1587725673525724
36744.253104499054,0.772515044901715
36764.29440056448,0.3862575224508575
36784.3356966299,1.1587725673525724
36804.37699269533,0.0
36824.41828876075,1.1587725673525724
36844.45958482618,0.3862575224508575
36864.5008808916,0.3862575224508575
36884.54217695703,1.9312876122542875
36904.58347302245,1.1587725673525724
36924.62476908788,1.1587725673525724
36944.6660651533,1.9312876122542875
36964.70736121873,1.54503008980343
36984.74865728415,0.772515044901715
37004.78995334958,0.772515044901715
37024.831249415,1.54503008980343
37044.87254548042,0.3862575224508575
37064.91384154585,0.3862575224508575
37084.95513761127,0.3862575224508575
37104.9964336767,0.3862575224508575
37125.03772974212,0.772515044901715
37145.07902580755,1.1587725673525724
37165.12032187297,1.1587725673525724
37185.1616179384,0.772515044901715
37205.20291400382,0.772515044901715
37225.24421006925,0.0
37245.28550613467,0.772515044901715
37265.3268022001,1.1587725673525724
37285.36809826552,0.3862575224508575
37305.40939433095,0.3862575224508575
37325.45069039637,0.3862575224508575
37345.4919864618,0.3862575224508575
37365.53328252722,0.0
37385.57457859265,0.772515044901715
37405.61587465807,0.0
37425.6571707235,0.3862575224508575
37445.69846678892,0.3862575224508575
37465.73976285435,0.3862575224508575
37485.78105891977,0.3862575224508575
37505.8223549852,1.1587725673525724
37525.86365105062,0.3862575224508575
37545.90494711604,0.0
37565.94624318147,0.0
37585.98753924689,0.3862575224508575
37606.02883531232,0.772515044901715
37626.07013137774,1.1587725673525724
37646.11142744317,1.1587725673525724
37666.15272350859,0.0
37686.19401957402,0.0
37706.23531563944,0.3862575224508575
37726.27661170487,0.0
37746.31790777029,0.3862575224508575
37766.35920383572,0.772515044901715
37786.40049990114,0.0
37806.441795966566,0.0
37826.48309203199,0.772515044901715
37846.524388097416,0.0
37866.56568416284,0.3862575224508575
37886.606980228265,0.3862575224508575
37906.64827629369,0.3862575224508575
37926.689572359115,0.0
37946.730868424536,0.3862575224508575
37966.772164489965,0.772515044901715
37986.813460555386,0.0
38006.854756620814,0.3862575224508575
38026.896052686236,0.0
38046.93734875166,0.3862575224508575
38066.978644817085,0.0
38087.01994088251,0.772515044901715
38107.061236947935,0.0
38127.102533013356,0.3862575224508575
38147.143829078785,0.0
38167.185125144206,0.0
38187.226421209634,0.0
38207.267717275055,0.0
38227.309013340484,1.1587725673525724
38247.350309405905,0.3862575224508575
38267.39160547133,0.0
38287.432901536755,0.3862575224508575
38307.47419760218,0.3862575224508575
38327.515493667604,0.0
38347.55678973303,0.3862575224508575
38367.598085798454,0.772515044901715
38387.63938186388,0.772515044901715
38407.680677929304,0.3862575224508575
38427.72197399473,0.3862575224508575
38447.76327006015,0.3862575224508575
38467.80456612558,0.772515044901715
38487.845862191,0.0
38507.88715825643,0.3862575224508575
38527.92845432185,0.0
38547.969750387274,0.0
38568.0110464527,0.3862575224508575
38588.05234251812,0.0
38608.09363858355,0.772515044901715
38628.13493464897,0.0
38648.1762307144,0.3862575224508575
38668.21752677982,0.3862575224508575
38688.25882284525,0.0
38708.30011891067,0.0
38728.3414149761,0.3862575224508575
38748.38271104152,0.3862575224508575
38768.42400710695,0.0
38788.46530317237,0.0
38808.5065992378,0.3862575224508575
38828.54789530322,0.0
38848.58919136865,0.3862575224508575
38868.63048743407,0.3862575224508575
38888.6717834995,0.3862575224508575
38908.71307956492,0.0
38928.75437563035,0.0
38948.79567169577,0.0
38968.8369677612,0.0
38988.87826382662,0.0
39008.91955989205,0.0
39028.96085595747,0.0
39049.00215202289,0.0
39069.04344808832,0.0
39089.08474415374,0.0
39109.12604021917,0.0
39129.16733628459,0.0
39149.20863235002,0.0
39169.24992841544,0.3862575224508575
39189.29122448087,0.0
39209.33252054629,0.0
39229.37381661172,0.0
39249.41511267714,0.0
39269.45640874257,0.0
39289.49770480799,0.0
39309.53900087342,0.0
39329.58029693884,0.0
39349.62159300427,0.0
39369.66288906969,0.3862575224508575
39389.70418513512,0.0
39409.74548120054,0.0
39429.78677726597,0.0
39449.82807333139,0.3862575224508575
39469.869369396816,0.3862575224508575
39489.91066546224,0.0
39509.951961527666,0.0
39529.99325759309,0.0
39550.03455365851,0.772515044901715
39570.07584972394,0.0
39590.11714578936,0.0
39610.158441854786,0.0
39630.19973792021,0.0
39650.241033985636,0.0
39670.28233005106,0.0
39690.323626116486,0.0
39710.36492218191,0.0
39730.406218247335,0.0
39750.44751431276,0.0
39770.488810378185,0.0
39790.530106443606,0.0
39810.571402509035,0.0
39830.612698574456,0.0
39850.653994639884,0.0
39870.695290705306,0.0
39890.736586770734,0.0
39910.777882836155,0.0
39930.819178901584,0.0
39950.860474967005,0.0
39970.90177103243,0.0
39990.943067097855,0.0
40010.98436316328,0.0
40031.025659228704,0.0
40051.066955294125,0.0
40071.108251359554,0.0
40091.149547424975,0.0
40111.1908434904,0.0
40131.232139555825,0.0
40151.27343562125,0.0
40171.314731686674,0.0
40191.3560277521,0.0
40211.397323817524,0.0
40231.43861988295,0.0
40251.479915948374,0.0
40271.5212120138,0.0
40291.56250807922,0.0
40311.60380414465,0.0
40331.64510021007,0.0
40351.6863962755,0.0
40371.72769234092,0.0
40391.76898840635,0.0
40411.81028447177,0.0
40431.8515805372,0.0
40451.89287660262,0.0
40471.93417266805,0.0
40491.97546873347,0.0
40512.0167647989,0.3862575224508575
40532.05806086432,0.0
40552.09935692974,0.0
40572.14065299517,0.0
40592.18194906059,0.0
40612.22324512602,0.0
40632.26454119144,0.0
40652.30583725687,0.0
40672.34713332229,0.0
40692.38842938772,0.0
40712.42972545314,0.0
40732.47102151857,0.0
40752.51231758399,0.0
40772.55361364942,0.0
40792.59490971484,0.0
40812.63620578027,0.3862575224508575
40832.67750184569,0.0
40852.71879791112,0.0
40872.76009397654,0.0
40892.80139004197,0.0
40912.84268610739,0.0
40932.88398217282,0.0
40952.92527823824,0.0
40972.96657430367,0.0
40993.00787036909,0.0
41013.04916643452,0.0
