Energy (keV),Intensity (CPS)
-11.493055143263804,0.0
8.5474972641034,0.0
28.588049671470607,0.0
48.628602078837815,0.0
68.66915448620502,0.0
88.70970689357222,0.0
108.75025930093943,0.0
128.79081170830662,0.0
148.83136411567384,0.0
168.87191652304105,0.0
188.91246893040824,0.0
208.95302133777545,0.0
228.99357374514267,0.0
249.03412615250988,0.0
269.07467855987704,0.0
289.11523096724426,0.0
309.1557833746115,0.3648404221543161
329.1963357819787,0.0
349.2368881893459,0.3648404221543161
369.27744059671306,0.0
389.3179930040803,0.0
409.3585454114475,0.0
429.3990978188147,0.0
449.4396502261819,0.7296808443086322
469.48020263354914,1.0945212664629485
489.5207550409163,0.3648404221543161
509.56130744828357,0.0
529.6018598556507,0.0
549.6424122630178,0.7296808443086322
569.6829646703851,0.0
589.7235170777523,0.7296808443086322
609.7640694851195,1.0945212664629485
629.8046218924867,1.4593616886172645
649.8451742998539,0.3648404221543161
669.8857267072211,0.7296808443086322
689.9262791145883,0.7296808443086322
709.9668315219556,1.0945212664629485
730.0073839293227,0.7296808443086322
750.0479363366899,1.0945212664629485
770.0884887440571,0.0
790.1290411514243,0.0
810.1695935587916,0.3648404221543161
830.2101459661587,1.0945212664629485
850.2506983735259,1.0945212664629485
870.2912507808932,0.3648404221543161
890.3318031882603,0.7296808443086322
910.3723555956276,0.3648404221543161
930.4129080029948,1.8242021107715805
950.453460410362,0.0
970.4940128177292,0.0
990.5345652250963,1.0945212664629485
1010.5751176324636,0.7296808443086322
1030.615670039831,1.4593616886172645
1050.6562224471982,0.3648404221543161
1070.6967748545653,0.3648404221543161
1090.7373272619325,0.0
1110.7778796692996,0.0
1130.818432076667,0.3648404221543161
1150.8589844840342,0.0
1170.8995368914013,0.3648404221543161
1190.9400892987685,0.0
1210.9806417061357,0.7296808443086322
1231.021194113503,1.0945212664629485
1251.0617465208702,0.3648404221543161
1271.1022989282374,0.7296808443086322
1291.1428513356045,0.0
1311.1834037429717,0.7296808443086322
1331.223956150339,0.3648404221543161
1351.2645085577062,0.7296808443086322
1371.3050609650734,0.3648404221543161
1391.3456133724405,0.3648404221543161
1411.3861657798077,0.0
1431.426718187175,1.4593616886172645
1451.4672705945422,1.0945212664629485
1471.5078230019094,2.189042532925897
1491.5483754092766,0.7296808443086322
1511.5889278166437,1.8242021107715805
1531.629480224011,1.0945212664629485
1551.6700326313783,0.3648404221543161
1571.7105850387454,0.0
1591.7511374461126,0.7296808443086322
1611.7916898534797,0.0
1631.8322422608471,0.3648404221543161
1651.8727946682143,0.0
1671.9133470755814,0.7296808443086322
1691.9538994829486,0.3648404221543161
1711.9944518903158,0.3648404221543161
1732.0350042976831,1.4593616886172645
1752.0755567050503,1.8242021107715805
1772.1161091124175,0.7296808443086322
1792.1566615197846,0.0
1812.1972139271518,0.0
1832.2377663345192,0.7296808443086322
1852.2783187418863,0.3648404221543161
1872.3188711492535,0.3648404221543161
1892.3594235566206,0.7296808443086322
1912.399975963988,0.3648404221543161
1932.4405283713552,0.7296808443086322
1952.4810807787223,0.3648404221543161
1972.5216331860895,0.3648404221543161
1992.5621855934567,0.0
2012.602738000824,0.0
2032.6432904081912,0.7296808443086322
2052.683842815558,0.3648404221543161
2072.7243952229255,1.4593616886172645
2092.7649476302927,0.3648404221543161
2112.80550003766,0.3648404221543161
2132.846052445027,0.7296808443086322
2152.886604852394,0.0
2172.9271572597613,1.4593616886172645
2192.9677096671285,0.3648404221543161
2213.0082620744956,0.0
2233.048814481863,0.7296808443086322
2253.08936688923,0.3648404221543161
2273.1299192965976,1.0945212664629485
2293.1704717039647,1.0945212664629485
2313.211024111332,0.0
2333.251576518699,0.3648404221543161
2353.292128926066,0.0
2373.3326813334334,0.0
2393.3732337408005,2.189042532925897
2413.4137861481677,0.3648404221543161
2433.454338555535,1.0945212664629485
2453.494890962902,0.0
2473.5354433702696,0.0
2493.5759957776368,0.3648404221543161
2513.616548185004,1.0945212664629485
2533.657100592371,0.3648404221543161
2553.6976529997382,0.7296808443086322
2573.7382054071054,1.0945212664629485
2593.7787578144726,1.4593616886172645
2613.8193102218397,1.4593616886172645
2633.859862629207,1.8242021107715805
2653.9004150365745,1.0945212664629485
2673.9409674439416,1.0945212664629485
2693.981519851309,0.7296808443086322
2714.022072258676,0.3648404221543161
2734.062624666043,0.3648404221543161
2754.1031770734103,0.3648404221543161
2774.1437294807774,0.0
2794.1842818881446,1.0945212664629485
2814.2248342955118,0.7296808443086322
2834.265386702879,0.0
2854.3059391102465,1.0945212664629485
2874.3464915176137,6.56712759877769
2894.387043924981,7.296808443086322
2914.427596332348,8.026489287394954
2934.468148739715,16.78265941909854
2954.5087011470823,18.606861529870123
2974.5492535544495,17.147499841252856
2994.5898059618166,8.756170131703588
3014.630358369184,9.121010553857904
3034.670910776551,3.648404221543161
3054.7114631839186,1.8242021107715805
3074.7520155912857,0.7296808443086322
3094.792567998653,0.0
3114.83312040602,0.7296808443086322
3134.873672813387,0.7296808443086322
3154.9142252207544,3.283563799388845
3174.9547776281215,1.4593616886172645
3194.9953300354887,1.8242021107715805
3215.035882442856,2.553882955080213
3235.076434850223,0.7296808443086322
3255.1169872575906,1.0945212664629485
3275.1575396649578,1.8242021107715805
3295.198092072325,1.0945212664629485
3315.238644479692,4.013244643697477
3335.2791968870592,1.4593616886172645
3355.3197492944264,0.3648404221543161
3375.3603017017936,1.4593616886172645
3395.4008541091607,1.8242021107715805
3415.441406516528,1.4593616886172645
3435.481958923895,1.0945212664629485
3455.5225113312626,1.0945212664629485
3475.56306373863,1.4593616886172645
3495.603616145997,0.7296808443086322
3515.644168553364,0.3648404221543161
3535.6847209607313,0.7296808443086322
3555.7252733680984,0.3648404221543161
3575.7658257754656,0.3648404221543161
3595.8063781828328,1.8242021107715805
3615.8469305902,1.4593616886172645
3635.887482997567,0.7296808443086322
3655.9280354049347,3.283563799388845
3675.968587812302,4.013244643697477
3696.009140219669,4.74292548800611
3716.049692627036,2.189042532925897
3736.0902450344033,4.378085065851794
3756.1307974417705,0.3648404221543161
3776.1713498491376,2.189042532925897
3796.211902256505,1.4593616886172645
3816.252454663872,0.3648404221543161
3836.2930070712396,0.0
3856.3335594786067,0.7296808443086322
3876.374111885974,0.0
3896.414664293341,0.7296808443086322
3916.455216700708,0.7296808443086322
3936.4957691080754,1.0945212664629485
3956.5363215154425,0.3648404221543161
3976.5768739228097,1.0945212664629485
3996.617426330177,1.0945212664629485
4016.657978737544,1.0945212664629485
4036.6985311449116,1.8242021107715805
4056.7390835522788,1.4593616886172645
4076.779635959646,0.3648404221543161
4096.8201883670135,0.7296808443086322
4116.86074077438,0.7296808443086322
4136.901293181748,0.3648404221543161
4156.9418455891155,0.0
4176.982397996482,0.7296808443086322
4197.02295040385,0.3648404221543161
4217.0635028112165,0.0
4237.104055218584,0.7296808443086322
4257.144607625951,0.0
4277.185160033318,0.0
4297.225712440685,0.7296808443086322
4317.266264848053,0.3648404221543161
4337.30681725542,0.3648404221543161
4357.347369662787,0.0
4377.387922070155,0.3648404221543161
4397.428474477521,1.0945212664629485
4417.469026884889,0.7296808443086322
4437.509579292256,0.7296808443086322
4457.550131699623,0.7296808443086322
4477.59068410699,1.8242021107715805
4497.631236514358,1.4593616886172645
4517.671788921724,1.0945212664629485
4537.712341329092,1.4593616886172645
4557.75289373646,1.0945212664629485
4577.793446143826,0.0
4597.833998551194,0.3648404221543161
4617.874550958561,1.8242021107715805
4637.915103365928,1.8242021107715805
4657.955655773295,0.3648404221543161
4677.9962081806625,0.7296808443086322
4698.036760588029,0.0
4718.077312995397,1.0945212664629485
4738.117865402764,0.3648404221543161
4758.158417810131,0.3648404221543161
4778.198970217499,0.3648404221543161
4798.2395226248655,1.0945212664629485
4818.280075032233,1.0945212664629485
4838.3206274396,0.3648404221543161
4858.361179846967,0.3648404221543161
4878.401732254334,1.0945212664629485
4898.442284661702,0.7296808443086322
4918.482837069068,1.0945212664629485
4938.523389476436,0.7296808443086322
4958.563941883804,1.4593616886172645
4978.60449429117,0.7296808443086322
4998.645046698538,2.189042532925897
5018.685599105905,3.283563799388845
5038.726151513272,2.189042532925897
5058.766703920639,1.0945212664629485
5078.807256328007,1.8242021107715805
5098.847808735373,2.189042532925897
5118.888361142741,1.4593616886172645
5138.9289135501085,2.189042532925897
5158.969465957475,3.283563799388845
5179.010018364843,2.553882955080213
5199.0505707722095,2.918723377234529
5219.091123179577,2.189042532925897
5239.131675586944,1.4593616886172645
5259.1722279943115,2.189042532925897
5279.212780401678,2.918723377234529
5299.253332809046,4.013244643697477
5319.293885216413,4.378085065851794
5339.33443762378,4.378085065851794
5359.374990031148,6.202287176623374
5379.415542438514,5.837446754469058
5399.456094845882,6.931968020932006
5419.496647253249,6.56712759877769
5439.537199660616,7.661648865240639
5459.577752067983,5.472606332314742
5479.618304475351,5.107765910160426
5499.658856882717,3.648404221543161
5519.699409290085,6.931968020932006
5539.739961697453,6.56712759877769
5559.780514104819,3.648404221543161
5579.821066512187,2.918723377234529
5599.861618919554,6.202287176623374
5619.902171326921,8.026489287394954
5639.942723734288,5.107765910160426
5659.983276141656,7.296808443086322
5680.023828549022,8.026489287394954
5700.06438095639,8.39132970954927
5720.1049333637575,8.756170131703588
5740.145485771124,10.580372242475168
5760.186038178492,11.3100530867838
5780.2265905858585,13.499095619709696
5800.267142993226,6.56712759877769
5820.307695400593,11.674893508938116
5840.34824780796,10.215531820320852
5860.388800215327,12.769414775401064
5880.429352622695,13.863936041864012
5900.469905030061,12.039733931092432
5920.510457437429,13.863936041864012
5940.551009844797,15.323297730481277
5960.591562252163,17.512340263407175
5980.632114659531,13.863936041864012
6000.672667066898,14.593616886172644
6020.713219474265,11.674893508938116
6040.753771881632,19.70138279633307
6060.794324289,17.512340263407175
6080.834876696366,20.431063640641703
6100.875429103734,22.255265751413283
6120.915981511102,21.160744484950335
6140.956533918468,17.512340263407175
6160.997086325836,20.066223218487387
6181.037638733203,29.552074194499607
6201.07819114057,27.363031661573707
6221.118743547937,27.727872083728023
6241.1592959553045,39.037925170511826
6261.199848362671,32.105957149579815
6281.240400770039,28.457552928036655
6301.2809531774055,40.49728685912909
6321.321505584773,45.96989319144383
6341.362057992141,47.79409530221541
6361.4026103995075,47.06441445790678
6381.443162806875,52.53702079022152
6401.483715214242,56.91510585607331
6421.524267621609,45.2402123471352
6441.564820028976,49.98313783514131
6461.605372436344,39.40276559266614
6481.64592484371,36.484042215431614
6501.686477251078,35.75436137112298
6521.727029658446,25.17398912864781
6541.767582065812,30.646595460962555
6561.80813447318,31.376276305271187
6581.848686880547,34.29499968250571
6601.889239287914,31.741116727425503
6621.929791695281,33.56531883819708
6641.970344102649,31.01143588311687
6662.010896510015,31.01143588311687
6682.051448917383,37.94340390404888
6702.0920013247505,35.389520948968666
6722.132553732117,26.633350817265075
6742.173106139485,38.67308474835751
6762.213658546852,36.84888263758593
6782.254210954219,39.037925170511826
6802.294763361586,43.41601023636362
6822.3353157689535,52.901861212375834
6842.37586817632,41.22696770343772
6862.416420583688,42.32148896990067
6882.4569729910545,40.862127281283406
6902.497525398422,49.98313783514131
6922.53807780579,48.52377614652404
6942.578630213156,49.98313783514131
6962.619182620524,45.96989319144383
6982.659735027891,54.3612229009931
7002.700287435258,49.98313783514131
7022.740839842625,56.550265433918995
7042.781392249993,46.69957403575246
7062.821944657359,53.99638247883878
7082.862497064727,61.658031344079426
7102.903049472095,53.99638247883878
7122.943601879461,59.46898881115353
7142.984154286829,59.833829233307846
7163.024706694196,52.1721803680672
7183.065259101563,56.550265433918995
7203.10581150893,55.82058458961036
7223.146363916298,60.56351007761648
7243.186916323664,64.94159514346826
7263.227468731032,67.13063767639416
7283.268021138399,58.00962712253626
7303.308573545766,54.726063323147415
7323.349125953134,64.57675472131395
7343.3896783605005,71.50872274224596
7363.430230767868,63.482233454851006
7383.470783175235,59.104148388999214
7403.511335582602,73.69776527517186
7423.551887989969,68.95483978716574
7443.592440397337,65.30643556562258
7463.6329928047035,78.07585034102365
7483.673545212071,69.68452063147437
7503.714097619439,76.25164823025207
7523.754650026805,73.33292485301754
7543.795202434173,74.42744611948049
7563.83575484154,72.2384035865546
7583.876307248907,64.57675472131395
7603.916859656274,70.41420147578302
7623.957412063642,75.15712696378912
7643.997964471008,74.79228654163481
7664.038516878376,90.11558427211608
7684.079069285744,83.91329709549271
7704.11962169311,70.77904189793733
7724.160174100478,68.58999936501142
7744.200726507845,76.25164823025207
7764.241278915212,85.37265878410997
7784.281831322579,79.90005245179523
7804.3223837299465,74.79228654163481
7824.362936137313,84.64297793980134
7844.403488544681,84.27813751764702
7864.4440409520475,78.44069076317797
7884.484593359415,89.75074384996176
7904.525145766783,97.4123927152024
7924.5656981741495,106.89824369121462
7944.606250581517,107.62792453552325
7964.646802988884,133.16675408632537
7984.687355396251,126.96446690970201
8004.727907803618,150.67909434973257
8024.768460210986,148.85489223896099
8044.809012618352,168.19143461313973
8064.84956502572,164.9078708137509
8084.890117433088,149.94941350542393
8104.930669840454,135.35579661925127
8124.971222247822,125.50510522108475
8145.011774655189,103.24983946967146
8165.052327062556,98.14207355951103
8185.092879469924,99.96627567028261
8205.13343187729,109.81696706844915
8225.173984284656,108.35760537983188
8245.214536692023,92.30462680504198
8265.255089099392,115.28957340076389
8285.295641506758,99.6014352481283
8305.336193914125,113.4653712899923
8325.376746321494,126.96446690970201
8345.41729872886,129.5183498647822
8365.457851136227,107.26308411336893
8385.498403543594,119.66765846661569
8405.538955950962,119.30281804446138
8425.579508358329,120.39733931092432
8445.620060765696,116.74893508938115
8465.660613173062,125.86994564323906
8485.70116558043,161.98914743651636
8505.741717987798,182.78505149931237
8525.782270395164,217.08005118181808
8545.822822802533,245.17276368770044
8565.8633752099,325.43765656165
8585.903927617266,391.4737729715812
8605.944480024633,456.41536811504943
8625.985032432001,481.5893572436973
8646.025584839368,485.23776146524045
8666.066137246735,434.8897832079448
8686.106689654103,384.17696452849486
8706.14724206147,292.23717814560723
8726.187794468837,254.65861466371265
8746.228346876203,204.31063640641702
8766.268899283572,184.24441318792964
8786.309451690939,174.3937217897631
8806.350004098305,170.74531756821995
8826.390556505672,152.13845603834983
8846.43110891304,157.97590279281889
8866.471661320407,156.51654110420162
8886.512213727774,158.3407432149732
8906.552766135143,163.0836687029793
8926.59331854251,166.73207292452247
8946.633870949876,183.87957276577532
8966.674423357243,151.7736156161955
8986.714975764611,166.36723250236815
9006.755528171978,151.04393477188688
9026.796080579345,163.0836687029793
9046.836632986711,151.4087751940412
9066.87718539408,144.8416475952635
9086.917737801446,167.4617537688311
9106.958290208813,160.5297857478991
9126.998842616182,151.7736156161955
9147.039395023548,152.50329646050415
9167.079947430915,172.2046792568372
9187.120499838282,157.24622194851025
9207.16105224565,168.55627503529405
9227.201604653017,152.50329646050415
9247.242157060384,164.54303039159657
9267.282709467752,172.2046792568372
9287.323261875119,179.50148769992353
9307.363814282486,173.29920052330016
9327.404366689852,157.61106237066457
9347.444919097221,143.38228590664625
9367.485471504588,171.11015799037426
9387.526023911954,184.97409403223827
9407.566576319321,150.67909434973257
9427.60712872669,173.29920052330016
9447.647681134056,175.48824305622605
9467.688233541423,191.90606205317027
9487.728785948791,207.22935978365155
9507.769338356158,219.6339341368983
9527.809890763525,226.20106173567598
9547.850443170892,231.3088276458364
9567.89099557826,238.97047651107707
9587.931547985627,240.06499777754001
9607.972100392994,243.34856157692886
9628.01265280036,229.48462553506482
9648.053205207729,214.16132780458355
9668.093757615095,187.8928174094728
9688.134310022462,207.95904062796018
9708.17486242983,193.73026416394185
9728.215414837197,207.59420020580586
9748.255967244564,201.7567534513368
9768.29651965193,183.1498919214667
9788.3370720593,180.59600896638648
9808.377624466666,180.23116854423216
9828.418176874033,197.74350880763933
9848.4587292814,183.514732343621
9868.499281688768,177.31244516699763
9888.539834096135,187.16313656516417
9908.580386503501,187.8928174094728
9928.62093891087,170.74531756821995
9948.661491318237,187.16313656516417
9968.702043725603,186.06861529870122
9988.74259613297,188.62249825378143
10008.783148540339,190.81154078670733
10028.823700947705,201.7567534513368
10048.864253355072,182.78505149931237
10068.90480576244,184.60925361008395
10088.945358169807,197.0138279633307
10108.985910577174,193.36542374178754
10129.02646298454,196.28414711902207
10149.067015391909,192.6357428974789
10169.107567799276,199.2028704962566
10189.148120206642,206.1348385171886
10209.18867261401,180.9608493885408
10229.229225021378,211.60744484950334
10249.269777428744,210.8777640051947
10269.310329836111,206.4996789393429
10289.35088224348,192.2709024753246
10309.391434650846,193.73026416394185
10329.431987058213,202.48643429564544
10349.47253946558,190.81154078670733
10369.513091872948,192.2709024753246
10389.553644280315,193.00058331963322
10409.594196687682,200.66223218487386
10429.634749095048,206.1348385171886
10449.675301502417,202.85127471779975
10469.715853909784,200.29739176271954
10489.75640631715,198.83803007410228
10509.796958724519,207.22935978365155
10529.837511131886,203.9457959842627
10549.878063539252,204.31063640641702
10569.918615946619,192.2709024753246
10589.959168353987,190.446700364553
10609.999720761354,198.10834922979365
10630.04027316872,208.6887214722688
10650.08082557609,201.02707260702817
10670.121377983456,209.05356189442313
10690.161930390823,212.33712569381197
10710.20248279819,218.53941287043534
10730.243035205558,203.9457959842627
10750.283587612925,218.53941287043534
10770.324140020291,209.05356189442313
10790.364692427658,224.01201920275008
10810.405244835027,229.1197851129105
10830.445797242393,203.21611513995407
10850.48634964976,231.3088276458364
10870.526902057129,223.28233835844145
10890.567454464495,213.0668065381206
10910.608006871862,211.60744484950334
10930.648559279229,213.79648738242923
10950.689111686597,199.5677109184109
10970.729664093964,186.06861529870122
10990.77021650133,182.05537065500374
11010.810768908697,194.4599450082505
11030.851321316066,194.09510458609617
11050.891873723433,194.8247854304048
11070.9324261308,186.06861529870122
11090.972978538168,202.12159387349112
11111.013530945535,190.81154078670733
11131.054083352901,193.73026416394185
11151.094635760268,199.5677109184109
11171.135188167636,188.98733867593575
11191.175740575003,190.81154078670733
11211.21629298237,209.41840231657744
11231.256845389737,191.17638120886164
11251.297397797105,185.7037748765469
11271.337950204472,196.28414711902207
11291.378502611838,197.378668385485
11311.419055019207,197.378668385485
11331.459607426574,191.17638120886164
11351.50015983394,183.1498919214667
11371.540712241307,194.8247854304048
11391.581264648676,195.91930669686775
11411.621817056042,201.02707260702817
11431.662369463409,186.79829614300985
11451.702921870778,188.98733867593575
11471.743474278144,190.0818599423987
11491.784026685511,180.9608493885408
11511.824579092878,186.43345572085553
11531.865131500246,192.6357428974789
11551.905683907613,190.0818599423987
11571.94623631498,196.64898754117638
11591.986788722346,193.00058331963322
11612.027341129715,176.582764322689
11632.067893537082,181.69053023284943
11652.108445944448,179.1366472777692
11672.148998351817,186.06861529870122
11692.189550759183,175.85308347838037
11712.23010316655,194.4599450082505
11732.270655573917,165.63755165805952
11752.311207981285,167.4617537688311
11772.351760388652,188.2576578316271
11792.392312796019,182.42021107715806
11812.432865203386,174.75856221191742
11832.473417610754,176.2179239005347
11852.51397001812,189.71701952024438
11872.554522425487,186.79829614300985
11892.595074832856,175.48824305622605
11912.635627240223,180.59600896638648
11932.67617964759,182.05537065500374
11952.716732054956,159.07042405928183
11972.757284462325,182.78505149931237
11992.797836869691,173.29920052330016
12012.838389277058,158.3407432149732
12032.878941684427,170.0156367239113
12052.919494091793,169.28595587960268
12072.96004649916,183.1498919214667
12093.000598906527,166.36723250236815
12113.041151313895,167.09691334667679
12133.081703721262,155.05717941558436
12153.122256128629,171.47499841252858
12173.162808535995,158.3407432149732
12193.203360943364,165.63755165805952
12213.24391335073,174.75856221191742
12233.284465758097,160.16494532574478
12253.325018165466,155.05717941558436
12273.365570572832,162.718828280825
12293.4061229802,160.16494532574478
12313.446675387566,153.5978177269671
12333.487227794934,149.58457308326962
12353.527780202301,158.70558363712752
12373.568332609668,148.85489223896099
12393.608885017034,148.12521139465235
12413.649437424403,155.42201983773867
12433.68998983177,153.9626581491214
12453.730542239136,151.7736156161955
12473.771094646505,143.74712632880056
12493.811647053872,159.80010490359047
12513.852199461238,155.42201983773867
12533.892751868605,146.30100928388077
12553.933304275974,140.0987221072574
12573.97385668334,146.30100928388077
12594.014409090707,138.6393604186401
12614.054961498074,116.01925424507252
12634.095513905442,125.14026479893043
12654.136066312809,139.00420084079443
12674.176618720176,141.92292421802898
12694.217171127544,130.61287113124516
12714.25772353491,134.99095619709695
12734.298275942278,125.14026479893043
12754.338828349644,135.35579661925127
12774.379380757013,130.61287113124516
12794.41993316438,131.7073923977081
12814.460485571746,122.95122226600454
12834.501037979115,118.93797762230706
12854.541590386481,132.07223281986242
12874.582142793848,118.57313720015274
12894.622695201215,115.28957340076389
12914.663247608583,109.81696706844915
12934.70380001595,124.77542437677612
12954.744352423317,116.38409466722683
12974.784904830683,127.69414775401064
12994.825457238052,120.39733931092432
13014.866009645419,114.92473297860957
13034.906562052785,97.4123927152024
13054.947114460154,112.00600960137504
13074.98766686752,113.4653712899923
13095.028219274887,104.3443607361344
13115.068771682254,108.35760537983188
13135.109324089623,104.70920115828872
13155.14987649699,113.4653712899923
13175.190428904356,102.15531820320851
13195.230981311723,98.50691398166535
13215.271533719091,97.04755229304808
13235.312086126458,91.57494596073334
13255.352638533825,93.03430764935061
13275.393190941193,98.50691398166535
13295.43374334856,93.39914807150492
13315.474295755927,95.58819060443082
13335.514848163293,87.92654173919018
13355.555400570662,82.08909498472113
13375.595952978028,83.91329709549271
13395.636505385395,76.61648865240639
13415.677057792764,82.45393540687544
13435.71761020013,74.42744611948049
13455.758162607497,82.08909498472113
13475.798715014864,83.54845667333839
13495.839267422232,71.14388232009165
13515.879819829599,77.34616949671502
13535.920372236966,73.33292485301754
13555.960924644332,73.33292485301754
13576.001477051701,63.482233454851006
13596.042029459068,72.2384035865546
13616.082581866434,64.57675472131395
13636.123134273803,66.76579725423984
13656.16368668117,73.69776527517186
13676.204239088536,54.3612229009931
13696.244791495903,64.94159514346826
13716.285343903271,60.928350499770794
13736.325896310638,68.58999936501142
13756.366448718005,59.104148388999214
13776.407001125372,58.374467544690575
13796.44755353274,51.077659101604254
13816.488105940107,50.71281867944994
13836.528658347474,52.53702079022152
13856.569210754842,47.429254880061094
13876.609763162209,54.726063323147415
13896.650315569575,42.686329392054986
13916.690867976942,44.14569108067225
13936.73142038431,50.34797825729562
13956.771972791677,46.33473361359815
13976.812525199044,39.40276559266614
13996.85307760641,33.930159260351395
14016.89363001378,34.29499968250571
14036.934182421146,37.57856348189456
14056.974734828513,36.484042215431614
14077.015287235881,33.930159260351395
14097.055839643248,38.67308474835751
14117.096392050615,30.28175503880824
14137.136944457981,29.187233772345287
14157.17749686535,25.17398912864781
14177.218049272717,24.809148706493495
14197.258601680083,18.606861529870123
14217.299154087452,21.52558490710465
14237.339706494819,21.52558490710465
14257.380258902185,26.633350817265075
14277.420811309552,18.97170195202444
14297.46136371692,17.147499841252856
14317.501916124287,20.431063640641703
14337.542468531654,16.78265941909854
14357.58302093902,17.87718068556149
14377.62357334639,10.580372242475168
14397.664125753756,14.228776464018328
14417.704678161123,10.215531820320852
14437.745230568491,10.580372242475168
14457.785782975858,14.958457308326961
14477.826335383224,12.039733931092432
14497.866887790591,13.863936041864012
14517.90744019796,8.026489287394954
14537.947992605326,7.661648865240639
14557.988545012693,9.850691398166536
14578.02909742006,8.026489287394954
14598.069649827428,8.026489287394954
14618.110202234795,7.661648865240639
14638.150754642162,6.56712759877769
14658.19130704953,5.837446754469058
14678.231859456897,5.472606332314742
14698.272411864264,8.756170131703588
14718.31296427163,4.013244643697477
14738.353516678999,4.74292548800611
14758.394069086366,4.013244643697477
14778.434621493732,3.283563799388845
14798.4751739011,2.918723377234529
14818.515726308467,4.378085065851794
14838.556278715834,2.918723377234529
14858.5968311232,4.378085065851794
14878.63738353057,1.4593616886172645
14898.677935937936,2.553882955080213
14918.718488345303,0.7296808443086322
14938.75904075267,2.553882955080213
14958.799593160038,2.553882955080213
14978.840145567405,1.0945212664629485
14998.880697974771,1.8242021107715805
15018.92125038214,0.0
15038.961802789507,1.8242021107715805
15059.002355196873,1.4593616886172645
15079.04290760424,1.0945212664629485
15099.083460011609,0.7296808443086322
15119.124012418975,0.3648404221543161
15139.164564826342,0.3648404221543161
15159.205117233709,0.3648404221543161
15179.245669641077,0.0
15199.286222048444,0.3648404221543161
15219.32677445581,0.0
15239.36732686318,0.0
15259.407879270546,0.0
15279.448431677913,0.3648404221543161
15299.48898408528,0.3648404221543161
15319.529536492648,0.3648404221543161
15339.570088900015,0.0
15359.610641307381,0.3648404221543161
15379.65119371475,0.0
15399.691746122116,0.0
15419.732298529483,0.0
15439.77285093685,0.0
15459.813403344218,0.0
15479.853955751585,0.0
15499.894508158952,0.0
15519.935060566318,0.0
15539.975612973687,0.0
15560.016165381054,0.3648404221543161
15580.05671778842,0.0
15600.097270195789,0.0
15620.137822603156,0.0
15640.178375010522,0.0
15660.218927417889,0.0
15680.259479825258,0.3648404221543161
15700.300032232624,0.0
15720.340584639991,0.3648404221543161
15740.381137047358,0.3648404221543161
15760.421689454726,0.3648404221543161
15780.462241862093,0.3648404221543161
15800.50279426946,0.0
15820.543346676828,0.0
15840.583899084195,0.0
15860.624451491562,0.0
15880.665003898928,0.0
15900.705556306297,0.0
15920.746108713663,0.0
15940.78666112103,0.0
15960.827213528397,0.0
15980.867765935765,0.0
16000.908318343132,0.0
16020.948870750499,0.0
16040.989423157867,0.0
16061.029975565234,0.0
16081.0705279726,0.0
16101.111080379967,0.0
16121.151632787336,0.0
16141.192185194703,0.0
16161.23273760207,0.3648404221543161
16181.273290009438,0.0
16201.313842416805,0.0
16221.354394824171,0.3648404221543161
16241.394947231538,0.0
16261.435499638907,0.0
16281.476052046273,0.3648404221543161
16301.51660445364,0.0
16321.557156861007,0.0
16341.597709268375,0.3648404221543161
16361.638261675742,0.0
16381.67881408311,0.7296808443086322
16401.719366490477,0.3648404221543161
16421.759918897846,0.0
16441.800471305214,0.0
16461.84102371258,0.3648404221543161
16481.881576119948,0.3648404221543161
16501.922128527312,0.0
16521.96268093468,0.3648404221543161
16542.00323334205,0.0
16562.043785749414,0.0
16582.084338156783,0.0
16602.12489056415,0.0
16622.165442971516,0.0
16642.205995378885,0.0
16662.246547786253,0.0
16682.28710019362,0.0
16702.327652600987,0.0
16722.36820500835,0.3648404221543161
16742.40875741572,0.0
16762.44930982309,0.3648404221543161
16782.489862230454,0.3648404221543161
16802.530414637822,0.0
16822.57096704519,0.3648404221543161
16842.611519452556,0.3648404221543161
16862.652071859924,0.0
16882.692624267293,0.0
16902.733176674657,0.0
16922.773729082026,0.3648404221543161
16942.81428148939,0.0
16962.85483389676,0.0
16982.895386304128,0.0
17002.935938711493,0.0
17022.97649111886,0.3648404221543161
17043.01704352623,0.0
17063.057595933595,0.0
17083.098148340963,0.0
17103.13870074833,0.0
17123.179253155697,0.0
17143.219805563065,0.0
17163.260357970434,0.3648404221543161
17183.3009103778,0.3648404221543161
17203.341462785167,0.3648404221543161
17223.382015192532,1.0945212664629485
17243.4225675999,0.0
17263.46312000727,0.0
17283.503672414634,0.0
17303.544224822002,0.7296808443086322
17323.58477722937,0.7296808443086322
17343.625329636736,0.0
17363.665882044104,0.3648404221543161
17383.706434451473,0.3648404221543161
17403.746986858838,0.0
17423.787539266206,0.3648404221543161
17443.82809167357,0.7296808443086322
17463.86864408094,0.3648404221543161
17483.90919648831,0.3648404221543161
17503.949748895673,0.0
17523.99030130304,1.0945212664629485
17544.03085371041,0.3648404221543161
17564.071406117775,0.0
17584.111958525144,0.0
17604.152510932512,0.0
17624.193063339877,0.3648404221543161
17644.233615747245,0.0
17664.27416815461,0.3648404221543161
17684.31472056198,0.7296808443086322
17704.355272969347,0.7296808443086322
17724.395825376712,0.3648404221543161
17744.43637778408,0.0
17764.47693019145,0.0
17784.517482598814,1.4593616886172645
17804.558035006183,0.0
17824.59858741355,0.3648404221543161
17844.639139820916,0.3648404221543161
17864.679692228285,0.0
17884.72024463565,0.3648404221543161
17904.760797043018,0.3648404221543161
17924.801349450387,0.0
17944.84190185775,0.3648404221543161
17964.88245426512,0.3648404221543161
17984.92300667249,0.0
18004.963559079853,0.0
18025.004111487222,0.0
18045.04466389459,0.3648404221543161
18065.085216301955,0.0
18085.125768709324,0.3648404221543161
18105.16632111669,0.3648404221543161
18125.206873524057,0.7296808443086322
18145.247425931426,0.3648404221543161
18165.28797833879,0.3648404221543161
18185.32853074616,0.0
18205.369083153528,0.0
18225.409635560893,0.0
18245.45018796826,0.3648404221543161
18265.49074037563,0.7296808443086322
18285.531292782995,0.7296808443086322
18305.571845190363,0.7296808443086322
18325.612397597728,0.3648404221543161
18345.652950005096,0.0
18365.693502412465,0.3648404221543161
18385.73405481983,0.0
18405.7746072272,0.0
18425.815159634567,0.0
18445.855712041932,0.3648404221543161
18465.8962644493,0.3648404221543161
18485.93681685667,1.0945212664629485
18505.977369264034,0.7296808443086322
18526.017921671402,0.0
18546.05847407877,0.3648404221543161
18566.099026486136,0.3648404221543161
18586.139578893504,0.7296808443086322
18606.18013130087,0.3648404221543161
18626.220683708238,0.3648404221543161
18646.261236115606,0.0
18666.30178852297,0.3648404221543161
18686.34234093034,0.0
18706.382893337708,0.0
18726.423445745073,0.0
18746.46399815244,0.7296808443086322
18766.50455055981,0.0
18786.545102967175,0.7296808443086322
18806.585655374543,0.3648404221543161
18826.62620778191,0.0
18846.666760189277,0.0
18866.707312596645,0.3648404221543161
18886.74786500401,0.0
18906.78841741138,0.3648404221543161
18926.828969818747,0.0
18946.869522226112,0.0
18966.91007463348,0.3648404221543161
18986.95062704085,0.3648404221543161
19006.991179448214,0.7296808443086322
19027.031731855583,0.3648404221543161
19047.072284262948,0.7296808443086322
19067.112836670316,0.3648404221543161
19087.153389077685,0.3648404221543161
19107.19394148505,0.0
19127.234493892418,0.0
19147.275046299786,0.7296808443086322
19167.31559870715,0.7296808443086322
19187.35615111452,0.3648404221543161
19207.39670352189,0.3648404221543161
19227.437255929253,0.0
19247.477808336622,0.0
19267.518360743987,0.3648404221543161
19287.558913151355,0.3648404221543161
19307.599465558724,0.0
19327.64001796609,1.4593616886172645
19347.680570373457,1.4593616886172645
19367.721122780826,0.0
19387.76167518819,0.0
19407.80222759556,0.0
19427.842780002928,1.4593616886172645
19447.883332410292,0.7296808443086322
19467.92388481766,0.3648404221543161
19487.964437225026,0.3648404221543161
19508.004989632394,0.7296808443086322
19528.045542039763,0.7296808443086322
19548.086094447128,0.7296808443086322
19568.126646854496,1.0945212664629485
19588.167199261865,0.0
19608.20775166923,0.7296808443086322
19628.2483040766,0.7296808443086322
19648.288856483967,0.0
19668.32940889133,0.3648404221543161
19688.3699612987,0.0
19708.410513706065,0.0
19728.451066113434,0.3648404221543161
19748.491618520802,0.0
19768.532170928167,1.0945212664629485
19788.572723335536,0.0
19808.613275742904,1.0945212664629485
19828.65382815027,0.3648404221543161
19848.694380557637,0.3648404221543161
19868.734932965006,0.0
19888.77548537237,0.7296808443086322
19908.81603777974,0.0
19928.856590187108,0.0
19948.897142594473,0.0
19968.93769500184,0.0
19988.978247409206,0.3648404221543161
20009.018799816575,0.3648404221543161
20029.059352223943,0.3648404221543161
20049.099904631308,0.0
20069.140457038677,0.3648404221543161
20089.181009446045,0.0
20109.22156185341,0.3648404221543161
20129.26211426078,0.0
20149.302666668147,0.3648404221543161
20169.343219075512,0.3648404221543161
20189.38377148288,0.0
20209.424323890245,0.3648404221543161
20229.464876297614,0.7296808443086322
20249.505428704982,0.0
20269.545981112347,1.0945212664629485
20289.586533519716,0.0
20309.627085927084,0.0
20329.66763833445,0.3648404221543161
20349.708190741818,0.7296808443086322
20369.748743149186,0.0
20389.78929555655,0.3648404221543161
20409.82984796392,1.0945212664629485
20429.870400371285,0.0
20449.910952778653,0.0
20469.95150518602,0.3648404221543161
20489.992057593387,0.3648404221543161
20510.032610000755,0.3648404221543161
20530.073162408124,0.3648404221543161
20550.11371481549,0.3648404221543161
20570.154267222857,0.0
20590.194819630226,0.0
20610.23537203759,0.7296808443086322
20630.27592444496,0.7296808443086322
20650.316476852324,0.3648404221543161
20670.357029259692,1.0945212664629485
20690.39758166706,0.0
20710.438134074426,0.0
20730.478686481794,1.0945212664629485
20750.519238889163,0.0
20770.559791296528,1.0945212664629485
20790.600343703896,0.3648404221543161
20810.640896111265,0.0
20830.68144851863,0.3648404221543161
20850.722000925998,0.0
20870.762553333363,0.0
20890.80310574073,0.7296808443086322
20910.8436581481,0.7296808443086322
20930.884210555465,0.0
20950.924762962833,0.3648404221543161
20970.965315370202,0.0
20991.005867777567,0.7296808443086322
21011.046420184935,0.0
21031.086972592304,0.3648404221543161
21051.12752499967,0.0
21071.168077407037,0.3648404221543161
21091.208629814402,1.4593616886172645
21111.24918222177,0.0
21131.28973462914,0.0
21151.330287036504,0.0
21171.370839443873,0.3648404221543161
21191.41139185124,0.0
21211.451944258606,0.0
21231.492496665975,0.3648404221543161
21251.533049073343,0.7296808443086322
21271.573601480708,0.0
21291.614153888077,0.3648404221543161
21311.654706295445,1.4593616886172645
21331.69525870281,0.7296808443086322
21351.73581111018,0.0
21371.776363517543,1.0945212664629485
21391.816915924912,0.0
21411.85746833228,0.3648404221543161
21431.898020739645,0.7296808443086322
21451.938573147014,0.3648404221543161
21471.979125554382,0.7296808443086322
21492.019677961747,0.0
21512.060230369116,0.7296808443086322
21532.100782776484,0.7296808443086322
21552.14133518385,0.7296808443086322
21572.181887591218,0.3648404221543161
21592.222439998583,0.0
21612.26299240595,0.3648404221543161
21632.30354481332,0.7296808443086322
21652.344097220684,0.3648404221543161
21672.384649628053,0.3648404221543161
21692.42520203542,0.3648404221543161
21712.465754442786,0.3648404221543161
21732.506306850155,0.0
21752.546859257523,0.3648404221543161
21772.58741166489,0.3648404221543161
21792.627964072257,0.7296808443086322
21812.66851647962,0.3648404221543161
21832.70906888699,1.4593616886172645
21852.74962129436,0.3648404221543161
21872.790173701724,0.0
21892.830726109092,0.0
21912.87127851646,0.3648404221543161
21932.911830923826,0.3648404221543161
21952.952383331194,0.7296808443086322
21972.992935738563,0.7296808443086322
21993.033488145928,0.0
22013.074040553296,0.0
22033.11459296066,0.0
22053.15514536803,0.3648404221543161
22073.195697775398,0.7296808443086322
22093.236250182763,0.3648404221543161
22113.27680259013,1.0945212664629485
22133.3173549975,0.3648404221543161
22153.357907404865,0.3648404221543161
22173.398459812233,0.3648404221543161
22193.439012219602,0.0
22213.479564626967,0.3648404221543161
22233.520117034335,0.3648404221543161
22253.5606694417,0.0
22273.60122184907,0.3648404221543161
22293.641774256437,0.3648404221543161
22313.682326663802,0.0
22333.72287907117,1.4593616886172645
22353.76343147854,0.7296808443086322
22373.803983885904,0.7296808443086322
22393.844536293273,0.0
22413.88508870064,0.0
22433.925641108006,0.0
22453.966193515374,0.0
22474.00674592274,0.3648404221543161
22494.047298330108,0.0
22514.087850737476,0.0
22534.12840314484,0.3648404221543161
22554.16895555221,0.0
22574.20950795958,0.7296808443086322
22594.250060366943,1.0945212664629485
22614.29061277431,0.3648404221543161
22634.33116518168,0.0
22654.371717589045,0.0
22674.412269996414,0.0
22694.452822403782,0.0
22714.493374811147,0.3648404221543161
22734.533927218516,0.0
22754.57447962588,0.3648404221543161
22774.61503203325,0.0
22794.655584440618,1.0945212664629485
22814.696136847982,0.3648404221543161
22834.73668925535,0.3648404221543161
22854.77724166272,0.3648404221543161
22874.817794070084,0.0
22894.858346477453,0.3648404221543161
22914.89889888482,0.3648404221543161
22934.939451292186,0.0
22954.980003699555,0.3648404221543161
22975.02055610692,0.0
22995.06110851429,0.0
23015.101660921657,0.3648404221543161
23035.14221332902,0.0
23055.18276573639,0.0
23075.22331814376,0.0
23095.263870551124,0.0
23115.304422958492,0.0
23135.34497536586,0.3648404221543161
23155.385527773225,0.0
23175.426080180594,0.0
23195.46663258796,0.0
23215.507184995327,0.7296808443086322
23235.547737402696,0.7296808443086322
23255.58828981006,0.7296808443086322
23275.62884221743,0.3648404221543161
23295.669394624798,0.0
23315.709947032163,0.0
23335.75049943953,0.7296808443086322
23355.7910518469,0.0
23375.831604254265,0.3648404221543161
23395.872156661633,0.3648404221543161
23415.912709068998,0.0
23435.953261476367,0.0
23455.993813883735,0.3648404221543161
23476.0343662911,0.0
23496.07491869847,0.0
23516.115471105837,0.0
23536.156023513202,0.0
23556.19657592057,0.3648404221543161
23576.23712832794,0.3648404221543161
23596.277680735304,0.3648404221543161
23616.318233142672,0.0
23636.358785550037,0.7296808443086322
23656.399337957406,0.0
23676.439890364774,0.3648404221543161
23696.48044277214,0.0
23716.520995179508,0.3648404221543161
23736.561547586876,0.0
23756.60209999424,0.0
23776.64265240161,0.0
23796.68320480898,0.0
23816.723757216343,0.3648404221543161
23836.76430962371,0.3648404221543161
23856.804862031076,0.0
23876.845414438445,0.0
23896.885966845814,0.3648404221543161
23916.92651925318,0.3648404221543161
23936.967071660547,0.0
23957.007624067915,0.0
23977.04817647528,0.0
23997.08872888265,0.0
24017.129281290017,0.0
24037.169833697382,0.0
24057.21038610475,0.3648404221543161
24077.25093851212,0.0
24097.291490919484,0.3648404221543161
24117.332043326853,0.0
24137.372595734218,0.0
24157.413148141586,0.0
24177.453700548955,0.0
24197.49425295632,0.3648404221543161
24217.534805363688,0.0
24237.575357771057,0.3648404221543161
24257.61591017842,0.3648404221543161
24277.65646258579,0.0
24297.69701499316,0.0
24317.737567400523,0.3648404221543161
24337.778119807892,0.3648404221543161
24357.818672215257,0.0
24377.859224622625,0.0
24397.899777029994,0.0
24417.94032943736,0.3648404221543161
24437.980881844727,0.0
24458.021434252096,0.3648404221543161
24478.06198665946,0.3648404221543161
24498.10253906683,0.3648404221543161
24518.143091474198,0.3648404221543161
24538.183643881563,0.0
24558.22419628893,0.3648404221543161
24578.264748696296,0.0
24598.305301103665,0.7296808443086322
24618.345853511033,0.0
24638.386405918398,0.0
24658.426958325766,0.0
24678.467510733135,0.0
24698.5080631405,0.0
24718.54861554787,0.0
24738.589167955237,0.7296808443086322
24758.6297203626,0.0
24778.67027276997,0.0
24798.710825177335,0.0
24818.751377584704,0.0
24838.791929992072,0.0
24858.832482399437,0.7296808443086322
24878.873034806806,0.0
24898.913587214174,0.0
24918.95413962154,0.0
24938.994692028908,0.3648404221543161
24959.035244436276,0.0
24979.07579684364,0.0
24999.11634925101,0.0
25019.156901658374,0.0
25039.197454065743,0.0
25059.23800647311,0.0
25079.278558880476,0.3648404221543161
25099.319111287845,0.0
25119.359663695213,0.0
25139.40021610258,0.0
25159.440768509947,0.0
25179.481320917315,0.0
25199.52187332468,0.0
25219.56242573205,0.0
25239.602978139414,0.0
25259.643530546782,0.0
25279.68408295415,0.0
25299.724635361516,0.0
25319.765187768884,0.3648404221543161
25339.805740176253,0.0
25359.846292583617,0.0
25379.886844990986,0.0
25399.927397398355,0.3648404221543161
25419.96794980572,0.0
25440.008502213088,0.0
25460.049054620456,0.0
25480.08960702782,0.0
25500.13015943519,0.3648404221543161
25520.170711842555,0.3648404221543161
25540.211264249923,0.0
25560.25181665729,0.0
25580.292369064657,0.0
25600.332921472025,0.0
25620.373473879394,0.0
25640.41402628676,0.0
25660.454578694127,0.0
25680.495131101496,0.0
25700.53568350886,0.0
25720.57623591623,0.0
25740.616788323594,0.0
25760.657340730962,0.0
25780.69789313833,0.0
25800.738445545696,0.3648404221543161
25820.778997953064,0.3648404221543161
25840.819550360433,0.0
25860.860102767798,0.0
25880.900655175166,0.0
25900.941207582535,0.0
25920.9817599899,0.3648404221543161
25941.02231239727,0.0
25961.062864804633,0.0
25981.103417212,0.0
26001.14396961937,0.0
26021.184522026735,0.0
26041.225074434104,0.0
26061.265626841472,0.0
26081.306179248837,0.3648404221543161
26101.346731656206,0.0
26121.387284063574,0.3648404221543161
26141.42783647094,0.0
26161.468388878307,0.0
26181.508941285672,0.0
26201.54949369304,0.0
26221.59004610041,0.0
26241.630598507774,0.0
26261.671150915143,0.0
26281.71170332251,0.0
26301.752255729876,0.0
26321.792808137245,0.0
26341.833360544613,0.0
26361.873912951978,0.0
26381.914465359347,0.0
26401.95501776671,0.0
26421.99557017408,0.0
26442.03612258145,0.0
26462.076674988813,0.0
26482.117227396182,0.0
26502.15777980355,0.0
26522.198332210915,0.0
26542.238884618284,0.3648404221543161
26562.279437025652,0.0
26582.319989433017,0.0
26602.360541840386,0.0
26622.40109424775,0.0
26642.44164665512,0.0
26662.482199062488,0.0
26682.522751469853,0.0
26702.56330387722,0.0
26722.60385628459,0.0
26742.644408691955,0.0
26762.684961099323,0.0
26782.72551350669,0.3648404221543161
26802.766065914057,0.0
26822.806618321425,0.0
26842.847170728794,0.0
26862.88772313616,0.0
26882.928275543527,0.0
26902.968827950892,0.0
26923.00938035826,0.0
26943.04993276563,0.0
26963.090485172994,0.0
26983.131037580362,0.0
27003.17158998773,0.0
27023.212142395096,0.0
27043.252694802464,0.0
27063.293247209833,0.0
27083.333799617198,0.0
27103.374352024566,0.0
27123.41490443193,0.0
27143.4554568393,0.0
27163.496009246668,0.0
27183.536561654033,0.3648404221543161
27203.5771140614,0.0
27223.61766646877,0.0
27243.658218876135,0.0
27263.698771283503,0.0
27283.739323690872,0.0
27303.779876098237,0.0
27323.820428505605,0.0
27343.86098091297,0.0
27363.90153332034,0.0
27383.942085727707,0.0
27403.982638135072,0.0
27424.02319054244,0.0
27444.06374294981,0.0
27464.104295357174,0.0
27484.144847764543,0.0
27504.18540017191,0.0
27524.225952579276,0.0
27544.266504986645,0.0
27564.30705739401,0.0
27584.347609801378,0.0
27604.388162208747,0.0
27624.42871461611,0.0
27644.46926702348,0.0
27664.50981943085,0.0
27684.550371838213,0.0
27704.590924245582,0.0
27724.63147665295,0.0
27744.672029060315,0.0
27764.712581467684,0.0
27784.75313387505,0.0
27804.793686282417,0.0
27824.834238689786,0.0
27844.87479109715,0.0
27864.91534350452,0.0
27884.955895911888,0.0
27904.996448319253,0.0
27925.03700072662,0.0
27945.07755313399,0.0
27965.118105541354,0.0
27985.158657948723,0.0
28005.199210356088,0.0
28025.239762763456,0.0
28045.280315170825,0.0
28065.32086757819,0.0
28085.36141998556,0.0
28105.401972392927,0.0
28125.44252480029,0.0
28145.48307720766,0.0
28165.52362961503,0.0
28185.564182022394,0.0
28205.604734429762,0.0
28225.64528683713,0.0
28245.685839244496,0.0
28265.726391651864,0.0
28285.76694405923,0.0
28305.807496466598,0.0
28325.848048873966,0.0
28345.88860128133,0.0
28365.9291536887,0.0
28385.969706096068,0.0
28406.010258503433,0.0
28426.0508109108,0.0
28446.09136331817,0.0
28466.131915725535,0.0
28486.172468132903,0.0
28506.21302054027,0.0
28526.253572947637,0.0
28546.294125355005,0.0
28566.33467776237,0.0
28586.37523016974,0.0
28606.415782577107,0.0
28626.456334984472,0.0
28646.49688739184,0.0
28666.53743979921,0.0
28686.577992206574,0.0
28706.618544613943,0.0
28726.659097021307,0.0
28746.699649428676,0.0
28766.740201836044,0.0
28786.78075424341,0.0
28806.821306650778,0.0
28826.861859058146,0.0
28846.90241146551,0.0
28866.94296387288,0.0
28886.98351628025,0.0
28907.024068687613,0.0
28927.06462109498,0.0
28947.105173502347,0.0
28967.145725909715,0.0
28987.186278317084,0.0
29007.22683072445,0.0
29027.267383131817,0.0
29047.307935539186,0.0
29067.34848794655,0.0
29087.38904035392,0.0
29107.429592761287,0.0
29127.470145168652,0.0
29147.51069757602,0.0
29167.551249983386,0.0
29187.591802390754,0.0
29207.632354798123,0.0
29227.672907205488,0.0
29247.713459612856,0.0
29267.754012020225,0.0
29287.79456442759,0.0
29307.835116834958,0.0
29327.875669242327,0.0
29347.91622164969,0.0
29367.95677405706,0.0
29387.997326464425,0.0
29408.037878871794,0.0
29428.078431279162,0.0
29448.118983686527,0.0
29468.159536093895,0.0
29488.200088501264,0.0
29508.24064090863,0.0
29528.281193315997,0.0
29548.321745723366,0.0
29568.36229813073,0.0
29588.4028505381,0.0
29608.443402945468,0.0
29628.483955352833,0.0
29648.5245077602,0.0
29668.565060167566,0.0
29688.605612574935,0.0
29708.646164982303,0.0
29728.686717389668,0.0
29748.727269797037,0.0
29768.767822204405,0.0
29788.80837461177,0.0
29808.84892701914,0.0
29828.889479426507,0.0
29848.930031833872,0.0
29868.97058424124,0.0
29889.011136648605,0.0
29909.051689055974,0.0
29929.092241463342,0.0
29949.132793870707,0.0
29969.173346278076,0.0
29989.213898685444,0.0
30009.25445109281,0.0
30029.295003500178,0.0
30049.335555907546,0.0
30069.37610831491,0.0
30089.41666072228,0.0
30109.457213129645,0.0
30129.497765537013,0.0
30149.53831794438,0.0
30169.578870351746,0.0
30189.619422759115,0.0
30209.659975166483,0.0
30229.70052757385,0.0
30249.741079981217,0.0
30269.781632388585,0.0
30289.82218479595,0.0
30309.86273720332,0.0
30329.903289610684,0.0
30349.943842018052,0.0
30369.98439442542,0.0
30390.024946832786,0.0
30410.065499240154,0.0
30430.106051647523,0.0
30450.146604054888,0.0
30470.187156462256,0.0
30490.227708869625,0.0
30510.26826127699,0.0
30530.308813684358,0.0
30550.349366091723,0.0
30570.38991849909,0.0
30590.43047090646,0.0
30610.471023313825,0.0
30630.511575721193,0.0
30650.552128128562,0.0
30670.592680535927,0.0
30690.633232943295,0.0
30710.673785350664,0.0
30730.71433775803,0.0
30750.754890165397,0.0
30770.795442572766,0.0
30790.83599498013,0.0
30810.8765473875,0.0
30830.917099794864,0.0
30850.957652202233,0.0
30870.9982046096,0.0
30891.038757016966,0.0
30911.079309424334,0.0
30931.119861831703,0.0
30951.160414239068,0.0
30971.200966646436,0.0
30991.241519053805,0.0
31011.28207146117,0.0
31031.32262386854,0.0
31051.363176275903,0.0
31071.40372868327,0.0
31091.44428109064,0.0
31111.484833498005,0.0
31131.525385905374,0.0
31151.565938312742,0.0
31171.606490720107,0.0
31191.647043127476,0.0
31211.687595534844,0.0
31231.72814794221,0.0
31251.768700349578,0.0
31271.809252756942,0.0
31291.84980516431,0.0
31311.89035757168,0.0
31331.930909979044,0.0
31351.971462386413,0.0
31372.01201479378,0.0
31392.052567201146,0.0
31412.093119608515,0.0
31432.133672015883,0.0
31452.17422442325,0.0
31472.214776830617,0.0
31492.25532923798,0.0
31512.29588164535,0.0
31532.33643405272,0.0
31552.376986460084,0.0
31572.417538867452,0.0
31592.45809127482,0.0
31612.498643682186,0.0
31632.539196089554,0.0
31652.579748496923,0.0
31672.620300904287,0.0
31692.660853311656,0.0
31712.70140571902,0.0
31732.74195812639,0.0
31752.782510533758,0.0
31772.823062941123,0.0
31792.86361534849,0.0
31812.90416775586,0.0
31832.944720163225,0.0
31852.985272570593,0.0
31873.02582497796,0.0
31893.066377385327,0.0
31913.106929792695,0.0
31933.14748220006,0.0
31953.18803460743,0.0
31973.228587014797,0.0
31993.269139422162,0.0
32013.30969182953,0.0
32033.3502442369,0.0
32053.390796644264,0.0
32073.431349051632,0.0
32093.471901459,0.0
32113.512453866366,0.0
32133.553006273734,0.0
32153.593558681103,0.0
32173.634111088468,0.0
32193.674663495836,0.0
32213.7152159032,0.0
32233.75576831057,0.0
32253.79632071794,0.0
32273.836873125303,0.0
32293.87742553267,0.0
32313.91797794004,0.0
32333.958530347405,0.0
32353.999082754774,0.0
32374.039635162142,0.0
32394.080187569507,0.0
32414.120739976875,0.0
32434.16129238424,0.0
32454.20184479161,0.0
32474.242397198977,0.0
32494.282949606342,0.0
32514.32350201371,0.0
32534.36405442108,0.0
32554.404606828444,0.0
32574.445159235813,0.0
32594.48571164318,0.0
32614.526264050546,0.0
32634.566816457915,0.0
32654.60736886528,0.0
32674.647921272648,0.0
32694.688473680017,0.0
32714.72902608738,0.0
32734.76957849475,0.0
32754.81013090212,0.0
32774.85068330949,0.0
32794.89123571685,0.0
32814.93178812422,0.0
32834.97234053159,0.0
32855.012892938954,0.0
32875.05344534632,0.0
32895.09399775369,0.0
32915.134550161056,0.0
32935.17510256842,0.0
32955.21565497579,0.0
32975.25620738316,0.0
32995.29675979052,0.0
33015.33731219789,0.0
33035.37786460526,0.0
33055.418417012625,0.0
33075.45896941999,0.0
33095.49952182736,0.0
33115.54007423473,0.0
33135.58062664209,0.0
33155.62117904946,0.0
33175.66173145683,0.0
33195.70228386419,0.0
33215.742836271565,0.0
33235.78338867893,0.0
33255.823941086295,0.0
33275.86449349367,0.0
33295.90504590103,0.0
33315.9455983084,0.0
33335.98615071577,0.0
33356.026703123134,0.0
33376.0672555305,0.0
33396.10780793787,0.0
33416.148360345236,0.0
33436.1889127526,0.0
33456.229465159966,0.0
33476.27001756734,0.0
33496.3105699747,0.0
33516.35112238207,0.0
33536.39167478944,0.0
33556.432227196805,0.0
33576.47277960417,0.0
33596.51333201154,0.0
33616.55388441891,0.0
33636.59443682627,0.0
33656.634989233644,0.0
33676.67554164101,0.0
33696.71609404837,0.0
33716.756646455746,0.0
33736.79719886311,0.0
33756.837751270476,0.0
33776.87830367785,0.0
33796.91885608521,0.0
33816.95940849258,0.0
33836.99996089995,0.0
33857.040513307315,0.0
33877.08106571468,0.0
33897.121618122044,0.0
33917.16217052942,0.0
33937.20272293678,0.0
33957.243275344146,0.0
33977.28382775152,0.0
33997.32438015888,0.0
34017.36493256625,0.0
34037.40548497362,0.0
34057.446037380985,0.0
34077.48658978835,0.0
34097.52714219572,0.0
34117.56769460309,0.0
34137.60824701045,0.0
34157.648799417824,0.0
34177.68935182519,0.0
34197.729904232554,0.0
34217.770456639926,0.0
34237.81100904729,0.0
34257.851561454656,0.0
34277.89211386203,0.0
34297.93266626939,0.0
34317.97321867676,0.0
34338.01377108413,0.0
34358.054323491495,0.0
34378.09487589886,0.0
34398.135428306225,0.0
34418.1759807136,0.0
34438.21653312096,0.0
34458.25708552833,0.0
34478.2976379357,0.0
34498.33819034306,0.0
34518.37874275043,0.0
34538.4192951578,0.0
34558.459847565166,0.0
34578.50039997253,0.0
34598.5409523799,0.0
34618.58150478727,0.0
34638.62205719463,0.0
34658.662609602005,0.0
34678.70316200937,0.0
34698.743714416734,0.0
34718.78426682411,0.0
34738.82481923147,0.0
34758.865371638836,0.0
34778.90592404621,0.0
34798.94647645357,0.0
34818.98702886094,0.0
34839.0275812683,0.0
34859.068133675675,0.0
34879.10868608304,0.0
34899.149238490405,0.0
34919.18979089778,0.0
34939.23034330514,0.0
34959.27089571251,0.0
34979.31144811988,0.0
34999.352000527244,0.0
35019.39255293461,0.0
35039.43310534198,0.0
35059.473657749346,0.0
35079.51421015671,0.0
35099.55476256408,0.0
35119.59531497145,0.0
35139.63586737881,0.0
35159.676419786185,0.0
35179.71697219355,0.0
35199.757524600915,0.0
35219.79807700829,0.0
35239.83862941565,0.0
35259.87918182302,0.0
35279.91973423038,0.0
35299.96028663775,0.0
35320.00083904512,0.0
35340.04139145248,0.0
35360.081943859856,0.0
35380.12249626722,0.0
35400.163048674585,0.0
35420.20360108196,0.0
35440.24415348932,0.0
35460.28470589669,0.0
35480.32525830406,0.0
35500.365810711424,0.0
35520.40636311879,0.0
35540.44691552616,0.0
35560.487467933526,0.0
35580.52802034089,0.0
35600.56857274826,0.0
35620.60912515563,0.0
35640.64967756299,0.0
35660.690229970365,0.0
35680.73078237773,0.0
35700.771334785095,0.0
35720.81188719247,0.0
35740.85243959983,0.0
35760.8929920072,0.0
35780.93354441456,0.0
35800.974096821934,0.0
35821.0146492293,0.0
35841.055201636664,0.0
35861.095754044036,0.0
35881.1363064514,0.0
35901.176858858766,0.0
35921.21741126614,0.0
35941.2579636735,0.0
35961.29851608087,0.0
35981.33906848824,0.0
36001.379620895605,0.0
36021.42017330297,0.0
36041.46072571034,0.0
36061.50127811771,0.0
36081.54183052507,0.0
36101.58238293244,0.0
36121.62293533981,0.0
36141.66348774717,0.0
36161.704040154546,0.0
36181.74459256191,0.0
36201.785144969275,0.0
36221.82569737664,0.0
36241.86624978401,0.0
36261.90680219138,0.0
36281.94735459874,0.0
36301.987907006114,0.0
36322.02845941348,0.0
36342.069011820844,0.0
36362.109564228216,0.0
36382.15011663558,0.0
36402.190669042946,0.0
36422.23122145032,0.0
36442.27177385768,0.0
36462.31232626505,0.0
36482.35287867242,0.0
36502.393431079785,0.0
36522.43398348715,0.0
36542.47453589452,0.0
36562.51508830189,0.0
36582.55564070925,0.0
36602.596193116624,0.0
36622.63674552399,0.0
36642.677297931354,0.0
36662.71785033872,0.0
36682.75840274609,0.0
36702.798955153456,0.0
36722.83950756082,0.0
36742.88005996819,0.0
36762.92061237556,0.0
36782.96116478292,0.0
36803.001717190295,0.0
36823.04226959766,0.0
36843.082822005024,0.0
36863.1233744124,0.0
36883.16392681976,0.0
36903.204479227126,0.0
36923.2450316345,0.0
36943.28558404186,0.0
36963.32613644923,0.0
36983.3666888566,0.0
37003.407241263965,0.0
37023.44779367133,0.0
37043.4883460787,0.0
37063.52889848607,0.0
37083.56945089343,0.0
37103.610003300804,0.0
37123.65055570817,0.0
37143.691108115534,0.0
37163.7316605229,0.0
37183.77221293027,0.0
37203.812765337636,0.0
37223.853317745,0.0
37243.89387015237,0.0
37263.93442255974,0.0
37283.9749749671,0.0
37304.015527374475,0.0
37324.05607978184,0.0
37344.096632189205,0.0
37364.13718459658,0.0
37384.17773700394,0.0
37404.21828941131,0.0
37424.25884181868,0.0
37444.299394226044,0.0
37464.33994663341,0.0
37484.38049904078,0.0
37504.421051448146,0.0
37524.46160385551,0.0
37544.50215626288,0.0
37564.54270867025,0.0
37584.58326107761,0.0
37604.62381348498,0.0
37624.66436589235,0.0
37644.704918299714,0.0
37664.74547070708,0.0
37684.78602311445,0.0
37704.826575521816,0.0
37724.86712792918,0.0
37744.90768033655,0.0
37764.94823274392,0.0
37784.98878515128,0.0
37805.029337558655,0.0
37825.06988996602,0.0
37845.110442373385,0.0
37865.15099478076,0.0
37885.19154718812,0.0
37905.23209959549,0.0
37925.27265200286,0.0
37945.313204410224,0.0
37965.35375681759,0.0
37985.39430922496,0.0
38005.434861632326,0.0
38025.47541403969,0.0
38045.515966447056,0.0
38065.55651885443,0.0
38085.59707126179,0.0
38105.63762366916,0.0
38125.67817607653,0.0
38145.718728483895,0.0
38165.75928089126,0.0
38185.79983329863,0.0
38205.840385706,0.0
38225.88093811336,0.0
38245.921490520734,0.0
38265.9620429281,0.0
38286.00259533546,0.0
38306.043147742836,0.0
38326.0837001502,0.0
38346.124252557565,0.0
38366.16480496494,0.0
38386.2053573723,0.0
38406.24590977967,0.0
38426.28646218704,0.0
38446.327014594404,0.0
38466.36756700177,0.0
38486.40811940914,0.0
38506.448671816506,0.0
38526.48922422387,0.0
38546.529776631236,0.0
38566.57032903861,0.0
38586.61088144597,0.0
38606.65143385334,0.0
38626.69198626071,0.0
38646.732538668075,0.0
38666.77309107544,0.0
38686.81364348281,0.0
38706.85419589018,0.0
38726.89474829754,0.0
38746.935300704914,0.0
38766.97585311228,0.0
38787.016405519644,0.0
38807.056957927016,0.0
38827.09751033438,0.0
38847.138062741746,0.0
38867.17861514912,0.0
38887.21916755648,0.0
38907.25971996385,0.0
38927.30027237122,0.0
38947.340824778585,0.0
38967.38137718595,0.0
38987.421929593314,0.0
39007.46248200069,0.0
39027.50303440805,0.0
39047.543586815416,0.0
39067.58413922279,0.0
39087.62469163015,0.0
39107.66524403752,0.0
39127.70579644489,0.0
39147.746348852255,0.0
39167.78690125962,0.0
39187.82745366699,0.0
39207.86800607436,0.0
39227.90855848172,0.0
39247.949110889094,0.0
39267.98966329646,0.0
39288.030215703824,0.0
39308.070768111196,0.0
39328.11132051856,0.0
39348.151872925926,0.0
39368.1924253333,0.0
39388.23297774066,0.0
39408.27353014803,0.0
39428.31408255539,0.0
39448.354634962765,0.0
39468.39518737013,0.0
39488.435739777495,0.0
39508.47629218487,0.0
39528.51684459223,0.0
39548.5573969996,0.0
39568.59794940697,0.0
39588.638501814334,0.0
39608.6790542217,0.0
39628.71960662907,0.0
39648.760159036436,0.0
39668.8007114438,0.0
39688.84126385117,0.0
39708.88181625854,0.0
39728.9223686659,0.0
39748.962921073275,0.0
39769.00347348064,0.0
39789.044025888004,0.0
39809.08457829538,0.0
39829.12513070274,0.0
39849.165683110106,0.0
39869.20623551748,0.0
39889.24678792484,0.0
39909.28734033221,0.0
39929.32789273957,0.0
39949.368445146945,0.0
39969.40899755431,0.0
39989.449549961675,0.0
40009.49010236905,0.0
40029.53065477641,0.0
40049.57120718378,0.0
40069.61175959115,0.0
40089.652311998514,0.0
40109.69286440588,0.0
40129.73341681325,0.0
40149.773969220616,0.0
40169.81452162798,0.0
40189.85507403535,0.0
40209.89562644272,0.0
40229.93617885008,0.0
40249.976731257455,0.0
40270.01728366482,0.0
40290.057836072185,0.0
40310.09838847956,0.0
40330.13894088692,0.0
40350.17949329429,0.0
40370.22004570165,0.0
40390.260598109024,0.0
40410.30115051639,0.0
40430.34170292375,0.0
40450.382255331126,0.0
40470.42280773849,0.0
40490.463360145855,0.0
40510.50391255323,0.0
40530.54446496059,0.0
40550.58501736796,0.0
40570.62556977533,0.0
40590.666122182694,0.0
40610.70667459006,0.0
40630.74722699743,0.0
40650.787779404796,0.0
40670.82833181216,0.0
40690.86888421953,0.0
40710.9094366269,0.0
40730.94998903426,0.0
40750.990541441635,0.0
40771.031093849,0.0
40791.071646256365,0.0
40811.11219866373,0.0
40831.1527510711,0.0
40851.19330347847,0.0
40871.23385588583,0.0
40891.274408293204,0.0
40911.31496070057,0.0
40931.355513107934,0.0
40951.396065515306,0.0
40971.43661792267,0.0
40991.477170330036,0.0
41011.51772273741,0.0
