Energy (keV),Intensity (CPS)
-11.410412051965562,0.0
8.631942988983525,0.0
28.67429802993261,0.0
48.71665307088169,0.0
68.75900811183078,0.0
88.80136315277987,0.0
108.84371819372895,0.0
128.88607323467807,0.0
148.92842827562714,0.0
168.97078331657622,0.0
189.01313835752532,0.0
209.0554933984744,0.0
229.09784843942347,0.0
249.14020348037255,0.0
269.18255852132165,0.0
289.22491356227073,0.0
309.2672686032198,0.4129204611772637
329.3096236441689,0.8258409223545274
349.35197868511796,0.0
369.3943337260671,3.3033636894181098
389.43668876701616,3.7162841505953734
409.47904380796524,6.6067273788362195
429.5213988489143,7.019647840013484
449.5637538898634,7.845488762368011
469.60610893081247,11.561772912963384
489.6484639717616,16.51681844709055
509.6908190127106,14.45221614120423
529.7331740536598,16.92973890826781
549.7755290946089,14.865136602381494
569.817884135558,24.77522767063582
589.8602391765071,25.188148131813087
609.9025942174561,17.342659369445077
629.9449492584052,26.839829976522143
649.9873042993544,23.949386748281295
670.0296593403034,22.710625364749504
690.0720143812525,17.75557983062234
710.1143694222015,22.297704903572242
730.1567244631507,27.66567089887667
750.1990795040998,28.90443228240846
770.2414345450488,30.556114127117514
790.283789585998,32.20779597182657
810.326144626947,25.60106859299035
830.3684996678961,31.381955049472044
850.4108547088452,23.12354582592677
870.4532097497943,26.426909515344878
890.4955647907434,26.426909515344878
910.5379198316924,30.143193665940252
930.5802748726416,21.471863981217712
950.6226299135906,31.794875510649305
970.6649849545397,27.252750437699405
990.7073399954888,35.92408012242194
1010.7496950364379,26.013989054167613
1030.7920500773869,28.90443228240846
1050.834405118336,32.620716433003835
1070.8767601592851,30.556114127117514
1090.9191152002343,23.536466287104034
1110.9614702411834,27.252750437699405
1131.0038252821323,33.0336368941811
1151.0461803230814,30.96903458829478
1171.0885353640306,31.794875510649305
1191.1308904049797,31.381955049472044
1211.1732454459288,28.491511821231196
1231.2156004868777,32.20779597182657
1251.2579555278269,21.05894352004045
1271.300310568776,28.491511821231196
1291.3426656097251,30.96903458829478
1311.3850206506743,29.317352743585722
1331.4273756916232,27.252750437699405
1351.4697307325723,29.730273204762987
1371.5120857735214,24.77522767063582
1391.5544408144706,26.839829976522143
1411.5967958554197,21.05894352004045
1431.6391508963686,25.188148131813087
1451.6815059373178,25.60106859299035
1471.7238609782669,26.426909515344878
1491.766216019216,28.491511821231196
1511.8085710601651,29.317352743585722
1531.850926101114,22.710625364749504
1551.8932811420632,19.82018213650866
1571.9356361830123,22.710625364749504
1591.9779912239615,22.297704903572242
1612.0203462649106,19.407261675331394
1632.0627013058595,23.949386748281295
1652.1050563468086,14.865136602381494
1672.1474113877578,14.865136602381494
1692.189766428707,19.82018213650866
1712.232121469656,20.23310259768592
1732.274476510605,22.710625364749504
1752.316831551554,16.103897985913285
1772.3591865925032,22.297704903572242
1792.4015416334523,16.103897985913285
1812.4438966744015,20.646023058863186
1832.4862517153504,22.297704903572242
1852.5286067562995,16.92973890826781
1872.5709617972486,17.342659369445077
1892.6133168381978,22.710625364749504
1912.6556718791467,22.297704903572242
1932.6980269200958,19.82018213650866
1952.740381961045,20.646023058863186
1972.782737001994,21.884784442394977
1992.8250920429432,14.039295680026967
2012.867447083892,20.23310259768592
2032.9098021248412,19.407261675331394
2052.9521571657906,17.342659369445077
2072.9945122067393,20.646023058863186
2093.0368672476884,16.103897985913285
2113.0792222886375,18.581420752976868
2133.1215773295867,21.884784442394977
2153.163932370536,18.168500291799603
2173.206287411485,18.581420752976868
2193.248642452434,18.581420752976868
2213.290997493383,15.278057063558757
2233.3333525343323,14.45221614120423
2253.3757075752815,21.884784442394977
2273.41806261623,21.884784442394977
2293.4604176571793,21.884784442394977
2313.5027726981284,17.342659369445077
2333.5451277390775,19.407261675331394
2353.5874827800267,20.23310259768592
2373.629837820976,15.690977524736022
2393.672192861925,16.51681844709055
2413.714547902874,16.92973890826781
2433.756902943823,14.039295680026967
2453.7992579847723,11.974693374140648
2473.841613025721,18.99434121415413
2493.88396806667,16.92973890826781
2513.9263231076193,19.82018213650866
2533.9686781485684,13.213454757672439
2554.0110331895175,17.75557983062234
2574.0533882304667,18.581420752976868
2594.095743271416,11.561772912963384
2614.138098312365,14.45221614120423
2634.180453353314,14.865136602381494
2654.2228083942628,12.38761383531791
2674.265163435212,12.800534296495176
2694.307518476161,12.800534296495176
2714.34987351711,14.45221614120423
2734.3922285580593,12.800534296495176
2754.4345835990084,9.497170607077065
2774.4769386399576,14.039295680026967
2794.5192936809067,8.671329684722538
2814.561648721856,11.974693374140648
2834.604003762805,10.735931990608856
2854.6463588037536,12.800534296495176
2874.6887138447028,10.735931990608856
2894.731068885652,13.626375218849702
2914.773423926601,15.278057063558757
2934.81577896755,17.342659369445077
2954.8581340084993,13.213454757672439
2974.9004890494484,11.148852451786121
2994.9428440903976,11.974693374140648
3014.9851991313467,17.342659369445077
3035.027554172296,9.91009106825433
3055.0699092132445,10.323011529431593
3075.1122642541936,13.213454757672439
3095.1546192951428,6.6067273788362195
3115.196974336092,9.084250145899802
3135.239329377041,6.193806917658955
3155.28168441799,8.258409223545275
3175.3240394589393,11.974693374140648
3195.3663944998884,9.084250145899802
3215.4087495408376,8.258409223545275
3235.4511045817867,12.800534296495176
3255.4934596227354,10.323011529431593
3275.5358146636845,7.432568301190747
3295.5781697046336,8.671329684722538
3315.6205247455828,10.323011529431593
3335.662879786532,8.258409223545275
3355.705234827481,6.193806917658955
3375.74758986843,10.323011529431593
3395.7899449093793,9.497170607077065
3415.8322999503284,6.193806917658955
3435.8746549912776,4.542125072949901
3455.9170100322262,7.845488762368011
3475.9593650731754,5.367965995304428
3496.0017201141245,7.432568301190747
3516.0440751550736,5.780886456481692
3536.086430196023,6.193806917658955
3556.128785236972,4.1292046117726375
3576.171140277921,6.6067273788362195
3596.21349531887,3.7162841505953734
3616.2558503598193,6.193806917658955
3636.2982054007684,6.6067273788362195
3656.340560441717,9.084250145899802
3676.3829154826662,10.323011529431593
3696.4252705236154,6.6067273788362195
3716.4676255645645,6.193806917658955
3736.5099806055136,4.955045534127165
3756.552335646463,5.780886456481692
3776.594690687412,5.367965995304428
3796.637045728361,4.955045534127165
3816.67940076931,4.955045534127165
3836.721755810259,6.193806917658955
3856.764110851208,4.955045534127165
3876.806465892157,6.193806917658955
3896.8488209331063,4.955045534127165
3916.8911759740554,2.890443228240846
3936.9335310150045,3.7162841505953734
3956.9758860559537,4.1292046117726375
3977.018241096903,4.955045534127165
3997.060596137852,4.1292046117726375
4017.102951178801,2.890443228240846
4037.1453062197497,4.955045534127165
4057.187661260699,3.3033636894181098
4077.230016301648,2.4775227670635824
4097.272371342597,3.7162841505953734
4117.314726383546,3.3033636894181098
4137.357081424495,2.4775227670635824
4157.399436465444,5.367965995304428
4177.441791506393,1.2387613835317912
4197.484146547342,3.3033636894181098
4217.5265015882915,2.890443228240846
4237.56885662924,3.3033636894181098
4257.61121167019,3.3033636894181098
4277.653566711138,3.3033636894181098
4297.695921752088,3.3033636894181098
4317.738276793037,2.4775227670635824
4337.780631833985,3.7162841505953734
4357.822986874935,3.3033636894181098
4377.865341915884,3.3033636894181098
4397.907696956833,2.4775227670635824
4417.950051997782,4.1292046117726375
4437.9924070387315,1.2387613835317912
4458.03476207968,2.890443228240846
4478.07711712063,2.4775227670635824
4498.119472161578,3.3033636894181098
4518.161827202528,2.4775227670635824
4538.204182243477,1.6516818447090549
4558.246537284425,1.6516818447090549
4578.288892325375,1.2387613835317912
4598.331247366324,2.0646023058863188
4618.373602407273,0.8258409223545274
4638.415957448222,3.7162841505953734
4658.4583124891715,2.4775227670635824
4678.50066753012,1.6516818447090549
4698.54302257107,2.4775227670635824
4718.585377612018,1.6516818447090549
4738.627732652967,1.2387613835317912
4758.670087693917,2.0646023058863188
4778.712442734865,2.0646023058863188
4798.754797775815,3.7162841505953734
4818.797152816764,1.6516818447090549
4838.839507857713,0.8258409223545274
4858.881862898662,2.4775227670635824
4878.9242179396115,1.6516818447090549
4898.96657298056,0.4129204611772637
4919.00892802151,2.0646023058863188
4939.051283062458,1.6516818447090549
4959.093638103407,1.2387613835317912
4979.135993144357,3.3033636894181098
4999.178348185305,1.6516818447090549
5019.220703226255,0.8258409223545274
5039.263058267204,0.8258409223545274
5059.305413308153,3.3033636894181098
5079.347768349102,1.2387613835317912
5099.3901233900515,2.0646023058863188
5119.432478431,1.6516818447090549
5139.474833471949,3.7162841505953734
5159.517188512898,2.4775227670635824
5179.559543553847,2.4775227670635824
5199.601898594797,1.2387613835317912
5219.644253635745,0.8258409223545274
5239.686608676695,0.4129204611772637
5259.728963717644,0.8258409223545274
5279.771318758593,2.0646023058863188
5299.813673799542,2.0646023058863188
5319.856028840491,2.4775227670635824
5339.89838388144,0.8258409223545274
5359.940738922389,3.3033636894181098
5379.983093963338,4.955045534127165
5400.025449004287,5.367965995304428
5420.067804045237,3.7162841505953734
5440.110159086185,2.0646023058863188
5460.152514127135,2.4775227670635824
5480.194869168084,1.6516818447090549
5500.237224209033,2.4775227670635824
5520.279579249982,0.4129204611772637
5540.321934290931,1.6516818447090549
5560.36428933188,0.4129204611772637
5580.406644372829,0.8258409223545274
5600.448999413778,0.4129204611772637
5620.491354454727,1.6516818447090549
5640.533709495677,1.2387613835317912
5660.576064536625,2.4775227670635824
5680.618419577575,1.2387613835317912
5700.660774618524,0.8258409223545274
5720.703129659472,0.8258409223545274
5740.745484700422,0.4129204611772637
5760.787839741371,3.7162841505953734
5780.83019478232,0.4129204611772637
5800.872549823269,1.6516818447090549
5820.914904864218,1.2387613835317912
5840.957259905167,2.4775227670635824
5860.999614946117,2.4775227670635824
5881.041969987065,1.6516818447090549
5901.084325028015,2.4775227670635824
5921.126680068964,2.0646023058863188
5941.169035109912,1.2387613835317912
5961.211390150862,3.3033636894181098
5981.253745191811,0.4129204611772637
6001.29610023276,1.6516818447090549
6021.338455273709,0.8258409223545274
6041.380810314658,0.8258409223545274
6061.423165355607,0.4129204611772637
6081.465520396557,1.2387613835317912
6101.507875437505,1.2387613835317912
6121.550230478454,0.8258409223545274
6141.592585519404,0.8258409223545274
6161.634940560352,0.4129204611772637
6181.677295601302,0.8258409223545274
6201.719650642251,0.8258409223545274
6221.7620056832,1.2387613835317912
6241.804360724149,1.2387613835317912
6261.846715765098,2.0646023058863188
6281.889070806047,2.4775227670635824
6301.931425846997,2.0646023058863188
6321.973780887945,3.3033636894181098
6342.016135928894,5.367965995304428
6362.058490969844,11.148852451786121
6382.100846010792,3.7162841505953734
6402.143201051742,6.6067273788362195
6422.185556092691,6.193806917658955
6442.22791113364,4.1292046117726375
6462.270266174589,6.193806917658955
6482.3126212155385,3.7162841505953734
6502.354976256487,2.4775227670635824
6522.397331297436,1.2387613835317912
6542.439686338385,1.2387613835317912
6562.482041379334,1.6516818447090549
6582.524396420284,2.0646023058863188
6602.566751461232,0.4129204611772637
6622.609106502182,0.0
6642.651461543131,0.8258409223545274
6662.69381658408,0.0
6682.736171625029,0.8258409223545274
6702.778526665978,1.2387613835317912
6722.820881706927,0.4129204611772637
6742.863236747876,2.4775227670635824
6762.905591788825,1.2387613835317912
6782.947946829774,1.2387613835317912
6802.990301870724,0.4129204611772637
6823.032656911672,1.2387613835317912
6843.075011952622,2.0646023058863188
6863.117366993571,0.4129204611772637
6883.15972203452,1.6516818447090549
6903.202077075469,1.6516818447090549
6923.244432116418,1.6516818447090549
6943.286787157367,2.0646023058863188
6963.329142198316,2.0646023058863188
6983.371497239265,1.6516818447090549
7003.413852280214,1.2387613835317912
7023.456207321164,2.890443228240846
7043.498562362112,2.0646023058863188
7063.540917403062,1.6516818447090549
7083.583272444011,0.8258409223545274
7103.625627484959,2.890443228240846
7123.667982525909,3.3033636894181098
7143.710337566858,0.8258409223545274
7163.752692607807,2.890443228240846
7183.795047648756,1.6516818447090549
7203.837402689705,1.6516818447090549
7223.879757730654,2.0646023058863188
7243.922112771604,1.6516818447090549
7263.964467812552,1.6516818447090549
7284.006822853502,1.6516818447090549
7304.049177894451,1.6516818447090549
7324.091532935399,0.8258409223545274
7344.133887976349,1.2387613835317912
7364.176243017298,0.8258409223545274
7384.218598058247,1.2387613835317912
7404.260953099196,0.8258409223545274
7424.303308140145,2.890443228240846
7444.345663181094,3.3033636894181098
7464.388018222044,4.1292046117726375
7484.430373262992,2.4775227670635824
7504.472728303941,4.1292046117726375
7524.515083344891,0.8258409223545274
7544.557438385839,2.890443228240846
7564.599793426789,0.8258409223545274
7584.642148467738,2.890443228240846
7604.684503508687,2.0646023058863188
7624.726858549636,2.0646023058863188
7644.769213590585,1.6516818447090549
7664.811568631534,1.2387613835317912
7684.853923672483,2.4775227670635824
7704.896278713432,0.8258409223545274
7724.938633754381,0.8258409223545274
7744.980988795331,1.2387613835317912
7765.023343836279,1.6516818447090549
7785.065698877229,2.4775227670635824
7805.108053918178,4.542125072949901
7825.150408959127,6.193806917658955
7845.192764000076,4.1292046117726375
7865.235119041025,4.542125072949901
7885.277474081974,4.955045534127165
7905.319829122923,11.561772912963384
7925.362184163872,11.148852451786121
7945.404539204821,21.471863981217712
7965.446894245771,27.66567089887667
7985.489249286719,45.00833026832174
8005.531604327669,63.58975102129861
8025.573959368618,66.0672737883622
8045.616314409567,67.71895563307125
8065.658669450516,55.744262258930604
8085.7010244914645,47.07293257420807
8105.743379532414,47.485853035385325
8125.785734573363,32.620716433003835
8145.828089614312,14.45221614120423
8165.870444655261,13.626375218849702
8185.912799696211,7.019647840013484
8205.95515473716,4.1292046117726375
8225.997509778108,3.7162841505953734
8246.039864819058,0.8258409223545274
8266.082219860007,2.4775227670635824
8286.124574900956,6.6067273788362195
8306.166929941905,2.4775227670635824
8326.209284982853,3.7162841505953734
8346.251640023804,2.0646023058863188
8366.293995064752,5.367965995304428
8386.336350105701,3.3033636894181098
8406.37870514665,5.367965995304428
8426.4210601876,9.084250145899802
8446.463415228549,8.671329684722538
8466.505770269498,16.92973890826781
8486.548125310446,25.60106859299035
8506.590480351395,42.53080750125816
8526.632835392345,77.62904670132558
8546.675190433294,106.12055852255678
8566.717545474243,171.36199138856443
8586.759900515191,225.45457180278598
8606.802255556142,244.86183347811738
8626.84461059709,291.10892512997094
8646.88696563804,273.76626576052587
8666.929320678988,269.2241406875759
8686.971675719937,196.55013952037754
8707.014030760887,139.15419541673788
8727.056385801836,107.35931990608857
8747.098740842785,62.35098963776682
8767.141095883733,38.401602889485524
8787.183450924684,21.05894352004045
8807.225805965632,18.168500291799603
8827.268161006581,12.800534296495176
8847.31051604753,15.278057063558757
8867.35287108848,12.800534296495176
8887.395226129429,16.51681844709055
8907.437581170378,17.75557983062234
8927.479936211326,15.278057063558757
8947.522291252275,21.05894352004045
8967.564646293225,11.148852451786121
8987.607001334174,8.258409223545275
9007.649356375123,9.91009106825433
9027.691711416071,7.019647840013484
9047.734066457022,4.955045534127165
9067.77642149797,4.955045534127165
9087.81877653892,1.6516818447090549
9107.861131579868,3.7162841505953734
9127.903486620817,2.4775227670635824
9147.945841661767,2.4775227670635824
9167.988196702716,1.2387613835317912
9188.030551743665,2.890443228240846
9208.072906784613,2.0646023058863188
9228.115261825564,2.890443228240846
9248.157616866512,2.4775227670635824
9268.199971907461,3.7162841505953734
9288.24232694841,3.7162841505953734
9308.284681989358,7.019647840013484
9328.327037030309,7.019647840013484
9348.369392071258,8.258409223545275
9368.411747112206,9.91009106825433
9388.454102153155,13.626375218849702
9408.496457194105,16.92973890826781
9428.538812235054,18.168500291799603
9448.581167276003,14.865136602381494
9468.623522316951,21.471863981217712
9488.6658773579,26.013989054167613
9508.70823239885,33.85947781653562
9528.7505874398,49.96337580244891
9548.792942480748,47.89877349656259
9568.835297521697,45.83417119067627
9588.877652562647,43.35664842361269
9608.920007603596,40.87912565654911
9628.962362644545,34.68531873889015
9649.004717685493,27.252750437699405
9669.047072726442,19.82018213650866
9689.089427767392,15.278057063558757
9709.131782808341,6.6067273788362195
9729.17413784929,6.193806917658955
9749.216492890238,2.0646023058863188
9769.258847931189,2.890443228240846
9789.301202972138,2.0646023058863188
9809.343558013086,1.2387613835317912
9829.385913054035,1.2387613835317912
9849.428268094985,1.6516818447090549
9869.470623135934,2.0646023058863188
9889.512978176883,0.8258409223545274
9909.555333217832,1.2387613835317912
9929.59768825878,0.8258409223545274
9949.64004329973,0.8258409223545274
9969.68239834068,2.0646023058863188
9989.724753381628,2.4775227670635824
10009.767108422577,1.6516818447090549
10029.809463463527,0.8258409223545274
10049.851818504476,2.4775227670635824
10069.894173545425,0.4129204611772637
10089.936528586373,2.0646023058863188
10109.978883627322,1.6516818447090549
10130.021238668272,2.4775227670635824
10150.063593709221,1.6516818447090549
10170.10594875017,0.8258409223545274
10190.148303791118,4.1292046117726375
10210.190658832069,1.6516818447090549
10230.233013873018,2.890443228240846
10250.275368913966,1.2387613835317912
10270.317723954915,3.3033636894181098
10290.360078995864,1.6516818447090549
10310.402434036814,2.0646023058863188
10330.444789077763,1.6516818447090549
10350.487144118712,1.2387613835317912
10370.52949915966,2.4775227670635824
10390.57185420061,1.6516818447090549
10410.61420924156,0.8258409223545274
10430.656564282508,2.0646023058863188
10450.698919323457,5.367965995304428
10470.741274364405,7.019647840013484
10490.783629405356,3.7162841505953734
10510.825984446305,3.7162841505953734
10530.868339487253,3.7162841505953734
10550.910694528202,4.955045534127165
10570.953049569152,7.432568301190747
10590.995404610101,8.671329684722538
10611.03775965105,14.039295680026967
10631.080114691998,18.581420752976868
10651.122469732947,20.646023058863186
10671.164824773898,33.85947781653562
10691.207179814846,47.89877349656259
10711.249534855795,66.0672737883622
10731.291889896744,97.8621492990115
10751.334244937694,123.46321789200185
10771.376599978643,158.148536630892
10791.418955019592,178.7945596897552
10811.46131006054,213.06695796746808
10831.50366510149,234.53882194868578
10851.54602014244,231.2354582592677
10871.588375183388,222.97704903572242
10891.630730224337,185.40128706859142
10911.673085265285,151.12888879087853
10931.715440306236,111.07560405668394
10951.757795347185,76.39028531779378
10971.800150388133,59.04762594834871
10991.842505429082,30.96903458829478
11011.884860470032,21.884784442394977
11031.927215510981,7.845488762368011
11051.96957055193,9.91009106825433
11072.011925592878,7.845488762368011
11092.054280633827,5.367965995304428
11112.096635674778,5.780886456481692
11132.138990715726,5.367965995304428
11152.181345756675,5.367965995304428
11172.223700797624,3.3033636894181098
11192.266055838574,7.019647840013484
11212.308410879523,5.367965995304428
11232.350765920472,3.3033636894181098
11252.39312096142,6.193806917658955
11272.435476002369,7.432568301190747
11292.47783104332,6.193806917658955
11312.520186084268,3.3033636894181098
11332.562541125217,4.542125072949901
11352.604896166165,2.0646023058863188
11372.647251207116,5.367965995304428
11392.689606248065,4.542125072949901
11412.731961289013,5.780886456481692
11432.774316329962,5.367965995304428
11452.81667137091,3.3033636894181098
11472.859026411861,5.780886456481692
11492.90138145281,6.6067273788362195
11512.943736493758,5.367965995304428
11532.986091534707,6.193806917658955
11553.028446575658,5.367965995304428
11573.070801616606,8.258409223545275
11593.113156657555,7.845488762368011
11613.155511698504,7.019647840013484
11633.197866739452,9.497170607077065
11653.240221780403,7.432568301190747
11673.282576821352,10.735931990608856
11693.3249318623,10.735931990608856
11713.367286903249,14.45221614120423
11733.4096419442,14.45221614120423
11753.451996985148,11.974693374140648
11773.494352026097,10.323011529431593
11793.536707067045,11.148852451786121
11813.579062107996,13.626375218849702
11833.621417148945,10.735931990608856
11853.663772189893,7.019647840013484
11873.706127230842,7.019647840013484
11893.74848227179,14.45221614120423
11913.790837312741,10.323011529431593
11933.83319235369,8.671329684722538
11953.875547394638,9.91009106825433
11973.917902435587,7.845488762368011
11993.960257476538,10.735931990608856
12014.002612517486,9.91009106825433
12034.044967558435,8.671329684722538
12054.087322599384,9.91009106825433
12074.129677640332,7.845488762368011
12094.172032681283,4.542125072949901
12114.214387722232,8.671329684722538
12134.25674276318,10.735931990608856
12154.299097804129,10.323011529431593
12174.34145284508,11.148852451786121
12194.383807886028,10.735931990608856
12214.426162926977,11.561772912963384
12234.468517967925,11.974693374140648
12254.510873008874,10.735931990608856
12274.553228049825,11.561772912963384
12294.595583090773,9.91009106825433
12314.637938131722,11.561772912963384
12334.68029317267,11.561772912963384
12354.722648213621,11.561772912963384
12374.76500325457,12.38761383531791
12394.807358295518,16.92973890826781
12414.849713336467,20.646023058863186
12434.892068377416,15.278057063558757
12454.934423418366,13.626375218849702
12474.976778459315,18.168500291799603
12495.019133500264,21.05894352004045
12515.061488541212,18.168500291799603
12535.103843582163,21.884784442394977
12555.146198623112,20.23310259768592
12575.18855366406,16.103897985913285
12595.230908705009,30.96903458829478
12615.27326374596,23.949386748281295
12635.315618786908,35.09823920006742
12655.357973827857,32.620716433003835
12675.400328868805,32.20779597182657
12695.442683909754,37.98868242830826
12715.485038950705,34.68531873889015
12735.527393991653,37.98868242830826
12755.569749032602,31.794875510649305
12775.61210407355,23.949386748281295
12795.654459114501,36.337000583599206
12815.69681415545,41.29204611772637
12835.739169196399,51.2021371859807
12855.781524237347,57.80886456481692
12875.823879278296,75.151523934262
12895.866234319246,106.94639944491131
12915.908589360195,135.4379112661425
12935.950944401144,167.64570723796908
12955.993299442092,213.89279888982261
12976.035654483043,243.62307209458558
12996.078009523992,232.88714010397675
13016.12036456494,277.89547037229846
13036.162719605889,251.05564039577635
13056.205074646838,224.2158104192542
13076.247429687788,208.1119124333409
13096.289784728737,180.03332107328697
13116.332139769685,134.1991498826107
13136.374494810634,111.90144497903847
13156.416849851585,94.97170607077065
13176.459204892533,73.9127625507302
13196.501559933482,56.15718272010787
13216.54391497443,58.634705487171445
13236.58627001538,42.53080750125816
13256.62862505633,50.78921672480344
13276.670980097279,42.53080750125816
13296.713335138227,41.29204611772637
13316.755690179176,35.09823920006742
13336.798045220126,42.943727962435425
13356.840400261075,41.29204611772637
13376.882755302024,43.35664842361269
13396.925110342972,42.53080750125816
13416.967465383921,37.162841505953736
13437.009820424872,31.381955049472044
13457.05217546582,37.162841505953736
13477.094530506769,32.20779597182657
13497.136885547718,36.337000583599206
13517.179240588668,35.51115966124468
13537.221595629617,24.36230720945856
13557.263950670565,27.66567089887667
13577.306305711514,21.05894352004045
13597.348660752465,29.730273204762987
13617.391015793413,26.426909515344878
13637.433370834362,31.381955049472044
13657.47572587531,35.92408012242194
13677.51808091626,26.426909515344878
13697.56043595721,26.426909515344878
13717.602790998159,30.96903458829478
13737.645146039107,25.188148131813087
13757.687501080056,28.491511821231196
13777.729856121006,29.317352743585722
13797.772211161955,35.92408012242194
13817.814566202904,35.92408012242194
13837.856921243852,37.162841505953736
13857.899276284801,35.92408012242194
13877.941631325752,31.381955049472044
13897.9839863667,32.20779597182657
13918.026341407649,28.90443228240846
13938.068696448598,34.27239827771289
13958.111051489548,33.44655735535836
13978.153406530497,36.74992104477647
13998.195761571445,40.87912565654911
14018.238116612394,41.70496657890364
14038.280471653343,39.227443811840054
14058.322826694293,53.26673949186702
14078.365181735242,40.053284734194584
14098.40753677619,58.22178502599419
14118.44989181714,52.853819030689756
14138.49224685809,56.57010318128513
14158.534601899039,59.04762594834871
14178.576956939987,49.55045534127164
14198.619311980936,49.96337580244891
14218.661667021885,57.80886456481692
14238.704022062835,50.78921672480344
14258.746377103784,49.137534880094385
14278.788732144732,40.46620519537184
14298.831087185681,47.07293257420807
14318.873442226632,41.70496657890364
14338.91579726758,44.595409807144485
14358.958152308529,47.485853035385325
14379.000507349478,37.98868242830826
14399.042862390426,37.98868242830826
14419.085217431377,35.09823920006742
14439.127572472325,45.00833026832174
14459.169927513274,47.485853035385325
14479.212282554223,45.83417119067627
14499.254637595173,43.769568884789955
14519.296992636122,48.311693957739855
14539.33934767707,39.227443811840054
14559.38170271802,47.89877349656259
14579.42405775897,41.29204611772637
14599.466412799919,42.53080750125816
14619.508767840867,45.42125072949901
14639.551122881816,42.943727962435425
14659.593477922765,42.1178870400809
14679.635832963715,39.64036427301732
14699.678188004664,44.595409807144485
14719.720543045612,47.89877349656259
14739.762898086561,46.6600121130308
14759.805253127512,51.2021371859807
14779.84760816846,45.00833026832174
14799.889963209409,46.24709165185354
14819.932318250358,55.744262258930604
14839.974673291306,58.634705487171445
14860.017028332257,47.89877349656259
14880.059383373205,56.57010318128513
14900.101738414154,59.460546409525975
14920.144093455103,60.69930779305777
14940.186448496053,59.04762594834871
14960.228803537002,54.092580414221544
14980.27115857795,56.98302364246239
15000.3135136189,60.69930779305777
15020.355868659848,56.15718272010787
15040.398223700799,54.918421336576074
15060.440578741747,50.37629626362617
15080.482933782696,63.58975102129861
15100.525288823645,68.95771701660304
15120.567643864595,68.13187609424851
15140.609998905544,81.34533085192095
15160.652353946492,69.78355793895757
15180.694708987441,80.93241039074368
15200.73706402839,94.14586514841614
15220.77941906934,83.82285361898454
15240.821774110289,98.27506976018877
15260.864129151238,81.75825131309821
15280.906484192186,82.99701269663001
15300.948839233137,95.38462653194792
15320.991194274086,71.84816024484388
15341.033549315034,75.56444439543927
15361.075904355983,79.28072854603464
15381.118259396932,67.30603517189398
15401.160614437882,68.95771701660304
15421.20296947883,65.65435332718494
15441.24532451978,69.3706374777803
15461.287679560728,56.57010318128513
15481.330034601679,59.460546409525975
15501.372389642627,84.2357740801618
15521.414744683576,85.06161500251632
15541.457099724525,86.71329684722538
15561.499454765475,100.75259252725235
15581.541809806424,129.6570248096608
15601.584164847372,147.8255251014604
15621.626519888321,175.07827553915982
15641.66887492927,190.35633260271857
15661.71122997022,211.8281965839363
15681.753585011169,254.35900408519444
15701.795940052118,306.79990265470695
15721.838295093066,276.2437885275894
15741.880650134017,317.12291418413855
15761.923005174966,321.66503925708844
15781.965360215914,280.37299313936205
15802.007715256863,284.5021977511347
15822.050070297812,231.2354582592677
15842.092425338762,203.56978736039102
15862.13478037971,183.74960522388236
15882.17713542066,175.49119600033708
15902.219490461608,120.98569512493827
15922.261845502559,111.48852451786121
15942.304200543507,92.08126284252981
15962.346555584456,80.93241039074368
15982.388910625405,73.49984208955294
16002.431265666353,76.80320577897105
16022.473620707304,74.73860347308474
16042.515975748252,70.6093988613121
16062.558330789201,71.43523978366662
16082.60068583015,63.17683056012135
16102.6430408711,68.95771701660304
16122.685395912049,77.62904670132558
16142.727750952998,63.17683056012135
16162.770105993946,80.93241039074368
16182.812461034895,81.34533085192095
16202.854816075846,73.49984208955294
16222.897171116794,77.62904670132558
16242.939526157743,72.67400116719841
16262.981881198692,69.3706374777803
16283.024236239642,79.6936490072119
16303.06659128059,75.151523934262
16323.10894632154,71.02231932248937
16343.151301362488,83.82285361898454
16363.193656403439,80.10656946838917
16383.236011444387,68.13187609424851
16403.278366485334,72.26108070602115
16423.320721526285,78.04196716250284
16443.363076567235,78.45488762368011
16463.405431608182,70.6093988613121
16483.447786649132,70.19647840013484
16503.490141690083,69.78355793895757
16523.53249673103,82.58409223545274
16543.57485177198,73.08692162837568
16563.617206812927,75.56444439543927
16583.659561853878,78.86780808485737
16603.701916894828,78.86780808485737
16623.744271935775,82.17117177427548
16643.786626976726,82.99701269663001
16663.828982017672,75.97736485661652
16683.871337058623,74.73860347308474
16703.913692099573,77.62904670132558
16723.95604714052,86.71329684722538
16743.99840218147,86.30037638604811
16764.040757222418,81.34533085192095
16784.083112263368,70.19647840013484
16804.12546730432,72.26108070602115
16824.167822345265,90.42958099782075
16844.210177386216,69.3706374777803
16864.252532427166,80.93241039074368
16884.294887468113,85.88745592487085
16904.337242509064,81.34533085192095
16924.37959755001,80.10656946838917
16944.42195259096,83.40993315780727
16964.46430763191,75.97736485661652
16984.50666267286,78.45488762368011
17004.54901771381,82.99701269663001
17024.591372754756,71.84816024484388
17044.633727795706,77.21612624014831
17064.676082836657,80.51948992956642
17084.718437877604,74.32568301190747
17104.760792918554,88.7778991531117
17124.803147959505,82.99701269663001
17144.84550300045,95.79754699312518
17164.887858041402,87.53913776957991
17184.93021308235,88.7778991531117
17204.9725681233,83.40993315780727
17225.01492316425,90.42958099782075
17245.057278205197,99.51383114372055
17265.099633246147,102.4042743719614
17285.141988287094,106.94639944491131
17305.184343328045,119.74693374140648
17325.226698368995,118.50817235787468
17345.269053409942,109.42392221197488
17365.311408450892,135.02499080496523
17385.35376349184,127.17950204259722
17405.39611853279,157.32269570853748
17425.43847357374,141.2187977226242
17445.480828614687,130.48286573201534
17465.523183655638,155.67101386382842
17485.56553869659,124.70197927553365
17505.607893737535,146.99968417910588
17525.650248778486,148.23844556263768
17545.692603819432,160.6260593979556
17565.734958860383,151.12888879087853
17585.777313901333,139.56711587791514
17605.81966894228,135.4379112661425
17625.86202398323,126.3536611202427
17645.904379024178,137.50251357202882
17665.946734065128,134.1991498826107
17685.98908910608,137.50251357202882
17706.031444147025,135.85083172731976
17726.073799187976,136.6766726496743
17746.116154228926,120.98569512493827
17766.158509269873,113.55312682374752
17786.200864310824,111.90144497903847
17806.24321935177,111.90144497903847
17826.28557439272,115.20480866845658
17846.32792943367,114.79188820727931
17866.37028447462,111.07560405668394
17886.41263951557,126.76658158141996
17906.454994556516,116.44357005198837
17926.497349597466,116.85649051316564
17946.539704638417,120.15985420258374
17966.582059679364,135.02499080496523
17986.624414720314,122.63737696964732
18006.66676976126,112.72728590139299
18026.70912480221,135.02499080496523
18046.751479843162,119.74693374140648
18066.79383488411,133.78622942143343
18086.83618992506,133.78622942143343
18106.87854496601,122.63737696964732
18126.920900006957,131.30870665436987
18146.963255047907,123.87613835317912
18167.005610088854,127.17950204259722
18187.047965129805,134.1991498826107
18207.090320170755,141.2187977226242
18227.132675211702,139.15419541673788
18247.175030252653,138.32835449438335
18267.2173852936,144.10924095086503
18287.25974033455,142.04463864497873
18307.3020953755,152.78057063558757
18327.344450416447,157.73561616971475
18347.386805457398,149.0642864849922
18367.429160498345,170.5361504662099
18387.471515539295,170.94907092738717
18407.513870580246,157.32269570853748
18427.556225621192,180.03332107328697
18447.598580662143,180.03332107328697
18467.640935703093,202.33102597685922
18487.68329074404,184.98836660741415
18507.72564578499,205.63438966627734
18527.768000825938,215.54448073453167
18547.810355866888,242.79723117223108
18567.85271090784,240.3197084051675
18587.895065948785,256.0106859299035
18607.937420989736,277.4825499111212
18627.979776030683,277.06962944994393
18648.022131071633,294.8252092805663
18668.064486112584,331.1622098641655
18688.10684115353,332.81389170887456
18708.14919619448,345.61442600536975
18728.19155123543,370.38965367600554
18748.23390627638,378.64806289955084
18768.27626131733,418.7013476337454
18788.318616358276,411.2687793325547
18808.360971399226,438.1086093090768
18828.403326440177,427.37267731846794
18848.445681481124,454.2125072949901
18868.488036522074,454.62542775616737
18888.53039156302,462.0579960573581
18908.57274660397,466.18720066913073
18928.615101644922,500.45959894684364
18948.65745668587,483.9427804997531
18968.69981172682,459.9933937514718
18988.742166767766,449.25746176086295
19008.784521808717,446.77993899379936
19028.826876849667,436.45692746436777
19048.869231890614,456.69003006205367
19068.911586931565,440.99905253731765
19088.953941972515,397.64240411370497
19108.996297013462,384.42894935603255
19129.038652054413,388.97107442898243
19149.08100709536,390.6227562736915
19169.12336213631,364.1958467583466
19189.16571717726,322.9038006406202
19209.208072218207,317.12291418413855
19229.250427259158,298.95441389233895
19249.292782300105,277.4825499111212
19269.335137341055,258.0752882357898
19289.377492382006,264.2690951534488
19309.419847422952,236.6034242545721
19329.462202463903,225.04165134160874
19349.50455750485,208.52483289451817
19369.5469125458,202.7439464380365
19389.58926758675,189.11757121918677
19409.631622627698,189.9434121415413
19429.673977668648,166.40694585443728
19449.7163327096,176.3170369226916
19469.758687750546,174.66535507798255
19489.801042791496,165.58110493208275
19509.843397832443,168.88446862150087
19529.885752873393,160.6260593979556
19549.928107914344,167.2327867767918
19569.97046295529,168.4715481603236
19590.01281799624,151.12888879087853
19610.055173037188,151.5418092520558
19630.09752807814,133.37330896025617
19650.13988311909,138.7412749555606
19670.182238160036,133.78622942143343
19690.224593200986,120.98569512493827
19710.266948241937,128.00534296495175
19730.309303282884,130.48286573201534
19750.351658323834,115.61772912963384
19770.39401336478,125.52782019788818
19790.43636840573,126.76658158141996
19810.478723446682,113.55312682374752
19830.52107848763,106.53347898373404
19850.56343352858,112.31436544021574
19870.605788569526,124.70197927553365
19890.648143610477,123.46321789200185
19910.690498651427,116.44357005198837
19930.732853692374,131.72162711554714
19950.775208733325,149.47720694616947
19970.81756377427,154.43225248029663
19990.859918815222,135.4379112661425
20010.902273856173,144.10924095086503
20030.94462889712,160.6260593979556
20050.98698393807,176.72995738386888
20071.02933897902,191.59509398625036
20091.071694019967,189.9434121415413
20111.114049060918,228.7579354922041
20131.156404101865,213.06695796746808
20151.198759142815,208.1119124333409
20171.241114183766,222.97704903572242
20191.283469224712,210.5894352004045
20211.325824265663,220.08660580748156
20231.36817930661,221.32536719101336
20251.41053434756,209.3506738168727
20271.45288938851,193.6596962921367
20291.495244429458,177.5557983062234
20311.537599470408,156.90977524736022
20331.579954511355,156.08393432500569
20351.622309552306,130.8957861931926
20371.664664593256,130.8957861931926
20391.707019634203,129.24410434848355
20411.749374675153,125.94074065906544
20431.791729716104,103.23011529431594
20451.83408475705,114.79188820727931
20471.876439798,112.31436544021574
20491.918794838948,106.53347898373404
20511.9611498799,118.09525189669742
20532.00350492085,95.79754699312518
20552.045859961796,101.99135391078414
20572.088215002746,114.79188820727931
20592.130570043693,111.07560405668394
20612.172925084644,119.74693374140648
20632.215280125594,112.72728590139299
20652.25763516654,115.61772912963384
20672.29999020749,120.15985420258374
20692.342345248442,121.81153604729279
20712.38470028939,116.85649051316564
20732.42705533034,136.26375218849702
20752.469410371286,136.6766726496743
20772.511765412237,111.90144497903847
20792.554120453187,120.98569512493827
20812.596475494134,140.80587726144694
20832.638830535085,132.54746803790167
20852.68118557603,139.9800363390924
20872.723540616982,131.30870665436987
20892.765895657933,140.80587726144694
20912.80825069888,143.2834000285105
20932.85060573983,135.02499080496523
20952.892960780777,153.19349109676483
20972.935315821727,150.303047868524
20992.977670862678,148.65136602381494
21013.020025903625,153.19349109676483
21033.062380944575,155.67101386382842
21053.104735985526,159.80021847560107
21073.147091026472,163.10358216501916
21093.189446067423,155.25809340265116
21113.23180110837,165.58110493208275
21133.27415614932,163.9294230873737
21153.31651119027,172.60075277209623
21173.358866231218,170.12323000503264
21193.40122127217,165.58110493208275
21213.443576313115,163.51650262619643
21233.485931354066,164.34234354855096
21253.528286395016,154.43225248029663
21273.570641435963,159.3872980144238
21293.612996476913,156.49685478618295
21313.65535151786,158.97437755324654
21333.69770655881,161.4519003203101
21353.74006159976,158.148536630892
21373.782416640708,142.04463864497873
21393.82477168166,160.21313893677834
21413.86712672261,153.19349109676483
21433.909481763556,144.10924095086503
21453.951836804506,147.41260464028315
21473.994191845453,134.1991498826107
21494.036546886404,137.50251357202882
21514.078901927354,137.91543403320608
21534.1212569683,139.56711587791514
21554.16361200925,136.6766726496743
21574.2059670502,130.06994527083808
21594.24832209115,137.08959311085155
21614.2906771321,127.17950204259722
21634.333032173046,118.50817235787468
21654.375387213997,116.44357005198837
21674.417742254947,118.92109281905195
21694.460097295894,120.98569512493827
21714.502452336845,121.39861558611554
21734.54480737779,100.75259252725235
21754.587162418742,109.83684267315215
21774.629517459693,97.44922883783424
21794.67187250064,106.94639944491131
21814.71422754159,104.46887667784772
21834.756582582537,97.8621492990115
21854.798937623487,105.29471760020225
21874.841292664438,92.08126284252981
21894.883647705385,102.81719483313867
21914.926002746335,95.38462653194792
21934.968357787282,102.4042743719614
21955.010712828232,86.71329684722538
21975.053067869183,91.25542192017528
21995.09542291013,93.73294468723887
22015.13777795108,97.8621492990115
22035.18013299203,93.3200242260616
22055.222488032978,90.84250145899802
22075.26484307393,90.42958099782075
22095.307198114875,92.08126284252981
22115.349553155826,92.08126284252981
22135.391908196776,102.81719483313867
22155.434263237723,85.88745592487085
22175.476618278673,86.30037638604811
22195.51897331962,85.06161500251632
22215.56132836057,82.99701269663001
22235.60368340152,91.66834238135255
22255.646038442468,92.90710376488434
22275.68839348342,91.66834238135255
22295.730748524365,85.88745592487085
22315.773103565316,95.79754699312518
22335.815458606266,92.90710376488434
22355.857813647213,87.12621730840264
22375.900168688164,91.25542192017528
22395.942523729114,84.2357740801618
22415.98487877006,80.10656946838917
22436.02723381101,90.42958099782075
22456.06958885196,84.64869454133907
22476.11194389291,89.19081961428897
22496.15429893386,89.60374007546623
22516.196653974806,91.25542192017528
22536.239009015757,84.2357740801618
22556.281364056704,97.8621492990115
22576.323719097654,95.79754699312518
22596.366074138605,97.44922883783424
22616.40842917955,95.79754699312518
22636.450784220502,106.12055852255678
22656.493139261453,100.33967206607508
22676.5354943024,119.74693374140648
22696.57784934335,105.29471760020225
22716.620204384297,94.14586514841614
22736.662559425247,105.29471760020225
22756.704914466198,100.75259252725235
22776.747269507145,100.33967206607508
22796.789624548095,91.66834238135255
22816.831979589042,106.12055852255678
22836.874334629993,88.36497869193444
22856.916689670943,92.49418330370708
22876.95904471189,88.7778991531117
22897.00139975284,83.82285361898454
22917.043754793787,79.6936490072119
22937.086109834738,82.17117177427548
22957.12846487569,87.53913776957991
22977.170819916635,77.21612624014831
22997.213174957586,93.73294468723887
23017.255529998536,81.34533085192095
23037.297885039483,85.88745592487085
23057.340240080433,83.82285361898454
23077.38259512138,85.06161500251632
23097.42495016233,80.93241039074368
23117.46730520328,79.28072854603464
23137.509660244228,88.36497869193444
23157.55201528518,80.51948992956642
23177.594370326125,85.47453546369358
23197.636725367076,91.66834238135255
23217.679080408026,82.99701269663001
23237.721435448973,79.6936490072119
23257.763790489924,74.73860347308474
23277.80614553087,85.06161500251632
23297.84850057182,82.58409223545274
23317.89085561277,84.64869454133907
23337.93321065372,76.39028531779378
23357.97556569467,76.39028531779378
23378.01792073562,89.60374007546623
23398.060275776566,77.21612624014831
23418.102630817517,80.10656946838917
23438.144985858464,82.58409223545274
23458.187340899414,94.55878560959339
23478.229695940365,79.6936490072119
23498.27205098131,63.58975102129861
23518.314406022262,80.51948992956642
23538.35676106321,76.39028531779378
23558.39911610416,85.88745592487085
23578.44147114511,77.21612624014831
23598.483826186057,80.10656946838917
23618.526181227007,82.17117177427548
23638.568536267958,71.02231932248937
23658.610891308905,83.82285361898454
23678.653246349855,67.71895563307125
23698.695601390802,83.82285361898454
23718.737956431753,83.82285361898454
23738.780311472703,77.62904670132558
23758.82266651365,89.19081961428897
23778.8650215546,75.97736485661652
23798.907376595547,74.73860347308474
23818.949731636498,76.39028531779378
23838.99208667745,72.26108070602115
23859.034441718395,78.86780808485737
23879.076796759346,76.80320577897105
23899.119151800292,75.151523934262
23919.161506841243,88.36497869193444
23939.203861882193,69.78355793895757
23959.24621692314,75.56444439543927
23979.28857196409,78.86780808485737
23999.33092700504,74.73860347308474
24019.373282045988,80.93241039074368
24039.41563708694,68.95771701660304
24059.457992127886,75.56444439543927
24079.500347168836,74.73860347308474
24099.542702209787,82.58409223545274
24119.585057250733,73.49984208955294
24139.627412291684,71.02231932248937
24159.66976733263,75.97736485661652
24179.71212237358,78.45488762368011
24199.75447741453,78.86780808485737
24219.79683245548,68.13187609424851
24239.83918749643,73.08692162837568
24259.88154253738,74.73860347308474
24279.923897578326,88.36497869193444
24299.966252619277,67.30603517189398
24320.008607660224,73.9127625507302
24340.050962701174,81.34533085192095
24360.093317742125,69.78355793895757
24380.13567278307,75.151523934262
24400.178027824022,71.43523978366662
24420.22038286497,53.26673949186702
24440.26273790592,81.34533085192095
24460.30509294687,75.97736485661652
24480.347447987817,80.93241039074368
24500.389803028767,70.6093988613121
24520.432158069714,77.21612624014831
24540.474513110665,69.3706374777803
24560.516868151615,72.67400116719841
24580.559223192562,77.21612624014831
24600.601578233513,72.67400116719841
24620.643933274463,75.97736485661652
24640.68628831541,75.97736485661652
24660.72864335636,78.04196716250284
24680.770998397307,68.95771701660304
24700.813353438258,77.21612624014831
24720.85570847921,76.80320577897105
24740.898063520155,75.151523934262
24760.940418561106,64.41559194365314
24780.982773602052,76.39028531779378
24801.025128643003,70.6093988613121
24821.067483683953,71.43523978366662
24841.1098387249,73.9127625507302
24861.15219376585,74.73860347308474
24881.194548806798,67.30603517189398
24901.236903847748,72.26108070602115
24921.2792588887,71.43523978366662
24941.321613929646,77.62904670132558
24961.363968970596,70.6093988613121
24981.406324011547,79.6936490072119
25001.448679052493,89.19081961428897
25021.491034093444,73.49984208955294
25041.53338913439,83.82285361898454
25061.57574417534,71.84816024484388
25081.61809921629,81.34533085192095
25101.66045425724,70.19647840013484
25121.70280929819,76.80320577897105
25141.745164339136,75.56444439543927
25161.787519380086,78.45488762368011
25181.829874421037,78.86780808485737
25201.872229461984,73.49984208955294
25221.914584502934,76.39028531779378
25241.956939543885,78.04196716250284
25261.99929458483,76.80320577897105
25282.041649625782,78.45488762368011
25302.08400466673,73.08692162837568
25322.12635970768,70.19647840013484
25342.16871474863,80.51948992956642
25362.211069789577,73.08692162837568
25382.253424830527,72.67400116719841
25402.295779871474,79.6936490072119
25422.338134912425,60.69930779305777
25442.380489953375,71.43523978366662
25462.422844994322,71.43523978366662
25482.465200035273,66.0672737883622
25502.50755507622,74.32568301190747
25522.54991011717,65.65435332718494
25542.59226515812,65.65435332718494
25562.634620199067,71.84816024484388
25582.676975240018,71.43523978366662
25602.71933028097,67.30603517189398
25622.761685321915,65.65435332718494
25642.804040362866,67.71895563307125
25662.846395403812,70.19647840013484
25682.888750444763,59.87346687070324
25702.931105485713,64.8285124048304
25722.97346052666,77.62904670132558
25743.01581556761,61.52514871541229
25763.058170608558,63.17683056012135
25783.10052564951,62.76391009894409
25803.14288069046,55.744262258930604
25823.185235731406,69.3706374777803
25843.227590772356,56.98302364246239
25863.269945813303,64.8285124048304
25883.312300854253,70.19647840013484
25903.354655895204,71.84816024484388
25923.39701093615,63.58975102129861
25943.4393659771,66.48019424953947
25963.48172101805,62.35098963776682
25983.524076059,68.95771701660304
26003.56643109995,64.41559194365314
26023.608786140896,66.0672737883622
26043.651141181846,63.17683056012135
26063.693496222797,75.56444439543927
26083.735851263744,66.0672737883622
26103.778206304694,60.286387331880505
26123.82056134564,71.02231932248937
26143.86291638659,60.286387331880505
26163.905271427542,63.17683056012135
26183.94762646849,72.26108070602115
26203.98998150944,64.8285124048304
26224.03233655039,64.8285124048304
26244.074691591337,66.0672737883622
26264.117046632287,66.89311471071672
26284.159401673234,67.30603517189398
26304.201756714185,64.8285124048304
26324.244111755135,62.76391009894409
26344.286466796082,62.76391009894409
26364.328821837033,68.54479655542578
26384.37117687798,60.69930779305777
26404.41353191893,59.460546409525975
26424.45588695988,59.460546409525975
26444.498242000827,66.89311471071672
26464.540597041778,60.286387331880505
26484.582952082725,63.58975102129861
26504.625307123675,71.02231932248937
26524.667662164626,58.22178502599419
26544.710017205573,61.93806917658956
26564.752372246523,57.80886456481692
26584.794727287474,67.71895563307125
26604.83708232842,61.52514871541229
26624.87943736937,60.69930779305777
26644.921792410318,61.11222825423503
26664.96414745127,64.41559194365314
26685.00650249222,54.092580414221544
26705.048857533166,60.286387331880505
26725.091212574116,65.24143286600767
26745.133567615063,58.22178502599419
26765.175922656013,61.11222825423503
26785.218277696964,66.48019424953947
26805.26063273791,54.092580414221544
26825.30298777886,59.87346687070324
26845.345342819808,59.87346687070324
26865.38769786076,66.0672737883622
26885.43005290171,53.679659953044286
26905.472407942656,62.76391009894409
26925.514762983606,60.286387331880505
26945.557118024557,53.26673949186702
26965.599473065504,52.44089856951249
26985.641828106454,55.744262258930604
27005.6841831474,64.00267148247588
27025.72653818835,52.027978108335226
27045.768893229302,61.52514871541229
27065.81124827025,57.39594410363966
27085.8536033112,56.57010318128513
27105.895958352146,54.092580414221544
27125.938313393097,63.58975102129861
27145.980668434047,57.80886456481692
27166.023023474994,61.93806917658956
27186.065378515945,51.61505764715797
27206.107733556895,53.26673949186702
27226.150088597842,59.04762594834871
27246.192443638793,49.137534880094385
27266.23479867974,61.11222825423503
27286.27715372069,59.460546409525975
27306.31950876164,56.98302364246239
27326.361863802587,48.311693957739855
27346.404218843538,57.39594410363966
27366.446573884485,51.61505764715797
27386.488928925435,49.137534880094385
27406.531283966386,64.41559194365314
27426.573639007333,49.137534880094385
27446.615994048283,55.744262258930604
27466.65834908923,52.44089856951249
27486.70070413018,51.2021371859807
27506.74305917113,53.26673949186702
27526.785414212078,51.61505764715797
27546.82776925303,60.69930779305777
27566.87012429398,56.98302364246239
27586.912479334926,54.092580414221544
27606.954834375876,63.17683056012135
27626.997189416823,54.50550087539881
27647.039544457773,54.918421336576074
27667.081899498724,55.33134179775334
27687.12425453967,54.918421336576074
27707.16660958062,53.679659953044286
27727.208964621568,47.07293257420807
27747.25131966252,59.460546409525975
27767.29367470347,52.44089856951249
27787.336029744416,53.679659953044286
27807.378384785367,59.87346687070324
27827.420739826313,50.37629626362617
27847.463094867264,49.96337580244891
27867.505449908214,52.027978108335226
27887.54780494916,60.69930779305777
27907.59015999011,47.89877349656259
27927.632515031062,54.092580414221544
27947.67487007201,47.89877349656259
27967.71722511296,47.89877349656259
27987.759580153906,59.87346687070324
28007.801935194857,42.943727962435425
28027.844290235807,61.52514871541229
28047.886645276754,52.027978108335226
28067.929000317705,49.55045534127164
28087.97135535865,52.44089856951249
28108.013710399602,50.37629626362617
28128.056065440553,51.2021371859807
28148.0984204815,56.57010318128513
28168.14077552245,50.37629626362617
28188.1831305634,43.35664842361269
28208.225485604347,47.485853035385325
28228.267840645298,42.943727962435425
28248.310195686245,52.853819030689756
28268.352550727195,52.853819030689756
28288.394905768146,49.55045534127164
28308.437260809093,47.485853035385325
28328.479615850043,56.98302364246239
28348.52197089099,42.53080750125816
28368.56432593194,49.137534880094385
28388.60668097289,45.42125072949901
28408.649036013838,50.37629626362617
28428.69139105479,48.72461441891712
28448.733746095735,52.027978108335226
28468.776101136686,52.44089856951249
28488.818456177636,48.72461441891712
28508.860811218583,53.679659953044286
28528.903166259533,47.89877349656259
28548.945521300484,49.96337580244891
28568.98787634143,47.485853035385325
28589.03023138238,45.42125072949901
28609.072586423328,46.6600121130308
28629.11494146428,50.37629626362617
28649.15729650523,57.39594410363966
28669.199651546176,39.64036427301732
28689.242006587127,37.98868242830826
28709.284361628073,45.00833026832174
28729.326716669024,45.42125072949901
28749.369071709974,43.35664842361269
28769.41142675092,50.37629626362617
28789.45378179187,47.485853035385325
28809.49613683282,47.89877349656259
28829.53849187377,45.42125072949901
28849.58084691472,48.72461441891712
28869.623201955666,42.943727962435425
28889.665556996617,53.26673949186702
28909.707912037567,46.24709165185354
28929.750267078514,37.575761967131
28949.792622119465,52.44089856951249
28969.83497716041,42.1178870400809
28989.877332201362,46.24709165185354
29009.919687242313,50.37629626362617
29029.96204228326,39.227443811840054
29050.00439732421,49.137534880094385
29070.046752365157,46.6600121130308
29090.089107406107,39.227443811840054
29110.131462447058,43.35664842361269
29130.173817488005,50.37629626362617
29150.216172528955,43.35664842361269
29170.258527569906,45.00833026832174
29190.300882610853,44.595409807144485
29210.343237651803,42.943727962435425
29230.38559269275,44.595409807144485
29250.4279477337,41.29204611772637
29270.47030277465,47.485853035385325
29290.512657815598,44.595409807144485
29310.55501285655,35.09823920006742
29330.597367897495,42.943727962435425
29350.639722938446,40.87912565654911
29370.682077979396,41.70496657890364
29390.724433020343,45.00833026832174
29410.766788061293,49.137534880094385
29430.80914310224,41.70496657890364
29450.85149814319,46.24709165185354
29470.89385318414,47.485853035385325
29490.93620822509,49.55045534127164
29510.97856326604,40.46620519537184
29531.02091830699,45.42125072949901
29551.063273347936,43.769568884789955
29571.105628388887,38.81452335066279
29591.147983429833,43.769568884789955
29611.190338470784,51.2021371859807
29631.232693511734,41.70496657890364
29651.27504855268,44.595409807144485
29671.31740359363,37.575761967131
29691.35975863458,41.29204611772637
29711.40211367553,42.1178870400809
29731.44446871648,38.401602889485524
29751.486823757426,38.81452335066279
29771.529178798377,47.07293257420807
29791.571533839324,42.53080750125816
29811.613888880274,38.81452335066279
29831.656243921225,40.46620519537184
29851.69859896217,42.943727962435425
29871.740954003122,42.53080750125816
29891.783309044073,42.53080750125816
29911.82566408502,42.53080750125816
29931.86801912597,40.46620519537184
29951.910374166917,35.51115966124468
29971.952729207867,42.1178870400809
29991.995084248818,40.053284734194584
30012.037439289765,42.943727962435425
30032.079794330715,41.29204611772637
30052.122149371662,40.053284734194584
30072.164504412613,37.98868242830826
30092.206859453563,40.053284734194584
30112.24921449451,33.44655735535836
30132.29156953546,40.87912565654911
30152.33392457641,33.44655735535836
30172.376279617358,43.35664842361269
30192.41863465831,38.81452335066279
30212.460989699255,34.27239827771289
30232.503344740206,40.46620519537184
30252.545699781156,37.162841505953736
30272.588054822103,39.227443811840054
30292.630409863054,36.74992104477647
30312.672764904,42.53080750125816
30332.71511994495,39.227443811840054
30352.7574749859,33.44655735535836
30372.79983002685,33.85947781653562
30392.8421850678,34.27239827771289
30412.884540108746,44.18248934596722
30432.926895149696,32.620716433003835
30452.969250190647,39.227443811840054
30473.011605231593,39.64036427301732
30493.053960272544,40.87912565654911
30513.096315313494,39.227443811840054
30533.13867035444,32.620716433003835
30553.18102539539,29.317352743585722
30573.22338043634,33.0336368941811
30593.26573547729,36.337000583599206
30613.30809051824,31.794875510649305
30633.350445559186,37.98868242830826
30653.392800600137,33.44655735535836
30673.435155641084,37.575761967131
30693.477510682034,30.96903458829478
30713.519865722985,30.143193665940252
30733.56222076393,34.27239827771289
30753.604575804882,42.1178870400809
30773.64693084583,38.401602889485524
30793.68928588678,43.35664842361269
30813.73164092773,35.92408012242194
30833.773995968677,33.44655735535836
30853.816351009627,39.64036427301732
30873.858706050578,33.85947781653562
30893.901061091525,33.44655735535836
30913.943416132475,36.337000583599206
30933.985771173422,36.74992104477647
30954.028126214373,30.143193665940252
30974.070481255323,40.87912565654911
30994.11283629627,29.317352743585722
31014.15519133722,35.51115966124468
31034.197546378167,35.09823920006742
31054.239901419118,30.556114127117514
31074.28225646007,31.794875510649305
31094.324611501015,35.51115966124468
31114.366966541966,33.85947781653562
31134.409321582916,33.44655735535836
31154.451676623863,30.143193665940252
31174.494031664814,30.556114127117514
31194.53638670576,33.44655735535836
31214.57874174671,42.53080750125816
31234.62109678766,33.44655735535836
31254.66345182861,26.426909515344878
31274.70580686956,33.44655735535836
31294.748161910506,34.27239827771289
31314.790516951456,39.64036427301732
31334.832871992407,31.381955049472044
31354.875227033353,30.96903458829478
31374.917582074304,30.143193665940252
31394.95993711525,35.51115966124468
31415.0022921562,33.44655735535836
31435.04464719715,25.60106859299035
31455.0870022381,35.51115966124468
31475.12935727905,27.66567089887667
31495.17171232,32.20779597182657
31515.214067360947,35.09823920006742
31535.256422401897,28.078591360053935
31555.298777442844,27.252750437699405
31575.341132483794,33.44655735535836
31595.383487524745,29.730273204762987
31615.42584256569,24.36230720945856
31635.468197606642,33.44655735535836
31655.51055264759,22.297704903572242
31675.55290768854,31.381955049472044
31695.59526272949,26.426909515344878
31715.637617770437,30.556114127117514
31735.679972811387,31.381955049472044
31755.722327852338,29.317352743585722
31775.764682893285,28.90443228240846
31795.807037934235,27.66567089887667
31815.849392975182,32.20779597182657
31835.891748016133,26.426909515344878
31855.934103057083,34.27239827771289
31875.97645809803,30.556114127117514
31896.01881313898,27.66567089887667
31916.061168179927,28.078591360053935
31936.103523220878,28.90443228240846
31956.14587826183,30.556114127117514
31976.188233302775,25.60106859299035
31996.230588343726,26.839829976522143
32016.272943384673,29.317352743585722
32036.315298425623,30.96903458829478
32056.357653466574,23.949386748281295
32076.40000850752,31.381955049472044
32096.44236354847,23.12354582592677
32116.48471858942,20.23310259768592
32136.52707363037,27.252750437699405
32156.56942867132,24.36230720945856
32176.611783712266,23.12354582592677
32196.654138753216,24.77522767063582
32216.696493794167,30.143193665940252
32236.738848835113,29.317352743585722
32256.781203876064,23.949386748281295
32276.82355891701,16.103897985913285
32296.86591395796,25.60106859299035
32316.90826899891,20.23310259768592
32336.95062403986,27.252750437699405
32356.99297908081,19.82018213650866
32377.035334121756,23.12354582592677
32397.077689162707,21.471863981217712
32417.120044203657,26.013989054167613
32437.162399244604,30.143193665940252
32457.204754285554,21.05894352004045
32477.247109326505,23.949386748281295
32497.28946436745,21.05894352004045
32517.331819408402,23.949386748281295
32537.37417444935,28.90443228240846
32557.4165294903,24.77522767063582
32577.45888453125,23.536466287104034
32597.501239572197,30.143193665940252
32617.543594613147,19.407261675331394
32637.585949654094,14.039295680026967
32657.628304695045,24.36230720945856
32677.670659735995,23.12354582592677
32697.713014776942,21.471863981217712
32717.755369817893,23.949386748281295
32737.797724858843,21.471863981217712
32757.840079899794,18.581420752976868
32777.882434940744,22.710625364749504
32797.92478998169,17.342659369445077
32817.96714502264,19.82018213650866
32838.00950006359,18.99434121415413
32858.05185510454,18.581420752976868
32878.094210145486,18.99434121415413
32898.13656518644,19.407261675331394
32918.17892022739,28.491511821231196
32938.22127526833,20.23310259768592
32958.26363030929,22.297704903572242
32978.305985350235,17.75557983062234
32998.34834039118,24.77522767063582
33018.390695432136,20.646023058863186
33038.43305047308,22.710625364749504
33058.47540551403,19.407261675331394
33078.517760554976,19.407261675331394
33098.56011559593,18.168500291799603
33118.60247063688,24.77522767063582
33138.644825677824,18.168500291799603
33158.68718071878,17.342659369445077
33178.729535759725,22.710625364749504
33198.77189080067,19.407261675331394
33218.814245841626,18.581420752976868
33238.85660088257,15.278057063558757
33258.89895592352,18.581420752976868
33278.941310964474,18.99434121415413
33298.98366600542,13.626375218849702
33319.02602104637,17.342659369445077
33339.068376087314,18.581420752976868
33359.11073112827,18.99434121415413
33379.153086169215,15.690977524736022
33399.19544121016,14.039295680026967
33419.23779625112,14.039295680026967
33439.28015129206,14.865136602381494
33459.32250633301,15.278057063558757
33479.364861373964,13.626375218849702
33499.40721641491,16.92973890826781
33519.44957145586,16.103897985913285
33539.491926496805,17.75557983062234
33559.53428153776,13.213454757672439
33579.576636578706,13.626375218849702
33599.61899161965,13.626375218849702
33619.66134666061,9.91009106825433
33639.703701701554,16.92973890826781
33659.7460567425,20.23310259768592
33679.788411783455,17.75557983062234
33699.8307668244,15.690977524736022
33719.87312186535,14.45221614120423
33739.9154769063,9.91009106825433
33759.95783194725,10.735931990608856
33780.000186988196,19.407261675331394
33800.04254202914,11.561772912963384
33820.0848970701,12.38761383531791
33840.127252111044,15.690977524736022
33860.16960715199,11.148852451786121
33880.211962192945,13.213454757672439
33900.25431723389,8.671329684722538
33920.29667227484,14.45221614120423
33940.33902731579,13.213454757672439
33960.38138235674,11.561772912963384
33980.42373739769,9.497170607077065
34000.46609243864,9.91009106825433
34020.50844747959,9.084250145899802
34040.550802520534,13.213454757672439
34060.59315756148,7.845488762368011
34080.635512602435,13.213454757672439
34100.67786764338,13.213454757672439
34120.72022268433,14.039295680026967
34140.76257772528,16.92973890826781
34160.80493276623,11.561772912963384
34180.84728780718,10.735931990608856
34200.88964284813,10.323011529431593
34220.93199788908,11.561772912963384
34240.974352930025,11.561772912963384
34261.01670797098,10.323011529431593
34281.059063011926,13.213454757672439
34301.10141805287,8.258409223545275
34321.14377309382,10.735931990608856
34341.186128134774,9.91009106825433
34361.22848317572,7.845488762368011
34381.27083821667,9.91009106825433
34401.31319325762,11.148852451786121
34421.35554829857,8.258409223545275
34441.397903339515,9.497170607077065
34461.44025838047,11.561772912963384
34481.482613421416,9.91009106825433
34501.52496846236,9.084250145899802
34521.56732350332,7.845488762368011
34541.609678544264,7.845488762368011
34561.65203358521,9.497170607077065
34581.69438862616,7.845488762368011
34601.73674366711,7.432568301190747
34621.77909870806,4.955045534127165
34641.821453749006,4.955045534127165
34661.86380878996,7.432568301190747
34681.90616383091,7.432568301190747
34701.94851887185,4.955045534127165
34721.99087391281,4.955045534127165
34742.033228953755,8.258409223545275
34762.0755839947,9.497170607077065
34782.11793903565,7.019647840013484
34802.1602940766,7.845488762368011
34822.20264911755,5.367965995304428
34842.245004158496,3.7162841505953734
34862.28735919945,6.6067273788362195
34882.3297142404,3.3033636894181098
34902.372069281344,7.432568301190747
34922.4144243223,9.084250145899802
34942.456779363245,5.780886456481692
34962.49913440419,6.193806917658955
34982.541489445146,3.7162841505953734
35002.58384448609,5.367965995304428
35022.62619952704,4.1292046117726375
35042.66855456799,3.7162841505953734
35062.71090960894,6.6067273788362195
35082.75326464989,2.890443228240846
35102.795619690834,5.367965995304428
35122.83797473179,3.7162841505953734
35142.880329772735,2.4775227670635824
35162.92268481368,3.3033636894181098
35182.96503985464,2.4775227670635824
35203.00739489558,2.4775227670635824
35223.04974993653,3.7162841505953734
35243.092104977484,3.7162841505953734
35263.13446001843,6.193806917658955
35283.17681505938,1.6516818447090549
35303.219170100325,3.3033636894181098
35323.26152514128,6.6067273788362195
35343.303880182226,6.193806917658955
35363.34623522317,2.0646023058863188
35383.38859026413,3.7162841505953734
35403.430945305074,3.7162841505953734
35423.47330034602,4.955045534127165
35443.515655386975,5.367965995304428
35463.55801042792,1.6516818447090549
35483.60036546887,4.1292046117726375
35503.64272050982,3.7162841505953734
35523.68507555077,2.4775227670635824
35543.727430591716,2.890443228240846
35563.76978563266,3.7162841505953734
35583.81214067362,4.955045534127165
35603.854495714564,2.890443228240846
35623.89685075551,2.4775227670635824
35643.939205796465,2.4775227670635824
35663.98156083741,1.6516818447090549
35684.02391587836,3.3033636894181098
35704.06627091931,2.4775227670635824
35724.10862596026,2.0646023058863188
35744.15098100121,2.890443228240846
35764.19333604215,4.1292046117726375
35784.23569108311,2.0646023058863188
35804.278046124055,2.4775227670635824
35824.320401165,3.7162841505953734
35844.362756205956,1.2387613835317912
35864.4051112469,1.2387613835317912
35884.44746628785,1.6516818447090549
35904.4898213288,0.8258409223545274
35924.53217636975,0.4129204611772637
35944.5745314107,1.6516818447090549
35964.61688645165,2.0646023058863188
35984.6592414926,2.4775227670635824
36004.701596533545,0.8258409223545274
36024.74395157449,0.4129204611772637
36044.786306615446,1.2387613835317912
36064.82866165639,2.4775227670635824
36084.87101669734,2.0646023058863188
36104.913371738294,2.4775227670635824
36124.95572677924,2.0646023058863188
36144.99808182019,1.6516818447090549
36165.04043686114,2.4775227670635824
36185.08279190209,2.0646023058863188
36205.125146943035,1.2387613835317912
36225.16750198399,0.8258409223545274
36245.209857024936,1.2387613835317912
36265.25221206588,0.8258409223545274
36285.29456710683,0.4129204611772637
36305.336922147784,0.8258409223545274
36325.37927718873,0.8258409223545274
36345.42163222968,2.890443228240846
36365.46398727063,2.4775227670635824
36385.50634231158,0.8258409223545274
36405.548697352526,1.2387613835317912
36425.59105239348,2.4775227670635824
36445.63340743443,1.6516818447090549
36465.67576247537,1.6516818447090549
36485.71811751633,0.4129204611772637
36505.760472557275,1.6516818447090549
36525.80282759822,0.8258409223545274
36545.84518263917,2.0646023058863188
36565.88753768012,2.0646023058863188
36585.92989272107,1.6516818447090549
36605.972247762016,1.2387613835317912
36626.01460280297,0.0
36646.05695784392,1.2387613835317912
36666.099312884864,1.2387613835317912
36686.14166792582,0.8258409223545274
36706.184022966765,1.6516818447090549
36726.22637800771,0.8258409223545274
36746.26873304866,0.0
36766.31108808961,1.2387613835317912
36786.35344313056,0.0
36806.39579817151,0.8258409223545274
36826.43815321246,2.0646023058863188
36846.48050825341,0.4129204611772637
36866.522863294354,1.2387613835317912
36886.56521833531,0.8258409223545274
36906.607573376255,1.6516818447090549
36926.6499284172,0.8258409223545274
36946.69228345816,0.8258409223545274
36966.7346384991,0.0
36986.77699354005,0.4129204611772637
37006.819348581,1.2387613835317912
37026.86170362195,0.8258409223545274
37046.9040586629,0.4129204611772637
37066.946413703845,0.4129204611772637
37086.9887687448,0.8258409223545274
37107.031123785746,1.6516818447090549
37127.07347882669,0.8258409223545274
37147.11583386765,0.8258409223545274
37167.158188908594,1.2387613835317912
37187.20054394954,0.8258409223545274
37207.242898990495,1.2387613835317912
37227.28525403144,1.6516818447090549
37247.32760907239,0.4129204611772637
37267.369964113335,2.0646023058863188
37287.41231915429,0.8258409223545274
37307.454674195236,0.8258409223545274
37327.49702923618,0.8258409223545274
37347.53938427714,1.2387613835317912
37367.581739318084,0.0
37387.62409435903,2.890443228240846
37407.666449399985,1.6516818447090549
37427.70880444093,1.2387613835317912
37447.75115948188,1.6516818447090549
37467.79351452283,1.2387613835317912
37487.83586956378,0.4129204611772637
37507.87822460473,0.4129204611772637
37527.92057964567,0.4129204611772637
37547.96293468663,1.6516818447090549
37568.005289727575,0.4129204611772637
37588.04764476852,0.4129204611772637
37608.089999809476,0.8258409223545274
37628.13235485042,0.8258409223545274
37648.17470989137,2.0646023058863188
37668.21706493232,0.4129204611772637
37688.25941997327,0.8258409223545274
37708.30177501422,0.0
37728.344130055164,0.4129204611772637
37748.38648509612,0.8258409223545274
37768.428840137065,0.4129204611772637
37788.47119517801,0.0
37808.513550218966,0.4129204611772637
37828.55590525991,0.4129204611772637
37848.59826030086,0.4129204611772637
37868.640615341814,1.6516818447090549
37888.68297038276,0.8258409223545274
37908.72532542371,0.4129204611772637
37928.76768046466,0.8258409223545274
37948.81003550561,1.2387613835317912
37968.852390546555,0.8258409223545274
37988.8947455875,0.4129204611772637
38008.93710062846,0.0
38028.9794556694,0.4129204611772637
38049.02181071035,0.4129204611772637
38069.064165751304,0.4129204611772637
38089.10652079225,0.0
38109.1488758332,0.0
38129.19123087415,0.4129204611772637
38149.2335859151,0.0
38169.275940956046,1.2387613835317912
38189.318295997,0.4129204611772637
38209.36065103795,0.8258409223545274
38229.403006078894,0.8258409223545274
38249.44536111984,0.0
38269.487716160795,0.4129204611772637
38289.53007120174,0.8258409223545274
38309.57242624269,0.0
38329.61478128364,0.4129204611772637
38349.65713632459,1.2387613835317912
38369.699491365536,0.4129204611772637
38389.74184640649,0.0
38409.78420144744,1.2387613835317912
38429.826556488384,0.0
38449.86891152934,0.4129204611772637
38469.911266570285,0.0
38489.95362161123,0.0
38509.99597665218,0.0
38530.03833169313,1.2387613835317912
38550.08068673408,0.8258409223545274
38570.12304177503,0.4129204611772637
38590.16539681598,1.2387613835317912
38610.20775185693,0.8258409223545274
38630.250106897875,0.4129204611772637
38650.29246193883,0.4129204611772637
38670.334816979775,0.8258409223545274
38690.37717202072,0.4129204611772637
38710.41952706167,0.4129204611772637
38730.46188210262,0.8258409223545274
38750.50423714357,0.4129204611772637
38770.54659218452,0.4129204611772637
38790.58894722547,0.0
38810.63130226642,0.0
38830.673657307365,0.8258409223545274
38850.71601234832,0.4129204611772637
38870.758367389266,2.0646023058863188
38890.80072243021,0.4129204611772637
38910.84307747117,0.0
38930.885432512114,1.6516818447090549
38950.92778755306,0.0
38970.97014259401,0.4129204611772637
38991.01249763496,0.4129204611772637
39011.05485267591,0.0
39031.097207716855,0.0
39051.13956275781,0.4129204611772637
39071.181917798756,0.8258409223545274
39091.2242728397,0.8258409223545274
39111.26662788066,0.0
39131.308982921604,0.4129204611772637
39151.35133796255,0.0
39171.393693003505,0.0
39191.43604804445,0.8258409223545274
39211.4784030854,0.4129204611772637
39231.520758126346,0.0
39251.5631131673,0.0
39271.60546820825,0.0
39291.64782324919,0.4129204611772637
39311.69017829015,0.8258409223545274
39331.732533331095,0.4129204611772637
39351.77488837204,0.4129204611772637
39371.817243412996,0.8258409223545274
39391.85959845394,1.2387613835317912
39411.90195349489,0.0
39431.94430853584,0.8258409223545274
39451.98666357679,0.8258409223545274
39472.02901861774,0.0
39492.071373658684,0.8258409223545274
39512.11372869964,0.0
39532.156083740585,0.0
39552.19843878153,0.8258409223545274
39572.240793822486,0.0
39592.28314886343,0.4129204611772637
39612.32550390438,0.0
39632.367858945334,0.4129204611772637
39652.41021398628,0.0
39672.45256902723,0.0
39692.494924068174,0.8258409223545274
39712.53727910913,0.0
39732.579634150075,0.0
39752.62198919102,0.4129204611772637
39772.66434423198,0.4129204611772637
39792.70669927292,0.0
39812.74905431387,0.8258409223545274
39832.791409354824,0.8258409223545274
39852.83376439577,0.0
39872.87611943672,0.0
39892.91847447767,0.4129204611772637
39912.96082951862,0.0
39933.003184559566,0.0
39953.04553960051,0.0
39973.08789464147,0.4129204611772637
39993.130249682414,0.4129204611772637
40013.17260472336,0.0
40033.214959764315,0.0
40053.25731480526,0.0
40073.29966984621,0.0
40093.34202488716,0.0
40113.38437992811,0.0
40133.426734969056,0.4129204611772637
40153.46909001001,0.4129204611772637
40173.51144505096,0.0
40193.553800091904,0.0
40213.59615513285,0.0
40233.638510173805,0.0
40253.68086521475,0.4129204611772637
40273.7232202557,0.4129204611772637
40293.76557529665,0.4129204611772637
40313.8079303376,0.4129204611772637
40333.85028537855,0.0
40353.8926404195,0.4129204611772637
40373.93499546045,0.0
40393.977350501395,0.0
40414.01970554235,0.8258409223545274
40434.062060583296,0.4129204611772637
40454.10441562424,0.0
40474.14677066519,0.4129204611772637
40494.18912570614,0.4129204611772637
40514.23148074709,0.0
40534.27383578804,0.0
40554.31619082899,0.0
40574.35854586994,0.4129204611772637
40594.400900910885,0.0
40614.44325595184,0.0
40634.485610992786,0.0
40654.52796603373,0.4129204611772637
40674.57032107468,0.0
40694.612676115634,0.8258409223545274
40714.65503115658,0.0
40734.69738619753,0.4129204611772637
40754.73974123848,0.4129204611772637
40774.78209627943,0.0
40794.824451320375,0.4129204611772637
40814.86680636133,0.0
40834.90916140228,0.0
40854.95151644322,0.0
40874.99387148418,0.4129204611772637
40895.036226525124,0.0
40915.07858156607,0.0
40935.12093660702,0.4129204611772637
40955.16329164797,0.4129204611772637
40975.20564668892,0.4129204611772637
40995.248001729866,0.0
41015.29035677082,0.4129204611772637
