Energy (keV),Intensity (CPS)
-10.64833502597627,0.0
9.389664945228489,0.0
29.427664916433248,0.0
49.46566488763801,0.0
69.50366485884277,0.0
89.54166483004752,0.0
109.57966480125229,0.0
129.61766477245703,0.0
149.6556647436618,0.0
169.69366471486654,0.0
189.7316646860713,0.0
209.76966465727605,0.0
229.80766462848084,0.0
249.84566459968556,0.0
269.88366457089035,0.0
289.9216645420951,0.8257020813507617
309.95966451329986,1.2385531220261425
329.99766448450464,1.2385531220261425
350.03566445570937,1.6514041627015235
370.07366442691415,1.6514041627015235
390.1116643981189,3.302808325403047
410.14966436932366,3.7156593660784276
430.1876643405284,8.257020813507618
450.22566431173317,7.844169772832236
470.26366428293795,17.75259474904138
490.3016642541427,13.624084342287569
510.3396642253474,20.642552033769043
530.3776641965522,14.449786423638331
550.415664167757,23.11965827782133
570.4536641389617,21.055403074444424
590.4916641101664,22.293956196470567
610.5296640813713,20.22970099309366
630.567664052576,28.899572847276662
650.6056640237807,25.596764521873613
670.6436639949856,27.248168684575138
690.6816639661903,25.596764521873613
710.719663937395,25.596764521873613
730.7576639085997,26.009615562548994
750.7956638798046,27.248168684575138
770.8336638510093,34.679487416731995
790.871663822214,28.0738707659259
810.9096637934189,25.596764521873613
830.9476637646236,30.138125969302802
850.9856637358283,26.009615562548994
871.023663707033,21.055403074444424
891.0616636782379,32.20238117267971
911.0996636494426,30.963828050653564
931.1376636206473,27.248168684575138
951.1756635918522,35.09233845740737
971.2136635630569,33.85378533538123
991.2516635342616,28.48672180660128
1011.2896635054664,32.20238117267971
1031.3276634766712,28.48672180660128
1051.365663447876,31.789530132004327
1071.4036634190809,35.50518949808276
1091.4416633902856,32.615232213355085
1111.4796633614903,28.899572847276662
1131.517663332695,28.0738707659259
1151.5556633038998,27.248168684575138
1171.5936632751045,28.48672180660128
1191.6316632463092,28.899572847276662
1211.6696632175142,29.72527492862742
1231.707663188719,27.248168684575138
1251.7456631599237,27.248168684575138
1271.7836631311284,24.35821139984747
1291.821663102333,29.31242388795204
1311.8596630735378,28.899572847276662
1331.8976630447426,25.183913481198232
1351.9356630159475,29.72527492862742
1371.9736629871522,30.550977009978183
1392.011662958357,28.48672180660128
1412.0496629295617,26.835317643899756
1432.0876629007664,23.11965827782133
1452.1256628719711,26.835317643899756
1472.1636628431759,24.35821139984747
1492.2016628143808,31.789530132004327
1512.2396627855856,25.596764521873613
1532.2776627567903,28.0738707659259
1552.315662727995,20.642552033769043
1572.3536626991997,18.16544578971676
1592.3916626704045,20.22970099309366
1612.4296626416092,28.0738707659259
1632.4676626128141,28.48672180660128
1652.5056625840189,26.422466603224375
1672.5436625552236,23.53250931849671
1692.5816625264283,23.53250931849671
1712.619662497633,19.4039989117429
1732.6576624688378,18.16544578971676
1752.6956624400425,21.468254115119805
1772.7336624112475,19.4039989117429
1792.7716623824522,23.53250931849671
1812.809662353657,14.86263746431371
1832.8476623248616,18.16544578971676
1852.8856622960664,22.293956196470567
1872.923662267271,21.055403074444424
1892.9616622384758,18.99114787106752
1912.9996622096808,25.596764521873613
1933.0376621808855,20.642552033769043
1953.0756621520902,20.22970099309366
1973.113662123295,17.75259474904138
1993.1516620944997,21.055403074444424
2013.1896620657044,23.94536035917209
2033.2276620369091,23.94536035917209
2053.265662008114,14.86263746431371
2073.3036619793183,21.468254115119805
2093.3416619505233,19.4039989117429
2113.379661921728,15.688339545664473
2133.4176618929328,16.514041627015235
2153.4556618641377,18.16544578971676
2173.493661835342,16.101190586339854
2193.531661806547,16.926892667690616
2213.5696617777517,21.881105155795186
2233.6076617489566,21.881105155795186
2253.645661720161,23.11965827782133
2273.683661691366,17.339743708365997
2293.721661662571,17.75259474904138
2313.7596616337755,16.514041627015235
2333.7976616049805,17.75259474904138
2353.835661576185,19.81684995241828
2373.87366154739,16.926892667690616
2393.9116615185944,12.798382260936807
2413.9496614897994,16.514041627015235
2433.9876614610043,15.275488504989092
2454.025661432209,12.798382260936807
2474.063661403414,16.926892667690616
2494.1016613746183,12.798382260936807
2514.1396613458232,16.514041627015235
2534.1776613170277,17.339743708365997
2554.2156612882327,13.624084342287569
2574.2536612594376,12.385531220261425
2594.291661230642,18.578296830392137
2614.329661201847,17.75259474904138
2634.3676611730516,18.16544578971676
2654.4056611442566,16.101190586339854
2674.443661115461,15.688339545664473
2694.481661086666,12.385531220261425
2714.519661057871,13.624084342287569
2734.5576610290755,12.385531220261425
2754.5956610002804,14.03693538296295
2774.633660971485,16.514041627015235
2794.67166094269,13.624084342287569
2814.7096609138944,11.972680179586044
2834.7476608850993,13.624084342287569
2854.7856608563043,11.559829138910665
2874.823660827509,13.624084342287569
2894.8616607987137,10.321276016884521
2914.8996607699182,13.211233301612188
2934.937660741123,12.385531220261425
2954.9756607123277,19.4039989117429
2975.0136606835326,16.101190586339854
2995.0516606547376,15.275488504989092
3015.089660625942,13.211233301612188
3035.127660597147,9.08272289485838
3055.1656605683515,7.431318732156855
3075.2036605395565,7.844169772832236
3095.241660510761,13.211233301612188
3115.279660481966,11.146978098235284
3135.317660453171,6.605616650806094
3155.3556604243754,10.321276016884521
3175.3936603955804,11.146978098235284
3195.431660366785,9.08272289485838
3215.46966033799,6.605616650806094
3235.5076603091943,9.08272289485838
3255.5456602803993,7.431318732156855
3275.583660251604,6.192765610130713
3295.6216602228087,7.844169772832236
3315.6596601940137,5.367063528779951
3335.697660165218,10.321276016884521
3355.735660136423,7.844169772832236
3375.7736601076276,5.779914569455332
3395.8116600788326,5.779914569455332
3415.8496600500375,11.146978098235284
3435.887660021242,8.669871854182999
3455.925659992447,4.128510406753809
3475.9636599636515,8.669871854182999
3496.0016599348564,5.367063528779951
3516.039659906061,5.779914569455332
3536.077659877266,11.146978098235284
3556.115659848471,5.367063528779951
3576.1536598196753,8.669871854182999
3596.1916597908803,6.192765610130713
3616.229659762085,5.367063528779951
3636.2676597332897,8.669871854182999
3656.3056597044942,7.431318732156855
3676.343659675699,6.605616650806094
3696.381659646904,6.605616650806094
3716.4196596181087,5.779914569455332
3736.4576595893136,8.669871854182999
3756.495659560518,5.367063528779951
3776.533659531723,9.08272289485838
3796.5716595029276,4.95421248810457
3816.6096594741325,4.128510406753809
3836.6476594453375,3.302808325403047
3856.685659416542,4.54136144742919
3876.723659387747,3.7156593660784276
3896.7616593589514,4.128510406753809
3916.7996593301564,5.779914569455332
3936.837659301361,3.7156593660784276
3956.875659272566,2.477106244052285
3976.9136592437703,3.7156593660784276
3996.9516592149753,5.367063528779951
4016.9896591861802,4.128510406753809
4037.0276591573847,3.7156593660784276
4057.0656591285897,2.0642552033769044
4077.103659099794,4.128510406753809
4097.141659071,3.302808325403047
4117.179659042205,3.302808325403047
4137.2176590134095,2.889957284727666
4157.255658984614,2.889957284727666
4177.2936589558185,3.302808325403047
4197.331658927023,4.128510406753809
4217.369658898228,1.6514041627015235
4237.407658869432,3.302808325403047
4257.445658840637,2.889957284727666
4277.483658811842,3.302808325403047
4297.521658783047,3.7156593660784276
4317.559658754252,2.477106244052285
4337.597658725456,4.54136144742919
4357.635658696661,3.7156593660784276
4377.673658667866,2.477106244052285
4397.711658639071,1.6514041627015235
4417.749658610276,4.54136144742919
4437.78765858148,3.7156593660784276
4457.825658552685,0.8257020813507617
4477.86365852389,3.302808325403047
4497.901658495095,4.95421248810457
4517.939658466299,3.302808325403047
4537.977658437504,3.7156593660784276
4558.015658408709,3.302808325403047
4578.053658379914,1.6514041627015235
4598.091658351119,2.477106244052285
4618.129658322323,3.302808325403047
4638.167658293528,2.889957284727666
4658.205658264733,2.889957284727666
4678.243658235938,2.0642552033769044
4698.281658207143,0.41285104067538086
4718.319658178347,3.302808325403047
4738.357658149552,1.6514041627015235
4758.395658120757,2.477106244052285
4778.433658091962,2.0642552033769044
4798.471658063166,1.6514041627015235
4818.509658034371,1.2385531220261425
4838.547658005576,2.0642552033769044
4858.585657976781,2.889957284727666
4878.6236579479855,1.6514041627015235
4898.66165791919,3.302808325403047
4918.6996578903945,1.2385531220261425
4938.7376578615995,1.6514041627015235
4958.775657832804,1.6514041627015235
4978.813657804009,1.6514041627015235
4998.851657775213,2.889957284727666
5018.889657746418,0.8257020813507617
5038.927657717623,0.8257020813507617
5058.965657688828,1.6514041627015235
5079.003657660032,2.0642552033769044
5099.041657631237,1.6514041627015235
5119.079657602442,4.95421248810457
5139.117657573647,2.0642552033769044
5159.155657544852,0.41285104067538086
5179.193657516056,1.2385531220261425
5199.231657487261,2.0642552033769044
5219.269657458466,2.0642552033769044
5239.307657429671,1.2385531220261425
5259.345657400875,2.477106244052285
5279.38365737208,1.6514041627015235
5299.421657343285,2.0642552033769044
5319.45965731449,2.0642552033769044
5339.497657285695,2.0642552033769044
5359.535657256899,2.889957284727666
5379.573657228104,3.7156593660784276
5399.611657199309,4.54136144742919
5419.649657170514,4.128510406753809
5439.687657141719,4.54136144742919
5459.725657112923,3.302808325403047
5479.763657084128,2.889957284727666
5499.801657055333,3.302808325403047
5519.839657026538,0.8257020813507617
5539.877656997742,1.6514041627015235
5559.915656968947,0.41285104067538086
5579.953656940152,1.2385531220261425
5599.991656911357,0.41285104067538086
5620.0296568825615,0.8257020813507617
5640.067656853766,1.2385531220261425
5660.1056568249705,1.2385531220261425
5680.1436567961755,1.2385531220261425
5700.18165676738,0.41285104067538086
5720.219656738585,0.0
5740.257656709789,0.41285104067538086
5760.295656680994,0.41285104067538086
5780.333656652199,1.2385531220261425
5800.371656623404,1.6514041627015235
5820.409656594608,1.2385531220261425
5840.447656565813,2.0642552033769044
5860.485656537018,2.0642552033769044
5880.523656508223,0.8257020813507617
5900.561656479428,2.0642552033769044
5920.599656450632,1.2385531220261425
5940.637656421837,2.0642552033769044
5960.675656393042,1.6514041627015235
5980.713656364247,1.2385531220261425
6000.751656335452,1.6514041627015235
6020.789656306656,1.6514041627015235
6040.827656277861,0.8257020813507617
6060.865656249066,2.0642552033769044
6080.903656220271,0.41285104067538086
6100.941656191475,1.6514041627015235
6120.97965616268,1.6514041627015235
6141.017656133885,2.0642552033769044
6161.05565610509,0.0
6181.093656076295,0.8257020813507617
6201.131656047499,2.0642552033769044
6221.169656018704,1.2385531220261425
6241.207655989909,1.6514041627015235
6261.245655961114,2.0642552033769044
6281.283655932319,3.302808325403047
6301.321655903523,2.0642552033769044
6321.359655874728,1.2385531220261425
6341.397655845933,6.605616650806094
6361.435655817138,5.779914569455332
6381.473655788342,7.844169772832236
6401.511655759547,7.018467691481475
6421.5496557307515,6.192765610130713
6441.5876557019565,7.018467691481475
6461.625655673161,3.302808325403047
6481.6636556443655,2.0642552033769044
6501.70165561557,2.0642552033769044
6521.739655586775,2.477106244052285
6541.77765555798,1.2385531220261425
6561.815655529185,0.41285104067538086
6581.853655500389,0.41285104067538086
6601.891655471594,3.302808325403047
6621.929655442799,3.302808325403047
6641.967655414004,2.889957284727666
6662.005655385208,0.0
6682.043655356413,0.8257020813507617
6702.081655327618,0.41285104067538086
6722.119655298823,2.0642552033769044
6742.157655270028,0.8257020813507617
6762.195655241232,0.0
6782.233655212437,0.8257020813507617
6802.271655183642,1.6514041627015235
6822.309655154847,1.2385531220261425
6842.347655126052,0.8257020813507617
6862.385655097256,1.2385531220261425
6882.423655068461,2.889957284727666
6902.461655039666,0.8257020813507617
6922.499655010871,0.8257020813507617
6942.537654982075,1.6514041627015235
6962.57565495328,1.2385531220261425
6982.613654924485,1.6514041627015235
7002.65165489569,1.6514041627015235
7022.689654866895,1.2385531220261425
7042.727654838099,1.2385531220261425
7062.765654809304,2.0642552033769044
7082.803654780509,3.7156593660784276
7102.841654751714,2.477106244052285
7122.8796547229185,1.2385531220261425
7142.917654694123,1.6514041627015235
7162.9556546653275,2.0642552033769044
7182.9936546365325,2.889957284727666
7203.031654607737,1.6514041627015235
7223.0696545789415,0.8257020813507617
7243.107654550146,0.8257020813507617
7263.145654521351,0.8257020813507617
7283.183654492556,0.41285104067538086
7303.221654463761,1.6514041627015235
7323.259654434965,1.2385531220261425
7343.29765440617,3.302808325403047
7363.335654377375,1.2385531220261425
7383.37365434858,2.477106244052285
7403.411654319785,0.8257020813507617
7423.449654290989,1.2385531220261425
7443.487654262194,3.302808325403047
7463.525654233399,2.477106244052285
7483.563654204604,3.302808325403047
7503.601654175808,3.7156593660784276
7523.639654147013,2.477106244052285
7543.677654118218,1.2385531220261425
7563.715654089423,0.8257020813507617
7583.753654060628,1.6514041627015235
7603.791654031832,0.0
7623.829654003037,1.2385531220261425
7643.867653974242,2.0642552033769044
7663.905653945447,1.6514041627015235
7683.943653916652,3.302808325403047
7703.981653887856,2.477106244052285
7724.019653859061,1.6514041627015235
7744.057653830266,5.367063528779951
7764.095653801471,1.2385531220261425
7784.133653772675,3.302808325403047
7804.17165374388,3.7156593660784276
7824.209653715085,3.7156593660784276
7844.24765368629,6.605616650806094
7864.285653657495,4.128510406753809
7884.323653628699,9.49557393553376
7904.361653599904,10.321276016884521
7924.3996535711085,16.926892667690616
7944.4376535423135,28.0738707659259
7964.4756535135175,33.85378533538123
7984.513653484722,48.30357175901956
8004.551653455927,56.97344361320256
8024.589653427132,71.42323003684089
8044.627653398337,78.02884668764699
8064.665653369541,69.77182587413937
8084.703653340746,52.84493320644875
8104.741653311951,47.89072071834418
8124.779653283156,31.376679091328946
8144.817653254361,18.99114787106752
8164.855653225565,11.146978098235284
8184.893653196771,9.49557393553376
8204.931653167974,5.779914569455332
8224.969653139178,4.128510406753809
8245.007653110384,2.889957284727666
8265.045653081588,0.8257020813507617
8285.083653052794,5.367063528779951
8305.121653023998,6.605616650806094
8325.159652995202,3.7156593660784276
8345.197652966408,4.128510406753809
8365.235652937612,7.431318732156855
8385.273652908816,4.128510406753809
8405.311652880022,3.7156593660784276
8425.349652851226,6.192765610130713
8445.387652822432,10.734127057559903
8465.425652793636,14.86263746431371
8485.46365276484,26.009615562548994
8505.501652736046,47.4778696776688
8525.53965270725,74.72603836224394
8545.577652678456,125.91956740599116
8565.61565264966,174.22313916501074
8585.653652620864,231.1965827782133
8605.69165259207,266.701772276296
8625.729652563274,296.8398982455988
8645.76765253448,273.7202399677775
8665.805652505684,267.1146233169714
8685.843652476888,208.9026265817427
8705.881652448094,145.32356631773408
8725.919652419298,104.03846225019598
8745.957652390503,71.42323003684089
8765.995652361707,45.4136144742919
8786.033652332912,21.468254115119805
8806.071652304117,14.449786423638331
8826.109652275321,17.75259474904138
8846.147652246527,14.03693538296295
8866.185652217731,18.16544578971676
8886.223652188935,23.53250931849671
8906.261652160141,21.468254115119805
8926.299652131345,14.449786423638331
8946.33765210255,15.688339545664473
8966.375652073755,13.211233301612188
8986.41365204496,7.844169772832236
9006.451652016165,6.605616650806094
9026.48965198737,3.302808325403047
9046.527651958573,2.889957284727666
9066.565651929779,1.6514041627015235
9086.603651900983,3.302808325403047
9106.641651872189,1.2385531220261425
9126.679651843393,4.54136144742919
9146.717651814597,2.0642552033769044
9166.755651785803,1.2385531220261425
9186.793651757007,3.302808325403047
9206.831651728213,3.302808325403047
9226.869651699417,2.477106244052285
9246.90765167062,4.54136144742919
9266.945651641827,3.302808325403047
9286.98365161303,3.302808325403047
9307.021651584237,5.367063528779951
9327.05965155544,6.192765610130713
9347.097651526645,7.844169772832236
9367.13565149785,9.90842497620914
9387.173651469055,13.211233301612188
9407.21165144026,12.798382260936807
9427.249651411465,16.926892667690616
9447.287651382669,18.99114787106752
9467.325651353874,25.183913481198232
9487.363651325079,44.17506135226575
9507.401651296283,40.046550945511946
9527.439651267488,54.496337369150275
9547.477651238692,48.71642279969494
9567.515651209898,57.38629465387794
9587.553651181102,45.826465514967275
9607.591651152306,41.69795510821347
9627.629651123512,34.26663637605661
9647.667651094716,36.7437426201089
9667.705651065922,19.4039989117429
9687.743651037126,11.972680179586044
9707.78165100833,8.257020813507618
9727.819650979536,5.779914569455332
9747.85765095074,4.54136144742919
9767.895650921946,0.8257020813507617
9787.93365089315,2.0642552033769044
9807.971650864354,0.8257020813507617
9828.00965083556,1.6514041627015235
9848.047650806764,2.0642552033769044
9868.08565077797,3.302808325403047
9888.123650749174,1.2385531220261425
9908.161650720378,2.0642552033769044
9928.199650691584,1.6514041627015235
9948.237650662788,1.6514041627015235
9968.275650633994,0.0
9988.313650605198,3.302808325403047
10008.351650576402,2.889957284727666
10028.389650547608,1.2385531220261425
10048.427650518812,1.2385531220261425
10068.465650490016,2.477106244052285
10088.503650461222,1.6514041627015235
10108.541650432426,1.2385531220261425
10128.579650403632,2.0642552033769044
10148.617650374836,0.8257020813507617
10168.65565034604,1.2385531220261425
10188.693650317246,1.6514041627015235
10208.73165028845,3.7156593660784276
10228.769650259655,2.889957284727666
10248.80765023086,0.8257020813507617
10268.845650202064,1.6514041627015235
10288.88365017327,2.889957284727666
10308.921650144473,2.889957284727666
10328.95965011568,2.0642552033769044
10348.997650086883,3.302808325403047
10369.035650058087,4.128510406753809
10389.073650029293,3.7156593660784276
10409.111650000497,2.477106244052285
10429.149649971703,3.302808325403047
10449.187649942907,3.7156593660784276
10469.225649914111,4.95421248810457
10489.263649885317,4.54136144742919
10509.301649856521,2.477106244052285
10529.339649827725,4.128510406753809
10549.377649798931,6.605616650806094
10569.415649770135,6.192765610130713
10589.453649741341,11.559829138910665
10609.491649712545,10.734127057559903
10629.529649683749,19.4039989117429
10649.567649654955,25.183913481198232
10669.605649626159,39.220848864161184
10689.643649597365,63.166209223333276
10709.681649568569,78.44169772832237
10729.719649539773,117.66254659248355
10749.757649510979,132.52518405679726
10769.795649482183,173.39743708365995
10789.833649453389,220.049604679978
10809.871649424593,243.9949650391501
10829.909649395797,267.1146233169714
10849.947649367003,260.9218577068407
10869.985649338207,249.77487960860543
10890.023649309413,213.0311369884965
10910.061649280617,163.48901210745083
10930.09964925182,125.50671636531578
10950.137649223027,95.36859039601298
10970.17564919423,62.34050714198251
10990.213649165436,39.220848864161184
11010.25164913664,28.48672180660128
11030.289649107845,14.86263746431371
11050.32764907905,10.321276016884521
11070.365649050254,9.49557393553376
11090.403649021458,5.367063528779951
11110.441648992664,4.95421248810457
11130.479648963868,6.192765610130713
11150.517648935074,4.54136144742919
11170.555648906278,4.95421248810457
11190.593648877482,5.367063528779951
11210.631648848688,6.605616650806094
11230.669648819892,7.431318732156855
11250.707648791098,5.367063528779951
11270.745648762302,3.7156593660784276
11290.783648733506,4.128510406753809
11310.821648704712,5.367063528779951
11330.859648675916,4.54136144742919
11350.897648647122,7.018467691481475
11370.935648618326,7.844169772832236
11390.97364858953,4.128510406753809
11411.011648560736,3.302808325403047
11431.04964853194,7.018467691481475
11451.087648503146,6.192765610130713
11471.12564847435,5.779914569455332
11491.163648445554,6.192765610130713
11511.20164841676,7.844169772832236
11531.239648387964,8.257020813507618
11551.27764835917,6.192765610130713
11571.315648330374,5.367063528779951
11591.353648301578,10.734127057559903
11611.391648272784,13.624084342287569
11631.429648243988,11.146978098235284
11651.467648215192,8.669871854182999
11671.505648186398,12.385531220261425
11691.543648157602,12.798382260936807
11711.581648128808,11.559829138910665
11731.619648100012,15.275488504989092
11751.657648071216,12.798382260936807
11771.695648042421,9.08272289485838
11791.733648013625,10.734127057559903
11811.771647984831,8.257020813507618
11831.809647956035,9.90842497620914
11851.84764792724,8.257020813507618
11871.885647898445,10.321276016884521
11891.92364786965,6.192765610130713
11911.961647840855,7.844169772832236
11931.99964781206,8.257020813507618
11952.037647783263,7.844169772832236
11972.07564775447,10.734127057559903
11992.113647725673,10.321276016884521
12012.151647696879,7.844169772832236
12032.189647668083,6.192765610130713
12052.227647639287,10.321276016884521
12072.265647610493,11.559829138910665
12092.303647581697,8.669871854182999
12112.341647552903,11.559829138910665
12132.379647524107,11.146978098235284
12152.417647495311,9.90842497620914
12172.455647466517,8.257020813507618
12192.493647437721,12.798382260936807
12212.531647408925,10.734127057559903
12232.56964738013,9.08272289485838
12252.607647351335,8.669871854182999
12272.64564732254,16.926892667690616
12292.683647293745,12.385531220261425
12312.721647264949,16.514041627015235
12332.759647236155,10.321276016884521
12352.797647207359,14.449786423638331
12372.835647178565,15.275488504989092
12392.873647149769,16.514041627015235
12412.911647120973,15.275488504989092
12432.949647092179,19.81684995241828
12452.987647063383,16.514041627015235
12473.025647034588,18.16544578971676
12493.063647005793,22.293956196470567
12513.101646976997,23.11965827782133
12533.139646948202,27.248168684575138
12553.177646919406,31.376679091328946
12573.215646890612,29.72527492862742
12593.253646861816,27.66101972525052
12613.29164683302,30.550977009978183
12633.329646804226,33.85378533538123
12653.36764677543,33.44093429470585
12673.405646746636,36.33089157943352
12693.44364671784,40.87225302686271
12713.481646689044,34.26663637605661
12733.51964666025,40.45940198618732
12753.557646631454,35.918040538758135
12773.595646602658,37.56944470145966
12793.633646573864,33.85378533538123
12813.671646545068,40.046550945511946
12833.709646516274,51.193529043747226
12853.747646487478,62.34050714198251
12873.785646458682,91.65293102993455
12893.823646429888,115.18544034843126
12913.861646401092,166.79182043285388
12933.899646372298,184.13156414121985
12953.937646343502,212.61828594782114
12973.975646314706,249.77487960860543
12994.013646285912,283.6286649439867
13014.051646257116,305.0969190591065
13034.089646228322,309.22542946586026
13054.127646199526,265.0503681135945
13074.16564617073,230.7837317375379
13094.203646141936,199.40705264620897
13114.24164611314,163.9018631481262
13134.279646084346,132.93803509747264
13154.31764605555,93.30433519263607
13174.355646026754,84.2216122977777
13194.39364599796,66.46901754873632
13214.431645969164,56.97344361320256
13234.469645940368,52.43208216577337
13254.507645911573,50.367826962396464
13274.545645882778,44.587912392941135
13294.583645853983,51.60638008442261
13314.621645825187,43.76221031159037
13334.659645796391,49.5421248810457
13354.697645767597,42.523657189564226
13374.735645738801,29.72527492862742
13394.773645710007,42.93650823023961
13414.811645681211,38.39514678281042
13434.849645652415,41.69795510821347
13454.887645623621,37.156593660784274
13474.925645594825,36.33089157943352
13494.963645566031,38.39514678281042
13515.001645537235,27.248168684575138
13535.03964550844,33.02808325403047
13555.077645479645,25.596764521873613
13575.11564545085,27.66101972525052
13595.153645422055,23.11965827782133
13615.191645393259,31.789530132004327
13635.229645364463,28.48672180660128
13655.267645335669,27.66101972525052
13675.305645306873,35.50518949808276
13695.343645278079,27.248168684575138
13715.381645249283,34.679487416731995
13735.419645220487,31.789530132004327
13755.457645191693,29.31242388795204
13775.495645162897,33.85378533538123
13795.5336451341,27.248168684575138
13815.571645105307,37.56944470145966
13835.60964507651,28.899572847276662
13855.647645047717,33.44093429470585
13875.68564501892,31.789530132004327
13895.723644990125,31.376679091328946
13915.76164496133,34.679487416731995
13935.799644932535,27.66101972525052
13955.83764490374,34.679487416731995
13975.875644874945,41.285104067538086
13995.913644846149,38.8079978234858
14015.951644817354,39.63369990483656
14035.989644788559,46.65216759631804
14056.027644759764,43.76221031159037
14076.065644730968,52.84493320644875
14096.103644702172,57.38629465387794
14116.141644673378,54.90918840982565
14136.179644644582,58.2119967352287
14156.217644615788,59.45054985725484
14176.255644586992,49.5421248810457
14196.293644558196,55.32203945050104
14216.331644529402,49.129273840370324
14236.369644500606,46.65216759631804
14256.407644471812,45.00076343361651
14276.445644443016,42.93650823023961
14296.48364441422,38.8079978234858
14316.521644385426,42.523657189564226
14336.55964435663,37.156593660784274
14356.597644327834,41.285104067538086
14376.63564429904,30.963828050653564
14396.673644270244,42.11080614888885
14416.71164424145,49.5421248810457
14436.749644212654,43.34935927091499
14456.787644183858,45.826465514967275
14476.825644155064,47.06501863699342
14496.863644126268,37.98229574213504
14516.901644097474,42.523657189564226
14536.939644068678,45.00076343361651
14556.977644039882,45.00076343361651
14577.015644011088,45.826465514967275
14597.053643982292,46.23931655564266
14617.091643953498,38.39514678281042
14637.129643924702,46.23931655564266
14657.167643895906,39.63369990483656
14677.205643867112,39.220848864161184
14697.243643838316,49.129273840370324
14717.281643809521,40.046550945511946
14737.319643780726,42.93650823023961
14757.35764375193,58.2119967352287
14777.395643723135,48.71642279969494
14797.43364369434,52.01923112509799
14817.471643665545,57.799145694553324
14837.50964363675,56.1477415318518
14857.547643607953,47.4778696776688
14877.58564357916,51.193529043747226
14897.623643550363,52.84493320644875
14917.661643521567,61.92765610130713
14937.699643492773,51.60638008442261
14957.737643463977,50.78067800307185
14977.775643435183,46.65216759631804
14997.813643406387,53.25778424712413
15017.851643377591,59.45054985725484
15037.889643348797,61.101954019956366
15057.927643320001,57.799145694553324
15077.965643291207,55.734890491176415
15098.003643262411,56.1477415318518
15118.041643233615,71.01037899616551
15138.079643204821,63.166209223333276
15158.117643176025,82.98305917575155
15178.15564314723,87.52442062318075
15198.193643118435,90.8272289485838
15218.231643089639,99.4971008027668
15238.269643060845,97.43284559938988
15258.307643032049,96.19429247736375
15278.345643003255,90.00152686723303
15298.383642974459,87.52442062318075
15318.421642945663,90.8272289485838
15338.459642916869,80.50595293169927
15358.497642888073,81.33165501305002
15378.535642859279,73.4874852402178
15398.573642830483,65.23046442671017
15418.611642801687,64.8176133860348
15438.649642772893,52.84493320644875
15458.687642744097,65.64331546738556
15478.7256427153,59.86340089793023
15498.763642686507,63.166209223333276
15518.80164265771,72.66178315886704
15538.839642628916,70.18467691481474
15558.87764260012,67.70757067076246
15578.915642571324,72.24893211819165
15598.95364254253,76.79029356562084
15618.991642513734,86.69871854182998
15639.02964248494,91.24007998925917
15659.067642456144,98.25854768074065
15679.105642427348,106.51556849424826
15699.143642398554,108.57982369762517
15719.181642369758,105.6898664128975
15739.219642340964,104.86416433154675
15759.257642312168,111.46978098235283
15779.295642283372,99.90995184344217
15799.333642254578,102.79990912816983
15819.371642225782,89.58867582655765
15839.409642196988,94.13003727398684
15859.447642168192,75.5517404435947
15879.485642139396,73.4874852402178
15899.523642110602,75.96459148427007
15919.561642081806,73.07463419954242
15939.59964205301,71.01037899616551
15959.637642024216,69.35897483346399
15979.67564199542,67.70757067076246
15999.713641966626,78.02884668764699
16019.75164193783,64.8176133860348
16039.789641909034,74.31318732156855
16059.82764188024,75.13888940291932
16079.865641851444,72.24893211819165
16099.90364182265,66.46901754873632
16119.941641793854,66.46901754873632
16139.979641765058,71.42323003684089
16160.017641736264,71.01037899616551
16180.055641707468,85.46016541980384
16200.093641678674,80.09310189102389
16220.131641649878,76.79029356562084
16240.169641621082,91.24007998925917
16260.207641592287,75.5517404435947
16280.245641563492,74.31318732156855
16300.283641534697,80.09310189102389
16320.321641505901,84.63446333845307
16340.359641477105,68.12042171143784
16360.397641448311,74.31318732156855
16380.435641419517,85.46016541980384
16400.47364139072,78.02884668764699
16420.511641361925,77.6159956469716
16440.54964133313,74.72603836224394
16460.587641304333,86.69871854182998
16480.62564127554,74.31318732156855
16500.663641246745,84.2216122977777
16520.701641217947,77.20314460629622
16540.739641189153,68.12042171143784
16560.77764116036,82.98305917575155
16580.815641131565,77.6159956469716
16600.853641102767,87.11156958250537
16620.891641073973,76.79029356562084
16640.92964104518,71.01037899616551
16660.96764101638,83.39591021642694
16681.005640987587,75.96459148427007
16701.043640958793,80.91880397237465
16721.081640929995,84.2216122977777
16741.1196409012,78.44169772832237
16761.157640872407,87.52442062318075
16781.19564084361,86.69871854182998
16801.233640814815,79.6802508503485
16821.27164078602,81.74450605372542
16841.309640757227,85.04731437912845
16861.34764072843,82.57020813507617
16881.385640699635,92.8914841519607
16901.42364067084,87.11156958250537
16921.461640642043,81.33165501305002
16941.49964061325,88.76297374520689
16961.537640584454,81.33165501305002
16981.575640555657,78.85454876899774
17001.613640526863,86.2858675011546
17021.65164049807,80.50595293169927
17041.689640469274,89.58867582655765
17061.727640440477,86.69871854182998
17081.765640411682,89.17582478588227
17101.80364038289,86.69871854182998
17121.84164035409,78.02884668764699
17141.879640325296,84.2216122977777
17161.917640296502,83.39591021642694
17181.955640267704,92.8914841519607
17201.99364023891,92.06578207060993
17222.031640210116,100.32280288411755
17242.069640181322,93.71718623331145
17262.107640152524,100.73565392479293
17282.14564012373,110.2312278603267
17302.183640094936,123.0296101212635
17322.22164006614,118.07539763315893
17342.259640037344,124.68101428396503
17362.29764000855,130.46092885342034
17382.335639979752,154.81914025326782
17402.373639950958,142.02075799233103
17422.411639922164,158.53479961934624
17442.449639893366,135.41514134152493
17462.487639864572,146.9749704804356
17482.525639835778,150.690629846514
17502.563639806984,143.25931111435716
17522.601639778186,142.4336090330064
17542.63963974939,141.60790695165565
17562.677639720598,134.17658821949877
17582.7156396918,130.04807781274496
17602.753639663006,123.85531220261426
17622.79163963421,122.61675908058811
17642.829639605414,99.90995184344217
17662.86763957662,107.34127057559903
17682.905639547826,101.97420704681907
17702.94363951903,112.70833410437898
17722.981639490234,105.6898664128975
17743.01963946144,112.70833410437898
17763.057639432645,110.64407890100208
17783.095639403848,99.0842497620914
17803.133639375053,114.77258930775588
17823.17163934626,111.05692994167745
17843.20963931746,110.64407890100208
17863.247639288667,116.83684451113278
17883.285639259873,114.77258930775588
17903.323639231076,118.4882486738343
17923.36163920228,113.12118514505435
17943.399639173487,106.10271745357288
17963.437639144693,113.94688722640512
17983.475639115895,105.27701537222212
18003.5136390871,121.79105699923736
18023.551639058307,118.90109971450968
18043.58963902951,120.55250387721121
18063.627639000715,117.66254659248355
18083.66563897192,113.53403618572973
18103.703638943123,122.20390803991273
18123.74163891433,120.9653549178866
18143.779638885535,127.57097156869268
18163.81763885674,142.02075799233103
18183.855638827943,135.41514134152493
18203.89363879915,138.71794966692798
18223.931638770355,140.3693538296295
18243.969638741557,141.60790695165565
18264.007638712763,141.19505591098024
18284.04563868397,138.3050986262526
18304.08363865517,155.64484233461857
18324.121638626377,158.12194857867087
18344.159638597583,161.01190586339854
18364.197638568785,171.74603292095844
18384.23563853999,158.94765066002162
18404.273638511197,170.0946287582569
18424.311638482402,172.98458604298457
18444.349638453605,202.70986097161202
18464.38763842481,198.9942016055336
18484.425638396016,217.57249843592572
18504.46363836722,208.07692450039195
18524.501638338425,237.389348388344
18544.53963830963,243.9949650391501
18564.577638280833,243.9949650391501
18584.61563825204,246.88492232387776
18604.653638223244,285.2800691066882
18624.69163819445,277.43589933385596
18644.729638165652,326.1523221335509
18664.76763813686,329.04227941827855
18684.805638108064,317.48245027936787
18704.843638079266,336.8864491911108
18724.881638050472,338.1250023131369
18744.919638021678,397.16270112971637
18764.95763799288,376.5201490959474
18784.995637964086,407.07112610592554
18805.033637935292,414.089593797407
18825.071637906498,433.0807416684745
18845.1096378777,460.741761393725
18865.147637848906,460.32891035304965
18885.185637820112,455.7875489056205
18905.223637791314,485.09997279357253
18925.26163776252,496.65980193248316
18945.299637733726,469.41163324790807
18965.337637704928,475.19154781736336
18985.375637676134,447.53052809211283
19005.41363764734,468.1730801258819
19025.451637618542,467.7602290852065
19045.489637589748,452.4847405802174
19065.527637560954,445.46627288873594
19085.56563753216,426.47512501766846
19105.603637503362,400.8783604957948
19125.641637474568,400.05265841444407
19145.679637445774,367.85027724176433
19165.717637416976,372.39163868919354
19185.75563738818,346.3820231266445
19205.793637359388,326.5651731742263
19225.83163733059,319.13385444206943
19245.869637301796,288.9957284727666
19265.907637273,262.57326186954225
19285.945637244207,278.6744524558821
19305.98363721541,241.5178587950978
19326.021637186615,239.4536035917209
19346.05963715782,215.09539219187343
19366.097637129023,232.02228485956405
19386.13563710023,219.6367536393026
19406.173637071435,202.70986097161202
19426.211637042637,189.08577662932444
19446.249637013843,186.60867038527215
19466.28763698505,168.85607563623077
19486.32563695625,168.4432245955554
19506.363636927457,158.53479961934624
19526.401636898663,177.52594749041378
19546.43963686987,168.85607563623077
19566.47763684107,168.4432245955554
19586.515636812277,140.3693538296295
19606.553636783483,158.53479961934624
19626.591636754685,150.690629846514
19646.62963672589,139.54365174827873
19666.667636697097,137.06654550422644
19686.7056366683,135.41514134152493
19706.743636639505,142.02075799233103
19726.78163661071,121.37820595856198
19746.819636581917,130.87377989409575
19766.85763655312,130.04807781274496
19786.895636524325,115.18544034843126
19806.93363649553,115.59829138910665
19826.971636466733,113.53403618572973
19847.00963643794,117.66254659248355
19867.047636409145,109.8183768196513
19887.085636380347,115.18544034843126
19907.123636351553,121.37820595856198
19927.16163632276,130.46092885342034
19947.199636293964,133.7637371788234
19967.237636265167,145.32356631773408
19987.275636236373,144.08501319570792
20007.31363620758,157.7090975379955
20027.35163617878,161.8376079447493
20047.389636149986,189.9114787106752
20067.427636121192,229.13232757483638
20087.465636092395,190.32432975135058
20107.5036360636,200.23275472755972
20127.541636034806,210.55403074444425
20147.57963600601,213.0311369884965
20167.617635977214,229.95802965618714
20187.65563594842,217.9853494766011
20207.693635919626,201.47130784958586
20227.73163589083,220.4624557206534
20247.769635862034,213.44398802917192
20267.80763583324,203.53556305296277
20287.845635804442,181.6544578971676
20307.883635775648,158.94765066002162
20327.921635746854,156.05769337529398
20347.959635718056,142.02075799233103
20367.997635689262,142.4336090330064
20388.035635660468,127.57097156869268
20408.073635631674,117.66254659248355
20428.111635602876,116.4239934704574
20448.149635574082,103.6256112095206
20468.187635545288,116.83684451113278
20488.22563551649,116.01114242978203
20508.263635487696,105.6898664128975
20528.3016354589,116.83684451113278
20548.339635430104,116.01114242978203
20568.37763540131,118.90109971450968
20588.415635372516,102.38705808749445
20608.453635343718,102.79990912816983
20628.491635314924,123.44246116193888
20648.52963528613,119.72680179586045
20668.567635257335,115.59829138910665
20688.605635228538,125.91956740599116
20708.643635199744,127.98382260936806
20728.68163517095,122.20390803991273
20748.71963514215,117.66254659248355
20768.757635113358,121.79105699923736
20788.795635084563,120.55250387721121
20808.833635055766,130.46092885342034
20828.87163502697,131.6994819754465
20848.909634998177,130.87377989409575
20868.947634969383,123.0296101212635
20888.985634940585,137.47939654490182
20909.02363491179,140.78220487030487
20929.061634882997,141.19505591098024
20949.0996348542,141.19505591098024
20969.137634825405,161.01190586339854
20989.17563479661,169.68177771758153
21009.213634767813,160.18620378204778
21029.25163473902,160.18620378204778
21049.289634710225,161.01190586339854
21069.327634681427,167.20467147352926
21089.365634652633,161.42475690407392
21109.40363462384,174.22313916501074
21129.441634595045,158.53479961934624
21149.479634566247,178.76450061243992
21169.517634537453,157.7090975379955
21189.55563450866,171.74603292095844
21209.59363447986,177.93879853108916
21229.631634451067,169.68177771758153
21249.669634422273,153.99343817191706
21269.707634393475,169.68177771758153
21289.74563436468,171.33318188028306
21309.783634335887,158.94765066002162
21329.821634307093,171.33318188028306
21349.859634278295,179.1773516531153
21369.8976342495,173.81028812433536
21389.935634220707,148.6263746431371
21409.97363419191,149.0392256838125
21430.011634163115,157.7090975379955
21450.04963413432,157.2962464973201
21470.087634105523,156.88339545664473
21490.12563407673,132.93803509747264
21510.163634047934,154.40628921259244
21530.20163401914,137.47939654490182
21550.239633990343,139.54365174827873
21570.27763396155,137.47939654490182
21590.315633932754,129.2223757313942
21610.353633903957,125.91956740599116
21630.391633875162,133.7637371788234
21650.42963384637,122.20390803991273
21670.46763381757,124.26816324328964
21690.505633788776,113.53403618572973
21710.543633759982,109.8183768196513
21730.581633731184,116.4239934704574
21750.61963370239,120.13965283653583
21770.657633673596,117.24969555180816
21790.695633644802,107.7541216162744
21810.733633616004,106.51556849424826
21830.77163358721,107.34127057559903
21850.809633558416,110.2312278603267
21870.847633529618,115.18544034843126
21890.885633500824,99.4971008027668
21910.92363347203,102.79990912816983
21930.961633443232,103.6256112095206
21950.999633414438,100.32280288411755
21971.037633385644,98.67139872141603
21991.07563335685,105.6898664128975
22011.113633328052,95.78144143668835
22031.151633299258,94.54288831466222
22051.189633270464,97.0199945587145
22071.227633241666,95.78144143668835
22091.26563321287,107.7541216162744
22111.303633184078,99.90995184344217
22131.34163315528,92.8914841519607
22151.379633126486,87.93727166385612
22171.41763309769,86.69871854182998
22191.455633068894,95.78144143668835
22211.4936330401,83.80876125710232
22231.531633011306,85.04731437912845
22251.56963298251,102.79990912816983
22271.607632953714,86.69871854182998
22291.64563292492,94.54288831466222
22311.683632896125,92.06578207060993
22331.721632867328,100.32280288411755
22351.759632838533,86.2858675011546
22371.79763280974,85.87301646047922
22391.83563278094,103.21276016884522
22411.873632752147,92.06578207060993
22431.911632723353,85.04731437912845
22451.94963269456,83.39591021642694
22471.98763266576,92.06578207060993
22492.025632636967,102.79990912816983
22512.063632608173,83.39591021642694
22532.101632579375,102.38705808749445
22552.13963255058,92.06578207060993
22572.177632521787,103.21276016884522
22592.21563249299,113.94688722640512
22612.253632464195,104.45131329087135
22632.2916324354,104.45131329087135
22652.329632406607,101.5613560061437
22672.36763237781,108.57982369762517
22692.405632349015,115.59829138910665
22712.44363232022,109.8183768196513
22732.481632291423,106.92841953492365
22752.51963226263,104.45131329087135
22772.557632233835,115.18544034843126
22792.595632205037,103.6256112095206
22812.633632176243,91.24007998925917
22832.67163214745,91.65293102993455
22852.70963211865,101.5613560061437
22872.747632089857,97.43284559938988
22892.785632061063,79.6802508503485
22912.82363203227,84.2216122977777
22932.86163200347,82.1573570944008
22952.899631974677,93.71718623331145
22972.937631945882,87.11156958250537
22992.975631917085,93.71718623331145
23013.01363188829,82.98305917575155
23033.051631859496,95.36859039601298
23053.0896318307,75.13888940291932
23073.127631801904,87.11156958250537
23093.16563177311,80.91880397237465
23113.203631744316,91.65293102993455
23133.24163171552,90.8272289485838
23153.279631686724,84.63446333845307
23173.31763165793,89.17582478588227
23193.355631629132,85.46016541980384
23213.39363160034,81.33165501305002
23233.431631571544,82.1573570944008
23253.469631542746,83.39591021642694
23273.507631513952,76.79029356562084
23293.545631485158,96.19429247736375
23313.58363145636,82.1573570944008
23333.621631427566,90.4143779079084
23353.659631398772,88.76297374520689
23373.697631369978,84.63446333845307
23393.73563134118,81.33165501305002
23413.773631312386,80.09310189102389
23433.811631283592,91.24007998925917
23453.849631254794,92.8914841519607
23473.887631226,83.80876125710232
23493.925631197206,90.8272289485838
23513.963631168408,86.2858675011546
23534.001631139614,85.87301646047922
23554.03963111082,79.26739980967312
23574.077631082026,78.44169772832237
23594.115631053228,87.11156958250537
23614.153631024434,75.13888940291932
23634.19163099564,67.70757067076246
23654.22963096684,90.4143779079084
23674.267630938048,76.37744252494547
23694.305630909254,83.39591021642694
23714.343630880456,83.80876125710232
23734.38163085166,86.2858675011546
23754.419630822867,82.1573570944008
23774.45763079407,76.37744252494547
23794.495630765276,78.85454876899774
23814.53363073648,72.24893211819165
23834.571630707687,75.5517404435947
23854.60963067889,79.26739980967312
23874.647630650095,80.09310189102389
23894.6856306213,78.02884668764699
23914.723630592503,77.6159956469716
23934.76163056371,87.52442062318075
23954.799630534915,86.69871854182998
23974.837630506117,77.20314460629622
23994.875630477323,81.74450605372542
24014.91363044853,75.5517404435947
24034.951630419735,71.01037899616551
24054.989630390937,68.9461237927886
24075.027630362143,72.24893211819165
24095.06563033335,68.53327275211322
24115.10363030455,71.01037899616551
24135.141630275757,85.04731437912845
24155.179630246963,73.4874852402178
24175.217630218165,87.52442062318075
24195.25563018937,75.13888940291932
24215.293630160577,89.58867582655765
24235.331630131783,74.31318732156855
24255.369630102985,76.79029356562084
24275.40763007419,82.1573570944008
24295.445630045397,68.53327275211322
24315.4836300166,76.37744252494547
24335.521629987805,77.6159956469716
24355.55962995901,73.90033628089317
24375.597629930213,65.64331546738556
24395.63562990142,74.31318732156855
24415.673629872625,68.12042171143784
24435.711629843827,73.90033628089317
24455.749629815033,75.13888940291932
24475.78762978624,68.9461237927886
24495.825629757444,80.09310189102389
24515.863629728647,85.87301646047922
24535.901629699852,75.96459148427007
24555.93962967106,75.5517404435947
24575.97762964226,76.79029356562084
24596.015629613466,78.02884668764699
24616.053629584672,73.07463419954242
24636.091629555875,77.20314460629622
24656.12962952708,76.79029356562084
24676.167629498286,70.59752795549012
24696.205629469492,73.4874852402178
24716.243629440694,76.37744252494547
24736.2816294119,93.71718623331145
24756.319629383106,66.8818685894117
24776.35762935431,73.4874852402178
24796.395629325514,85.04731437912845
24816.43362929672,76.79029356562084
24836.471629267922,78.85454876899774
24856.509629239128,79.6802508503485
24876.547629210334,71.83608107751627
24896.585629181536,63.166209223333276
24916.623629152742,78.02884668764699
24936.661629123948,72.24893211819165
24956.699629095154,75.96459148427007
24976.737629066356,77.20314460629622
24996.775629037562,61.51480506063175
25016.813629008768,81.33165501305002
25036.85162897997,77.20314460629622
25056.889628951176,75.5517404435947
25076.92762892238,76.79029356562084
25096.965628893584,79.26739980967312
25117.00362886479,76.37744252494547
25137.041628835996,85.46016541980384
25157.0796288072,75.5517404435947
25177.117628778404,77.6159956469716
25197.15562874961,71.83608107751627
25217.193628720815,78.44169772832237
25237.231628692018,75.13888940291932
25257.269628663224,74.31318732156855
25277.30762863443,89.17582478588227
25297.34562860563,77.6159956469716
25317.383628576838,77.20314460629622
25337.421628548043,64.40476234535942
25357.45962851925,78.02884668764699
25377.49762849045,75.13888940291932
25397.535628461657,80.50595293169927
25417.573628432863,72.66178315886704
25437.611628404065,67.29471963008709
25457.64962837527,71.01037899616551
25477.687628346477,65.23046442671017
25497.72562831768,73.4874852402178
25517.763628288885,63.57906026400865
25537.80162826009,63.99191130468403
25557.839628231293,66.8818685894117
25577.8776282025,71.42323003684089
25597.915628173705,71.83608107751627
25617.95362814491,78.85454876899774
25637.991628116113,64.8176133860348
25658.02962808732,68.9461237927886
25678.067628058525,70.59752795549012
25698.105628029727,64.40476234535942
25718.143628000933,53.67063528779951
25738.18162797214,67.29471963008709
25758.21962794334,66.8818685894117
25778.257627914547,64.40476234535942
25798.295627885753,75.96459148427007
25818.33362785696,66.46901754873632
25838.37162782816,69.35897483346399
25858.409627799367,73.90033628089317
25878.447627770573,69.77182587413937
25898.485627741775,73.90033628089317
25918.52362771298,61.92765610130713
25938.561627684187,57.799145694553324
25958.59962765539,69.77182587413937
25978.637627626595,66.46901754873632
25998.6756275978,66.05616650806094
26018.713627569003,69.35897483346399
26038.75162754021,76.79029356562084
26058.789627511414,66.8818685894117
26078.82762748262,57.38629465387794
26098.865627453823,75.5517404435947
26118.90362742503,65.64331546738556
26138.941627396234,63.99191130468403
26158.979627367436,73.4874852402178
26179.017627338642,63.57906026400865
26199.05562730985,74.72603836224394
26219.09362728105,59.45054985725484
26239.131627252256,63.166209223333276
26259.169627223462,60.68910297928099
26279.207627194668,69.77182587413937
26299.24562716587,65.23046442671017
26319.283627137076,58.2119967352287
26339.321627108282,67.70757067076246
26359.359627079484,60.68910297928099
26379.39762705069,75.96459148427007
26399.435627021896,64.8176133860348
26419.473626993098,65.23046442671017
26439.511626964304,66.46901754873632
26459.54962693551,65.23046442671017
26479.587626906712,66.46901754873632
26499.625626877918,62.75335818265789
26519.663626849124,59.86340089793023
26539.70162682033,60.276251938605604
26559.739626791532,64.8176133860348
26579.777626762738,70.59752795549012
26599.815626733944,58.62484777590408
26619.853626705146,55.734890491176415
26639.89162667635,51.60638008442261
26659.929626647558,57.799145694553324
26679.96762661876,56.97344361320256
26700.005626589966,63.99191130468403
26720.04362656117,61.101954019956366
26740.081626532377,54.90918840982565
26760.11962650358,59.86340089793023
26780.157626474786,58.2119967352287
26800.19562644599,59.037698816579464
26820.233626417194,56.97344361320256
26840.2716263884,57.799145694553324
26860.309626359605,57.38629465387794
26880.347626330808,58.62484777590408
26900.385626302013,62.75335818265789
26920.42362627322,63.99191130468403
26940.461626244425,70.18467691481474
26960.499626215627,58.2119967352287
26980.537626186833,56.1477415318518
27000.57562615804,66.46901754873632
27020.61362612924,66.46901754873632
27040.651626100447,47.4778696776688
27060.689626071653,60.68910297928099
27080.727626042855,64.40476234535942
27100.76562601406,60.276251938605604
27120.803625985267,55.734890491176415
27140.84162595647,62.34050714198251
27160.879625927675,52.43208216577337
27180.91762589888,62.75335818265789
27200.955625870087,62.34050714198251
27220.99362584129,56.97344361320256
27241.031625812495,58.62484777590408
27261.0696257837,56.56059257252718
27281.107625754903,59.037698816579464
27301.14562572611,53.25778424712413
27321.183625697315,51.193529043747226
27341.221625668517,66.05616650806094
27361.259625639723,58.62484777590408
27381.29762561093,60.276251938605604
27401.335625582135,48.30357175901956
27421.373625553337,53.25778424712413
27441.411625524543,52.01923112509799
27461.44962549575,49.954975921721086
27481.48762546695,63.57906026400865
27501.525625438157,62.75335818265789
27521.563625409362,56.56059257252718
27541.601625380565,56.97344361320256
27561.63962535177,63.166209223333276
27581.677625322976,58.2119967352287
27601.71562529418,56.1477415318518
27621.753625265384,61.101954019956366
27641.79162523659,47.4778696776688
27661.829625207796,63.166209223333276
27681.867625179,59.45054985725484
27701.905625150204,60.68910297928099
27721.94362512141,54.90918840982565
27741.981625092612,52.43208216577337
27762.01962506382,48.30357175901956
27782.057625035024,57.799145694553324
27802.095625006226,61.51480506063175
27822.133624977432,52.84493320644875
27842.171624948638,60.68910297928099
27862.209624919844,59.45054985725484
27882.247624891046,50.78067800307185
27902.285624862252,46.23931655564266
27922.323624833458,58.2119967352287
27942.36162480466,45.4136144742919
27962.399624775866,59.037698816579464
27982.437624747072,57.38629465387794
28002.475624718274,54.496337369150275
28022.51362468948,52.43208216577337
28042.551624660686,55.734890491176415
28062.58962463189,56.1477415318518
28082.627624603094,49.129273840370324
28102.6656245743,59.86340089793023
28122.703624545506,49.954975921721086
28142.741624516708,54.496337369150275
28162.779624487914,56.56059257252718
28182.81762445912,52.84493320644875
28202.85562443032,52.84493320644875
28222.893624401528,52.84493320644875
28242.931624372733,52.43208216577337
28262.969624343936,50.78067800307185
28283.00762431514,46.65216759631804
28303.045624286347,52.84493320644875
28323.083624257553,49.954975921721086
28343.121624228756,62.75335818265789
28363.15962419996,54.496337369150275
28383.197624171167,48.30357175901956
28403.23562414237,47.06501863699342
28423.273624113575,49.954975921721086
28443.31162408478,52.01923112509799
28463.349624055983,49.5421248810457
28483.38762402719,57.799145694553324
28503.425623998395,48.30357175901956
28523.4636239696,47.89072071834418
28543.501623940803,47.06501863699342
28563.53962391201,55.734890491176415
28583.577623883215,55.734890491176415
28603.615623854417,51.193529043747226
28623.653623825623,47.89072071834418
28643.69162379683,52.43208216577337
28663.72962376803,58.2119967352287
28683.767623739237,52.43208216577337
28703.805623710443,52.43208216577337
28723.843623681645,51.60638008442261
28743.88162365285,44.17506135226575
28763.919623624057,49.954975921721086
28783.957623595263,53.25778424712413
28803.995623566465,39.220848864161184
28824.03362353767,45.00076343361651
28844.071623508877,52.01923112509799
28864.10962348008,47.06501863699342
28884.147623451285,39.220848864161184
28904.18562342249,51.193529043747226
28924.223623393693,49.954975921721086
28944.2616233649,47.89072071834418
28964.299623336105,47.4778696776688
28984.33762330731,46.23931655564266
29004.375623278513,47.89072071834418
29024.41362324972,43.34935927091499
29044.451623220924,42.93650823023961
29064.489623192127,52.01923112509799
29084.527623163332,47.89072071834418
29104.56562313454,48.30357175901956
29124.60362310574,47.89072071834418
29144.641623076946,43.76221031159037
29164.679623048152,47.06501863699342
29184.717623019355,44.587912392941135
29204.75562299056,44.17506135226575
29224.793622961766,42.523657189564226
29244.831622932972,50.78067800307185
29264.869622904174,47.06501863699342
29284.90762287538,45.826465514967275
29304.945622846586,45.4136144742919
29324.98362281779,47.06501863699342
29345.021622788994,39.63369990483656
29365.0596227602,47.06501863699342
29385.097622731402,42.93650823023961
29405.135622702608,40.046550945511946
29425.173622673814,45.4136144742919
29445.21162264502,48.71642279969494
29465.249622616222,37.98229574213504
29485.287622587428,33.44093429470585
29505.325622558634,46.23931655564266
29525.363622529836,46.65216759631804
29545.401622501042,48.30357175901956
29565.439622472248,46.23931655564266
29585.47762244345,47.89072071834418
29605.515622414656,43.34935927091499
29625.55362238586,47.06501863699342
29645.591622357068,39.63369990483656
29665.62962232827,45.00076343361651
29685.667622299476,38.39514678281042
29705.70562227068,46.65216759631804
29725.743622241884,42.93650823023961
29745.78162221309,43.34935927091499
29765.819622184295,40.45940198618732
29785.857622155498,47.06501863699342
29805.895622126704,45.4136144742919
29825.93362209791,40.87225302686271
29845.97162206911,41.285104067538086
29866.009622040317,42.93650823023961
29886.047622011523,32.615232213355085
29906.08562198273,43.76221031159037
29926.12362195393,34.679487416731995
29946.161621925137,52.01923112509799
29966.199621896343,44.587912392941135
29986.237621867545,45.00076343361651
30006.27562183875,36.33089157943352
30026.313621809957,42.93650823023961
30046.35162178116,36.7437426201089
30066.389621752365,44.587912392941135
30086.42762172357,39.220848864161184
30106.465621694777,41.285104067538086
30126.50362166598,36.7437426201089
30146.541621637185,42.93650823023961
30166.57962160839,39.63369990483656
30186.617621579593,42.93650823023961
30206.6556215508,44.587912392941135
30226.693621522005,35.50518949808276
30246.731621493207,41.285104067538086
30266.769621464413,39.63369990483656
30286.80762143562,30.138125969302802
30306.84562140682,39.220848864161184
30326.883621378027,37.156593660784274
30346.921621349233,41.69795510821347
30366.95962132044,40.45940198618732
30386.99762129164,37.156593660784274
30407.035621262847,29.72527492862742
30427.073621234053,31.376679091328946
30447.111621205255,35.09233845740737
30467.14962117646,40.046550945511946
30487.187621147667,39.63369990483656
30507.22562111887,37.56944470145966
30527.263621090075,29.72527492862742
30547.30162106128,29.72527492862742
30567.339621032486,30.550977009978183
30587.37762100369,39.63369990483656
30607.415620974894,40.87225302686271
30627.4536209461,36.33089157943352
30647.491620917302,36.7437426201089
30667.52962088851,32.20238117267971
30687.567620859714,31.789530132004327
30707.605620830916,40.046550945511946
30727.643620802122,34.26663637605661
30747.681620773328,30.963828050653564
30767.719620744534,43.34935927091499
30787.757620715736,35.918040538758135
30807.795620686942,33.44093429470585
30827.833620658148,31.376679091328946
30847.87162062935,37.156593660784274
30867.909620600556,36.7437426201089
30887.947620571762,42.523657189564226
30907.985620542964,35.50518949808276
30928.02362051417,37.56944470145966
30948.061620485376,35.09233845740737
30968.099620456578,41.69795510821347
30988.137620427784,37.156593660784274
31008.17562039899,37.156593660784274
31028.213620370196,29.72527492862742
31048.251620341398,29.72527492862742
31068.289620312604,33.44093429470585
31088.32762028381,35.918040538758135
31108.365620255012,30.138125969302802
31128.403620226218,30.963828050653564
31148.441620197424,33.85378533538123
31168.479620168626,37.156593660784274
31188.51762013983,31.376679091328946
31208.555620111038,33.85378533538123
31228.593620082243,34.679487416731995
31248.631620053446,30.138125969302802
31268.66962002465,28.0738707659259
31288.707619995857,35.50518949808276
31308.74561996706,31.789530132004327
31328.783619938265,29.31242388795204
31348.82161990947,35.918040538758135
31368.859619880674,33.85378533538123
31388.89761985188,40.87225302686271
31408.935619823085,33.44093429470585
31428.973619794288,31.789530132004327
31449.011619765493,30.963828050653564
31469.0496197367,27.248168684575138
31489.087619707905,32.20238117267971
31509.125619679107,28.48672180660128
31529.163619650313,38.39514678281042
31549.20161962152,30.963828050653564
31569.23961959272,28.0738707659259
31589.277619563927,26.422466603224375
31609.315619535133,42.11080614888885
31629.353619506335,28.0738707659259
31649.39161947754,30.138125969302802
31669.429619448747,31.789530132004327
31689.467619419953,30.550977009978183
31709.505619391155,35.09233845740737
31729.54361936236,33.44093429470585
31749.581619333567,28.0738707659259
31769.61961930477,30.138125969302802
31789.657619275975,35.09233845740737
31809.69561924718,25.596764521873613
31829.733619218383,27.66101972525052
31849.77161918959,31.789530132004327
31869.809619160795,22.70680723714595
31889.847619131997,30.963828050653564
31909.885619103203,33.44093429470585
31929.92361907441,28.0738707659259
31949.961619045614,32.20238117267971
31969.999619016817,22.293956196470567
31990.037618988023,25.183913481198232
32010.07561895923,26.009615562548994
32030.11361893043,28.899572847276662
32050.151618901637,27.66101972525052
32070.189618872842,28.899572847276662
32090.227618844045,25.596764521873613
32110.26561881525,23.53250931849671
32130.303618786456,24.77106244052285
32150.341618757662,24.77106244052285
32170.379618728864,28.0738707659259
32190.41761870007,32.615232213355085
32210.455618671276,29.31242388795204
32230.49361864248,18.16544578971676
32250.531618613684,21.881105155795186
32270.56961858489,27.248168684575138
32290.607618556092,20.642552033769043
32310.6456185273,19.4039989117429
32330.683618498504,25.183913481198232
32350.72161846971,21.881105155795186
32370.759618440912,22.70680723714595
32390.797618412118,17.75259474904138
32410.835618383324,26.835317643899756
32430.873618354526,20.642552033769043
32450.911618325732,26.422466603224375
32470.949618296938,25.183913481198232
32490.98761826814,21.468254115119805
32511.025618239346,24.77106244052285
32531.06361821055,18.99114787106752
32551.101618181754,21.055403074444424
32571.13961815296,16.926892667690616
32591.177618124166,23.53250931849671
32611.21561809537,27.248168684575138
32631.253618066574,23.11965827782133
32651.29161803778,22.70680723714595
32671.329618008986,24.35821139984747
32691.367617980188,26.422466603224375
32711.405617951394,19.81684995241828
32731.4436179226,22.293956196470567
32751.4816178938,21.881105155795186
32771.519617865015,19.81684995241828
32791.55761783622,18.99114787106752
32811.59561780742,20.22970099309366
32831.63361777863,20.22970099309366
32851.67161774983,23.11965827782133
32871.70961772103,21.055403074444424
32891.74761769224,25.596764521873613
32911.785617663445,23.94536035917209
32931.82361763465,23.94536035917209
32951.86161760586,22.70680723714595
32971.89961757706,20.22970099309366
32991.93761754826,16.514041627015235
33011.97561751947,21.055403074444424
33032.01361749067,20.22970099309366
33052.051617461875,23.94536035917209
33072.089617433085,19.81684995241828
33092.12761740429,23.94536035917209
33112.16561737549,19.81684995241828
33132.2036173467,26.009615562548994
33152.2416173179,16.926892667690616
33172.27961728911,18.16544578971676
33192.31761726031,20.642552033769043
33212.355617231515,22.293956196470567
33232.393617202724,14.449786423638331
33252.43161717393,18.578296830392137
33272.46961714513,20.22970099309366
33292.50761711634,16.926892667690616
33312.54561708754,19.81684995241828
33332.58361705874,14.03693538296295
33352.62161702995,14.449786423638331
33372.659617001154,15.275488504989092
33392.69761697236,17.339743708365997
33412.735616943566,14.03693538296295
33432.77361691477,17.75259474904138
33452.81161688597,21.881105155795186
33472.84961685718,16.101190586339854
33492.88761682838,16.926892667690616
33512.925616799585,17.339743708365997
33532.963616770794,17.75259474904138
33553.001616741996,11.972680179586044
33573.0396167132,16.101190586339854
33593.07761668441,19.81684995241828
33613.11561665561,20.22970099309366
33633.15361662682,15.688339545664473
33653.19161659802,15.275488504989092
33673.229616569224,16.926892667690616
33693.267616540434,17.75259474904138
33713.305616511636,14.449786423638331
33733.34361648284,12.798382260936807
33753.38161645405,14.86263746431371
33773.41961642525,12.385531220261425
33793.45761639645,17.75259474904138
33813.49561636766,7.844169772832236
33833.533616338864,14.03693538296295
33853.571616310066,12.798382260936807
33873.609616281276,11.972680179586044
33893.64761625248,13.624084342287569
33913.68561622368,13.624084342287569
33933.72361619489,12.385531220261425
33953.76161616609,12.798382260936807
33973.799616137294,8.257020813507618
33993.8376161085,9.90842497620914
34013.875616079706,14.03693538296295
34033.91361605091,14.449786423638331
34053.95161602212,11.146978098235284
34073.98961599332,10.321276016884521
34094.02761596453,14.03693538296295
34114.06561593573,12.385531220261425
34134.10361590693,10.734127057559903
34154.14161587814,8.669871854182999
34174.179615849345,11.559829138910665
34194.21761582055,16.514041627015235
34214.25561579176,14.03693538296295
34234.29361576296,15.275488504989092
34254.33161573416,10.321276016884521
34274.36961570537,9.08272289485838
34294.40761567657,8.257020813507618
34314.445615647775,9.90842497620914
34334.483615618985,9.49557393553376
34354.52161559019,7.431318732156855
34374.55961556139,9.49557393553376
34394.5976155326,12.385531220261425
34414.6356155038,9.08272289485838
34434.673615475,10.734127057559903
34454.71161544621,8.669871854182999
34474.749615417415,9.08272289485838
34494.787615388625,9.08272289485838
34514.82561535983,7.018467691481475
34534.86361533103,8.669871854182999
34554.90161530224,9.08272289485838
34574.93961527344,7.844169772832236
34594.97761524464,9.49557393553376
34615.01561521585,7.844169772832236
34635.053615187055,7.018467691481475
34655.09161515826,8.257020813507618
34675.12961512947,9.08272289485838
34695.16761510067,8.257020813507618
34715.20561507187,5.779914569455332
34735.24361504308,11.972680179586044
34755.28161501428,7.844169772832236
34775.319614985485,9.08272289485838
34795.357614956694,7.018467691481475
34815.3956149279,5.779914569455332
34835.4336148991,9.49557393553376
34855.47161487031,7.431318732156855
34875.50961484151,7.844169772832236
34895.54761481271,7.431318732156855
34915.58561478392,6.605616650806094
34935.623614755124,4.128510406753809
34955.661614726334,4.95421248810457
34975.699614697536,4.95421248810457
34995.73761466874,4.95421248810457
35015.77561463995,5.779914569455332
35035.81361461115,8.257020813507618
35055.85161458235,5.779914569455332
35075.88961455356,6.192765610130713
35095.927614524764,4.95421248810457
35115.965614495966,5.367063528779951
35136.003614467176,5.367063528779951
35156.04161443838,4.128510406753809
35176.07961440958,4.128510406753809
35196.11761438079,5.779914569455332
35216.15561435199,4.128510406753809
35236.193614323194,4.95421248810457
35256.231614294404,2.0642552033769044
35276.269614265606,2.477106244052285
35296.30761423681,4.128510406753809
35316.34561420802,3.302808325403047
35336.38361417922,4.95421248810457
35356.42161415042,2.477106244052285
35376.45961412163,2.477106244052285
35396.497614092834,3.7156593660784276
35416.53561406404,3.7156593660784276
35436.573614035246,2.889957284727666
35456.61161400645,4.128510406753809
35476.64961397766,3.302808325403047
35496.68761394886,3.7156593660784276
35516.72561392006,4.54136144742919
35536.76361389127,2.889957284727666
35556.80161386247,3.7156593660784276
35576.839613833676,4.95421248810457
35596.877613804885,2.477106244052285
35616.91561377609,1.6514041627015235
35636.95361374729,0.8257020813507617
35656.9916137185,2.477106244052285
35677.0296136897,3.7156593660784276
35697.0676136609,2.0642552033769044
35717.10561363211,2.889957284727666
35737.143613603315,2.0642552033769044
35757.18161357452,1.2385531220261425
35777.21961354573,2.477106244052285
35797.25761351693,2.0642552033769044
35817.29561348813,2.0642552033769044
35837.33361345934,1.2385531220261425
35857.37161343054,2.0642552033769044
35877.40961340175,1.6514041627015235
35897.447613372955,2.477106244052285
35917.48561334416,2.889957284727666
35937.52361331537,3.302808325403047
35957.56161328657,2.477106244052285
35977.59961325777,1.6514041627015235
35997.63761322898,1.2385531220261425
36017.67561320018,3.302808325403047
36037.713613171385,2.477106244052285
36057.751613142595,2.0642552033769044
36077.7896131138,2.0642552033769044
36097.827613085,4.128510406753809
36117.86561305621,2.0642552033769044
36137.90361302741,1.6514041627015235
36157.94161299861,2.889957284727666
36177.97961296982,3.7156593660784276
36198.017612941025,0.0
36218.05561291223,2.889957284727666
36238.09361288344,2.0642552033769044
36258.13161285464,0.8257020813507617
36278.16961282584,2.0642552033769044
36298.20761279705,2.0642552033769044
36318.24561276825,1.2385531220261425
36338.28361273946,2.0642552033769044
36358.321612710664,0.41285104067538086
36378.35961268187,1.6514041627015235
36398.397612653076,2.0642552033769044
36418.43561262428,0.8257020813507617
36438.47361259548,0.8257020813507617
36458.51161256669,1.6514041627015235
36478.54961253789,2.0642552033769044
36498.587612509094,1.6514041627015235
36518.625612480304,0.41285104067538086
36538.663612451506,2.477106244052285
36558.70161242271,1.2385531220261425
36578.73961239392,0.41285104067538086
36598.77761236512,2.0642552033769044
36618.81561233632,0.8257020813507617
36638.85361230753,1.2385531220261425
36658.891612278734,1.2385531220261425
36678.929612249936,1.2385531220261425
36698.967612221146,0.41285104067538086
36719.00561219235,2.889957284727666
36739.04361216355,1.2385531220261425
36759.08161213476,1.6514041627015235
36779.11961210596,1.2385531220261425
36799.15761207717,0.0
36819.195612048374,2.0642552033769044
36839.233612019576,2.477106244052285
36859.271611990785,0.8257020813507617
36879.30961196199,0.8257020813507617
36899.34761193319,3.302808325403047
36919.3856119044,0.8257020813507617
36939.4236118756,1.6514041627015235
36959.461611846804,1.2385531220261425
36979.49961181801,1.2385531220261425
36999.537611789216,1.2385531220261425
37019.57561176042,2.477106244052285
37039.61361173163,0.41285104067538086
37059.65161170283,0.8257020813507617
37079.68961167403,0.8257020813507617
37099.72761164524,0.0
37119.76561161644,1.6514041627015235
37139.803611587646,1.2385531220261425
37159.841611558855,0.0
37179.87961153006,1.2385531220261425
37199.91761150127,2.0642552033769044
37219.95561147247,2.0642552033769044
37239.99361144367,0.0
37260.03161141488,2.477106244052285
37280.06961138608,0.0
37300.107611357285,0.0
37320.145611328495,2.0642552033769044
37340.1836112997,0.8257020813507617
37360.2216112709,1.2385531220261425
37380.25961124211,1.2385531220261425
37400.29761121331,0.41285104067538086
37420.33561118451,0.41285104067538086
37440.37361115572,1.2385531220261425
37460.411611126925,0.8257020813507617
37480.44961109813,0.41285104067538086
37500.48761106934,0.8257020813507617
37520.52561104054,1.2385531220261425
37540.56361101174,0.41285104067538086
37560.60161098295,1.6514041627015235
37580.63961095415,0.0
37600.677610925355,0.41285104067538086
37620.715610896565,0.41285104067538086
37640.75361086777,0.0
37660.791610838976,0.41285104067538086
37680.82961081018,1.2385531220261425
37700.86761078138,0.41285104067538086
37720.90561075259,0.41285104067538086
37740.94361072379,0.41285104067538086
37760.981610694995,1.2385531220261425
37781.019610666204,1.2385531220261425
37801.05761063741,0.41285104067538086
37821.09561060861,0.8257020813507617
37841.13361057982,0.8257020813507617
37861.17161055102,0.41285104067538086
37881.20961052222,0.41285104067538086
37901.24761049343,0.8257020813507617
37921.285610464634,1.6514041627015235
37941.32361043584,0.0
37961.361610407046,0.8257020813507617
37981.39961037825,0.8257020813507617
38001.43761034945,0.8257020813507617
38021.47561032066,1.6514041627015235
38041.51361029186,2.0642552033769044
38061.551610263065,0.41285104067538086
38081.589610234274,0.0
38101.627610205476,1.6514041627015235
38121.665610176686,1.2385531220261425
38141.70361014789,0.0
38161.74161011909,1.2385531220261425
38181.7796100903,0.8257020813507617
38201.8176100615,0.8257020813507617
38221.855610032704,0.0
38241.89361000391,1.2385531220261425
38261.931609975116,1.6514041627015235
38281.96960994632,0.8257020813507617
38302.00760991753,1.2385531220261425
38322.04560988873,0.41285104067538086
38342.08360985993,0.41285104067538086
38362.12160983114,1.2385531220261425
38382.159609802344,0.41285104067538086
38402.197609773546,0.41285104067538086
38422.235609744755,0.0
38442.27360971596,0.0
38462.31160968716,0.0
38482.34960965837,0.0
38502.38760962957,1.2385531220261425
38522.425609600774,0.41285104067538086
38542.46360957198,0.41285104067538086
38562.501609543186,1.2385531220261425
38582.539609514395,0.0
38602.5776094856,0.0
38622.6156094568,0.0
38642.65360942801,0.0
38662.69160939921,0.0
38682.72960937041,0.41285104067538086
38702.76760934162,0.8257020813507617
38722.805609312825,0.0
38742.84360928403,0.0
38762.88160925524,0.8257020813507617
38782.91960922644,0.0
38802.95760919764,0.8257020813507617
38822.99560916885,0.41285104067538086
38843.03360914005,0.0
38863.071609111255,0.8257020813507617
38883.109609082465,0.41285104067538086
38903.14760905367,0.0
38923.18560902487,0.0
38943.22360899608,0.8257020813507617
38963.26160896728,0.8257020813507617
38983.29960893848,0.41285104067538086
39003.33760890969,1.2385531220261425
39023.375608880895,0.0
39043.413608852105,0.0
39063.45160882331,0.41285104067538086
39083.48960879451,1.2385531220261425
39103.52760876572,0.0
39123.56560873692,0.41285104067538086
39143.60360870812,0.41285104067538086
39163.64160867933,1.2385531220261425
39183.679608650535,0.8257020813507617
39203.71760862174,0.41285104067538086
39223.75560859295,0.41285104067538086
39243.79360856415,0.41285104067538086
39263.83160853535,0.8257020813507617
39283.86960850656,0.41285104067538086
39303.90760847776,0.0
39323.945608448965,0.8257020813507617
39343.983608420174,1.2385531220261425
39364.02160839138,0.41285104067538086
39384.05960836258,0.0
39404.09760833379,0.8257020813507617
39424.13560830499,0.41285104067538086
39444.17360827619,1.6514041627015235
39464.2116082474,0.8257020813507617
39484.249608218604,0.0
39504.287608189814,0.41285104067538086
39524.325608161016,0.8257020813507617
39544.36360813222,0.8257020813507617
39564.40160810343,0.41285104067538086
39584.43960807463,0.0
39604.47760804583,0.0
39624.51560801704,0.41285104067538086
39644.553607988244,0.41285104067538086
39664.591607959446,0.0
39684.629607930656,0.0
39704.66760790186,0.8257020813507617
39724.70560787306,0.0
39744.74360784427,0.8257020813507617
39764.78160781547,0.0
39784.819607786674,0.41285104067538086
39804.857607757884,0.41285104067538086
39824.895607729086,0.8257020813507617
39844.93360770029,0.0
39864.9716076715,0.0
39885.0096076427,0.0
39905.04760761391,0.0
39925.08560758511,0.0
39945.123607556314,0.41285104067538086
39965.16160752752,0.0
39985.199607498726,0.0
40005.23760746993,0.41285104067538086
40025.27560744114,0.0
40045.31360741234,0.0
40065.35160738354,0.41285104067538086
40085.38960735475,0.0
40105.42760732595,0.0
40125.465607297156,0.41285104067538086
40145.503607268365,0.0
40165.54160723957,0.0
40185.57960721077,0.41285104067538086
40205.61760718198,1.2385531220261425
40225.65560715318,0.41285104067538086
40245.69360712438,0.0
40265.73160709559,0.0
40285.769607066795,0.41285104067538086
40305.807607038,0.41285104067538086
40325.84560700921,0.41285104067538086
40345.88360698041,0.0
40365.92160695162,0.0
40385.95960692282,0.41285104067538086
40405.99760689402,0.41285104067538086
40426.03560686523,0.0
40446.073606836435,0.41285104067538086
40466.11160680764,0.41285104067538086
40486.14960677885,0.0
40506.18760675005,0.41285104067538086
40526.22560672125,0.41285104067538086
40546.26360669246,0.0
40566.30160666366,0.0
40586.339606634865,0.41285104067538086
40606.377606606075,0.41285104067538086
40626.41560657728,0.0
40646.45360654848,0.8257020813507617
40666.49160651969,0.0
40686.52960649089,0.0
40706.56760646209,0.8257020813507617
40726.6056064333,0.0
40746.643606404505,0.41285104067538086
40766.68160637571,0.0
40786.71960634692,0.41285104067538086
40806.75760631812,0.0
40826.79560628933,0.41285104067538086
40846.83360626053,0.41285104067538086
40866.87160623173,0.0
40886.90960620294,0.0
40906.947606174144,0.41285104067538086
40926.98560614535,0.0
40947.023606116556,0.0
40967.06160608776,0.0
40987.09960605896,0.41285104067538086
41007.13760603017,0.0
