Energy (keV),Intensity (CPS)
-10.64833502597627,0.0
9.389664945228489,0.0
29.427664916433248,0.0
49.46566488763801,0.0
69.50366485884277,0.0
89.54166483004752,0.0
109.57966480125229,0.0
129.61766477245703,0.0
149.6556647436618,0.0
169.69366471486654,0.0
189.7316646860713,0.0
209.76966465727605,0.0
229.80766462848084,0.0
249.84566459968556,0.0
269.88366457089035,0.0
289.9216645420951,0.0
309.95966451329986,0.0
329.99766448450464,0.0
350.03566445570937,0.38492937278221634
370.07366442691415,0.0
390.1116643981189,0.38492937278221634
410.14966436932366,0.0
430.1876643405284,1.5397174911288654
450.22566431173317,0.0
470.26366428293795,0.0
490.3016642541427,2.309576236693298
510.3396642253474,0.7698587455644327
530.3776641965522,0.7698587455644327
550.415664167757,1.9246468639110816
570.4536641389617,1.5397174911288654
590.4916641101664,2.6945056094755144
610.5296640813713,1.5397174911288654
630.567664052576,0.38492937278221634
650.6056640237807,1.5397174911288654
670.6436639949856,3.0794349822577307
690.6816639661903,1.154788118346649
710.719663937395,1.9246468639110816
730.7576639085997,2.6945056094755144
750.7956638798046,2.6945056094755144
770.8336638510093,1.5397174911288654
790.871663822214,4.23422310060438
810.9096637934189,3.8492937278221633
830.9476637646236,4.619152473386596
850.9856637358283,5.389011218951029
871.023663707033,4.619152473386596
891.0616636782379,11.54788118346649
911.0996636494426,15.397174911288653
931.1376636206473,30.024491077012875
951.1756635918522,27.32998546753736
971.2136635630569,28.099844213101793
991.2516635342616,13.857457420159788
1011.2896635054664,5.773940591733245
1031.3276634766712,10.39309306511984
1051.365663447876,10.778022437902058
1071.4036634190809,18.476609893546385
1091.4416633902856,15.78210428407087
1111.4796633614903,13.087598674595355
1131.517663332695,11.54788118346649
1151.5556633038998,8.083516828426543
1171.5936632751045,8.853375573990975
1191.6316632463092,13.087598674595355
1211.6696632175142,14.62731616572422
1231.707663188719,12.70266930181314
1251.7456631599237,6.928728710079894
1271.7836631311284,7.31365808286211
1291.821663102333,5.773940591733245
1311.8596630735378,4.619152473386596
1331.8976630447426,4.619152473386596
1351.9356630159475,3.8492937278221633
1371.9736629871522,6.543799337297678
1392.011662958357,5.004081846168813
1412.0496629295617,7.698587455644327
1432.0876629007664,9.238304946773193
1452.1256628719711,10.39309306511984
1472.1636628431759,11.54788118346649
1492.2016628143808,14.242386792942005
1512.2396627855856,10.778022437902058
1532.2776627567903,4.619152473386596
1552.315662727995,5.004081846168813
1572.3536626991997,3.0794349822577307
1592.3916626704045,2.6945056094755144
1612.4296626416092,3.0794349822577307
1632.4676626128141,6.158869964515461
1652.5056625840189,6.928728710079894
1672.5436625552236,10.778022437902058
1692.5816625264283,21.1711155030219
1712.619662497633,36.183361041528336
1732.6576624688378,57.35447654455024
1752.6956624400425,43.11208975160823
1772.7336624112475,25.020409230844063
1792.7716623824522,15.012245538506438
1812.809662353657,10.39309306511984
1832.8476623248616,13.857457420159788
1852.8856622960664,5.004081846168813
1872.923662267271,6.543799337297678
1892.9616622384758,11.54788118346649
1912.9996622096808,8.083516828426543
1933.0376621808855,13.857457420159788
1953.0756621520902,12.70266930181314
1973.113662123295,20.01632738467525
1993.1516620944997,25.40533860362628
2013.1896620657044,31.179279195359523
2033.2276620369091,26.945056094755145
2053.265662008114,28.099844213101793
2073.3036619793183,28.869702958666224
2093.3416619505233,24.635479858061846
2113.379661921728,22.710832994150763
2133.4176618929328,19.246468639110816
2153.4556618641377,27.714914840319576
2173.493661835342,23.86562111249741
2193.531661806547,25.020409230844063
2213.5696617777517,28.099844213101793
2233.6076617489566,36.183361041528336
2253.645661720161,40.802513514914935
2273.683661691366,51.58053595281699
2293.721661662571,65.43799337297678
2313.7596616337755,79.29545079313657
2333.7976616049805,73.52151020140332
2353.835661576185,66.59278149132342
2373.87366154739,83.52967389374095
2393.9116615185944,66.97771086410565
2413.9496614897994,62.35855839071905
2433.9876614610043,51.58053595281699
2454.025661432209,47.73124222499482
2474.063661403414,58.8941940356791
2494.1016613746183,63.898275881847916
2514.1396613458232,64.66813462741234
2534.1776613170277,82.75981514817651
2554.2156612882327,82.75981514817651
2574.2536612594376,116.24867058022933
2594.291661230642,162.05526594131308
2614.329661201847,324.8803906281906
2634.3676611730516,634.7485357178747
2654.4056611442566,1030.8408603107753
2674.443661115461,1513.1573644068924
2694.481661086666,1723.7137313187648
2714.519661057871,1518.1614462530613
2734.5576610290755,1083.9611137547213
2754.5956610002804,709.4248340376247
2774.633660971485,592.4063047118309
2794.67166094269,706.7303284281492
2814.7096609138944,850.6939138486981
2834.7476608850993,932.298940878528
2854.7856608563043,879.1786874345821
2874.823660827509,720.587785848309
2894.8616607987137,642.4471231735191
2914.8996607699182,690.1783653985138
2934.937660741123,768.3190280733038
2954.9756607123277,754.0766412803619
2975.0136606835326,715.9686333749224
2995.0516606547376,543.1353449957072
3015.089660625942,383.3896552910875
3035.127660597147,260.21225600077827
3055.1656605683515,166.6744184146997
3075.2036605395565,138.9595035743801
3095.241660510761,128.95133988204248
3115.279660481966,122.02261117196258
3135.317660453171,155.8963959767976
3155.3556604243754,157.05118409514427
3175.3936603955804,149.35259663949995
3195.431660366785,142.80879730220227
3215.46966033799,128.18148113647803
3235.5076603091943,96.23234319555408
3255.5456602803993,90.84333197660305
3275.583660251604,83.91460326652316
3295.6216602228087,103.93093065119841
3315.6596601940137,106.62543626067392
3335.697660165218,111.24458873406053
3355.735660136423,114.32402371631825
3375.7736601076276,108.550083124585
3395.8116600788326,95.07755507720744
3415.8496600500375,90.07347323103862
3435.887660021242,94.307696331643
3455.925659992447,86.9940382487809
3475.9636599636515,92.76797884051413
3496.0016599348564,88.53375573990976
3516.039659906061,85.45432075765203
3536.077659877266,85.06939138486982
3556.115659848471,91.22826134938528
3576.1536598196753,105.85557751510949
3596.1916597908803,97.38713131390074
3616.229659762085,100.85149566894069
3636.2676597332897,132.41570423708242
3656.3056597044942,141.6540091838556
3676.343659675699,151.66217287619324
3696.381659646904,161.28540719574863
3716.4196596181087,148.9676672667177
3736.4576595893136,135.11020984655792
3756.495659560518,121.25275242639815
3776.533659531723,120.48289368083371
3796.5716595029276,116.24867058022933
3816.6096594741325,126.64176364534917
3836.6476594453375,114.32402371631825
3856.685659416542,118.55824681692263
3876.723659387747,140.11429169272674
3896.7616593589514,125.87190489978474
3916.7996593301564,121.63768179918036
3936.837659301361,140.49922106550898
3956.875659272566,125.1020461542203
3976.9136592437703,138.57457420159787
3996.9516592149753,145.11837353889555
4016.9896591861802,143.19372667498448
4037.0276591573847,135.88006859212237
4057.0656591285897,147.42794977558887
4077.103659099794,146.2731616572422
4097.141659071,143.57865604776669
4117.179659042205,141.2690798110734
4137.2176590134095,128.18148113647803
4157.255658984614,143.96358542054892
4177.2936589558185,134.7252804737757
4197.331658927023,141.6540091838556
4217.369658898228,149.35259663949995
4237.407658869432,152.04710224897545
4257.445658840637,150.50738475784658
4277.483658811842,149.73752601228216
4297.521658783047,163.97991280522416
4317.559658754252,155.5114666040154
4337.597658725456,161.28540719574863
4357.635658696661,169.3689240241752
4377.673658667866,140.49922106550898
4397.711658639071,168.59906527861077
4417.749658610276,180.9168052076417
4437.78765858148,199.39341510118805
4457.825658552685,208.63172004796127
4477.86365852389,239.42606987053856
4497.901658495095,263.29169098303595
4517.939658466299,274.45464279372027
4537.977658437504,244.04522234392516
4558.015658408709,238.27128175219192
4578.053658379914,220.17960123142774
4598.091658351119,187.07567517215713
4618.129658322323,172.0634296336507
4638.167658293528,182.45652269877056
4658.205658264733,179.76201708929503
4678.243658235938,185.15102830824605
4698.281658207143,183.6113108171172
4718.319658178347,188.2304632905038
4738.357658149552,175.14286461590842
4758.395658120757,197.46876823727698
4778.433658091962,185.53595768102826
4798.471658063166,197.85369761005919
4818.509658034371,190.15511015441487
4838.547658005576,196.31398011893035
4858.585657976781,197.85369761005919
4878.6236579479855,200.5482032195347
4898.66165791919,207.4769319296146
4918.6996578903945,222.10424809533882
4938.7376578615995,201.31806196509913
4958.775657832804,223.6439655864677
4978.813657804009,219.0248131130811
4998.851657775213,195.1591920005837
5018.889657746418,219.79467185864553
5038.927657717623,205.93721443848574
5058.965657688828,216.33030750360558
5079.003657660032,221.3343893497744
5099.041657631237,233.2671999060231
5119.079657602442,235.9617055154986
5139.117657573647,234.03705865158753
5159.155657544852,243.2753635983607
5179.193657516056,259.0574678824316
5199.231657487261,255.59310352739166
5219.269657458466,260.9821147463427
5239.307657429671,270.6053490658981
5259.345657400875,260.5971853735605
5279.38365737208,254.438315409045
5299.421657343285,284.4628064860579
5319.45965731449,299.4750520245643
5339.497657285695,314.10236819028853
5359.535657256899,315.25715630863516
5379.573657228104,308.71335697133753
5399.611657199309,352.59530546851016
5419.649657170514,345.66657675843027
5439.687657141719,330.26940184714164
5459.725657112923,314.10236819028853
5479.763657084128,275.6094309120669
5499.801657055333,280.6135127582357
5519.839657026538,294.85589955117774
5539.877656997742,278.68886589432464
5559.915656968947,277.14914840319574
5579.953656940152,282.1532302493646
5599.991656911357,301.39969888847537
5620.0296568825615,293.70111143283106
5640.067656853766,297.5504051606532
5660.1056568249705,290.2367470777911
5680.1436567961755,314.48729756307074
5700.18165676738,299.4750520245643
5720.219656738585,307.55856885299085
5740.257656709789,310.6380038352486
5760.295656680994,328.34475498323053
5780.333656652199,311.0229332080308
5800.371656623404,327.5748962376661
5820.409656594608,320.261238154804
5840.447656565813,336.04334243887484
5860.485656537018,344.51178864008364
5880.523656508223,333.7337662021816
5900.561656479428,348.3610823679058
5920.599656450632,352.9802348412924
5940.637656421837,347.5912236223414
5960.675656393042,363.3733279064122
5980.713656364247,376.4609265810076
6000.751656335452,350.6706586045991
6020.789656306656,337.19813055722153
6040.827656277861,347.5912236223414
6060.865656249066,334.1186955749638
6080.903656220271,361.06375166971895
6100.941656191475,368.37740975258106
6120.97965616268,342.97207114895474
6141.017656133885,376.0759972082254
6161.05565610509,392.2430308650784
6181.093656076295,367.9924803797988
6201.131656047499,398.4019008295939
6221.169656018704,429.96610939773564
6241.207655989909,414.9538638592292
6261.245655961114,417.26344009592253
6281.283655932319,465.7645410664818
6301.321655903523,451.52215427353974
6321.359655874728,442.6687786995488
6341.397655845933,484.6260803328104
6361.435655817138,525.8135232205075
6381.473655788342,504.64240771748564
6401.511655759547,515.8053595281699
6421.5496557307515,505.79719583583227
6441.5876557019565,464.2248235753529
6461.625655673161,464.2248235753529
6481.6636556443655,410.33471138584264
6501.70165561557,389.54852525560295
6521.739655586775,383.3896552910875
6541.77765555798,363.3733279064122
6561.815655529185,374.9212090898787
6581.853655500389,364.14318665197663
6601.891655471594,357.9843166874612
6621.929655442799,378.38557344491863
6641.967655414004,367.2226216342344
6662.005655385208,365.2979747703233
6682.043655356413,345.28164738564806
6702.081655327618,366.83769226145216
6722.119655298823,360.2938929241545
6742.157655270028,371.07191536205653
6762.195655241232,377.6157146993542
6782.233655212437,392.6279602378607
6802.271655183642,386.4690902733452
6822.309655154847,357.21445794189674
6842.347655126052,362.2185397880656
6862.385655097256,374.9212090898787
6882.423655068461,378.7705028177009
6902.461655039666,376.0759972082254
6922.499655010871,390.3183840011674
6942.537654982075,396.86218333846506
6962.57565495328,367.2226216342344
6982.613654924485,372.99656222596764
7002.65165489569,372.6116328531854
7022.689654866895,384.9293727822163
7042.727654838099,367.2226216342344
7062.765654809304,351.82544672294574
7082.803654780509,383.7745846638697
7102.841654751714,346.8213648767769
7122.8796547229185,361.06375166971895
7142.917654694123,360.2938929241545
7162.9556546653275,334.503624947746
7182.9936546365325,357.9843166874612
7203.031654607737,369.5321978709277
7223.0696545789415,343.35700052173695
7243.107654550146,331.42418996548827
7263.145654521351,341.8172830306081
7283.183654492556,325.650249373755
7303.221654463761,323.72560250984395
7323.259654434965,329.49954310157716
7343.29765440617,325.650249373755
7363.335654377375,331.03926059270606
7383.37365434858,353.7500935868568
7403.411654319785,329.11461372879495
7423.449654290989,349.5158704862524
7443.487654262194,327.1899668648839
7463.525654233399,340.27756553947927
7483.563654204604,321.41602627315064
7503.601654175808,330.65433121992385
7523.639654147013,338.35291867556816
7543.677654118218,328.34475498323053
7563.715654089423,303.3243457523865
7583.753654060628,306.7887101074264
7603.791654031832,311.407862580813
7623.829654003037,315.25715630863516
7643.867653974242,291.0066058233555
7663.905653945447,307.94349822577306
7683.943653916652,296.7805464150888
7703.981653887856,322.18588501871506
7724.019653859061,302.16955763403985
7744.057653830266,280.99844213101795
7764.095653801471,296.7805464150888
7784.133653772675,291.77646456892
7804.17165374388,297.5504051606532
7824.209653715085,290.6216764505733
7844.24765368629,294.4709701783955
7864.285653657495,292.5463233144844
7884.323653628699,306.018851361862
7904.361653599904,274.06971342093806
7924.3996535711085,279.84365401267127
7944.4376535423135,288.69702958666227
7964.4756535135175,301.39969888847537
7984.513653484722,299.85998139734653
8004.551653455927,297.165475787871
8024.589653427132,290.2367470777911
8044.627653398337,302.93941637960427
8064.665653369541,280.99844213101795
8084.703653340746,304.8640632435153
8104.741653311951,297.5504051606532
8124.779653283156,260.21225600077827
8144.817653254361,280.2285833854535
8164.855653225565,266.7560553380759
8184.893653196771,270.9902784386803
8204.931653167974,275.6094309120669
8224.969653139178,262.52183223747153
8245.007653110384,263.6766203558182
8265.045653081588,257.13282101852053
8285.083653052794,258.28760913686716
8305.121653023998,268.2957728292048
8325.159652995202,242.5055048527963
8345.197652966408,244.43015171670737
8365.235652937612,234.03705865158753
8385.273652908816,243.66029297114295
8405.311652880022,243.2753635983607
8425.349652851226,237.11649363384527
8445.387652822432,240.195928616103
8465.425652793636,240.96578736166742
8485.46365276484,241.35071673444963
8505.501652736046,254.8232447818272
8525.53965270725,229.80283555098316
8545.577652678456,233.2671999060231
8565.61565264966,227.87818868707208
8585.653652620864,244.43015171670737
8605.69165259207,241.73564610723187
8625.729652563274,249.04930419009398
8645.76765253448,229.80283555098316
8665.805652505684,231.72748241489424
8685.843652476888,217.87002499473445
8705.881652448094,227.87818868707208
8725.919652419298,208.63172004796127
8745.957652390503,201.70299133788137
8765.995652361707,198.23862698284142
8786.033652332912,203.62763820179245
8806.071652304117,183.6113108171172
8826.109652275321,194.00440388223703
8846.147652246527,204.39749694735687
8866.185652217731,210.55636691187235
8886.223652188935,191.30989827276153
8906.261652160141,187.07567517215713
8926.299652131345,184.38116956268163
8946.33765210255,170.52371214252184
8966.375652073755,185.15102830824605
8986.41365204496,176.29765273425508
9006.451652016165,168.59906527861077
9026.48965198737,164.36484217800637
9046.527651958573,157.82104284070869
9066.565651929779,164.36484217800637
9086.603651900983,157.43611346792648
9106.641651872189,147.81287914837108
9126.679651843393,153.97174911288653
9146.717651814597,141.2690798110734
9166.755651785803,132.80063360986463
9186.793651757007,137.03485671046903
9206.831651728213,123.56232866309145
9226.869651699417,132.80063360986463
9246.90765167062,132.41570423708242
9266.945651641827,124.33218740865588
9286.98365161303,128.95133988204248
9307.021651584237,112.78430622518938
9327.05965155544,109.31994187014944
9347.097651526645,104.70078939676284
9367.13565149785,92.38304946773192
9387.173651469055,100.08163692337625
9407.21165144026,91.9981200949497
9427.249651411465,89.68854385825641
9447.287651382669,86.60910887599867
9467.325651353874,85.06939138486982
9487.363651325079,84.29953263930538
9507.401651296283,80.065309538701
9527.439651267488,82.75981514817651
9547.477651238692,73.1365808286211
9567.515651209898,70.05714584636337
9587.553651181102,61.58869964515461
9607.591651152306,68.90235772801672
9627.629651123512,56.96954717176802
9647.667651094716,54.65997093507472
9667.705651065922,48.886030343341474
9687.743651037126,55.044900307856935
9707.78165100833,51.19560658003477
9727.819650979536,35.028572923181684
9747.85765095074,35.79843166874612
9767.895650921946,33.87378480483504
9787.93365089315,32.71899668648839
9807.971650864354,28.099844213101793
9828.00965083556,29.25463233144844
9848.047650806764,25.790267976408494
9868.08565077797,22.710832994150763
9888.123650749174,24.635479858061846
9908.161650720378,23.480691739715198
9928.199650691584,20.78618613023968
9948.237650662788,16.93689240241752
9968.275650633994,13.472528047377573
9988.313650605198,15.397174911288653
10008.351650576402,13.472528047377573
10028.389650547608,10.39309306511984
10048.427650518812,7.698587455644327
10068.465650490016,9.238304946773193
10088.503650461222,8.083516828426543
10108.541650432426,6.543799337297678
10128.579650403632,6.928728710079894
10148.617650374836,5.773940591733245
10168.65565034604,4.619152473386596
10188.693650317246,3.464364355039947
10208.73165028845,4.23422310060438
10228.769650259655,2.6945056094755144
10248.80765023086,1.9246468639110816
10268.845650202064,1.154788118346649
10288.88365017327,1.154788118346649
10308.921650144473,1.5397174911288654
10328.95965011568,0.7698587455644327
10348.997650086883,2.6945056094755144
10369.035650058087,1.5397174911288654
10389.073650029293,1.5397174911288654
10409.111650000497,1.154788118346649
10429.149649971703,0.38492937278221634
10449.187649942907,1.154788118346649
10469.225649914111,1.5397174911288654
10489.263649885317,1.5397174911288654
10509.301649856521,1.5397174911288654
10529.339649827725,1.154788118346649
10549.377649798931,1.5397174911288654
10569.415649770135,0.38492937278221634
10589.453649741341,1.9246468639110816
10609.491649712545,1.5397174911288654
10629.529649683749,0.0
10649.567649654955,0.38492937278221634
10669.605649626159,1.5397174911288654
10689.643649597365,1.9246468639110816
10709.681649568569,1.154788118346649
10729.719649539773,2.309576236693298
10749.757649510979,1.9246468639110816
10769.795649482183,1.5397174911288654
10789.833649453389,1.154788118346649
10809.871649424593,1.154788118346649
10829.909649395797,1.9246468639110816
10849.947649367003,0.7698587455644327
10869.985649338207,0.38492937278221634
10890.023649309413,1.9246468639110816
10910.061649280617,1.154788118346649
10930.09964925182,1.5397174911288654
10950.137649223027,2.309576236693298
10970.17564919423,0.7698587455644327
10990.213649165436,2.309576236693298
11010.25164913664,1.154788118346649
11030.289649107845,1.154788118346649
11050.32764907905,0.7698587455644327
11070.365649050254,1.154788118346649
11090.403649021458,0.7698587455644327
11110.441648992664,1.154788118346649
11130.479648963868,2.6945056094755144
11150.517648935074,1.9246468639110816
11170.555648906278,1.154788118346649
11190.593648877482,1.154788118346649
11210.631648848688,1.5397174911288654
11230.669648819892,2.6945056094755144
11250.707648791098,1.5397174911288654
11270.745648762302,2.6945056094755144
11290.783648733506,0.7698587455644327
11310.821648704712,0.0
11330.859648675916,0.7698587455644327
11350.897648647122,1.9246468639110816
11370.935648618326,2.309576236693298
11390.97364858953,1.5397174911288654
11411.011648560736,1.154788118346649
11431.04964853194,1.154788118346649
11451.087648503146,3.464364355039947
11471.12564847435,0.7698587455644327
11491.163648445554,3.464364355039947
11511.20164841676,1.9246468639110816
11531.239648387964,1.154788118346649
11551.27764835917,1.154788118346649
11571.315648330374,1.5397174911288654
11591.353648301578,1.154788118346649
11611.391648272784,3.0794349822577307
11631.429648243988,2.6945056094755144
11651.467648215192,2.309576236693298
11671.505648186398,0.0
11691.543648157602,1.154788118346649
11711.581648128808,1.154788118346649
11731.619648100012,1.5397174911288654
11751.657648071216,0.38492937278221634
11771.695648042421,2.309576236693298
11791.733648013625,0.0
11811.771647984831,1.5397174911288654
11831.809647956035,0.0
11851.84764792724,1.154788118346649
11871.885647898445,1.9246468639110816
11891.92364786965,0.7698587455644327
11911.961647840855,0.0
11931.99964781206,1.154788118346649
11952.037647783263,1.5397174911288654
11972.07564775447,0.7698587455644327
11992.113647725673,1.5397174911288654
12012.151647696879,1.154788118346649
12032.189647668083,0.7698587455644327
12052.227647639287,1.154788118346649
12072.265647610493,1.9246468639110816
12092.303647581697,1.154788118346649
12112.341647552903,3.464364355039947
12132.379647524107,1.154788118346649
12152.417647495311,1.154788118346649
12172.455647466517,1.154788118346649
12192.493647437721,0.38492937278221634
12212.531647408925,0.7698587455644327
12232.56964738013,1.9246468639110816
12252.607647351335,2.309576236693298
12272.64564732254,2.309576236693298
12292.683647293745,1.5397174911288654
12312.721647264949,1.154788118346649
12332.759647236155,1.9246468639110816
12352.797647207359,0.7698587455644327
12372.835647178565,1.154788118346649
12392.873647149769,1.154788118346649
12412.911647120973,0.38492937278221634
12432.949647092179,0.7698587455644327
12452.987647063383,0.38492937278221634
12473.025647034588,0.38492937278221634
12493.063647005793,1.5397174911288654
12513.101646976997,1.154788118346649
12533.139646948202,0.7698587455644327
12553.177646919406,0.38492937278221634
12573.215646890612,1.5397174911288654
12593.253646861816,0.38492937278221634
12613.29164683302,0.7698587455644327
12633.329646804226,0.38492937278221634
12653.36764677543,1.154788118346649
12673.405646746636,0.7698587455644327
12693.44364671784,2.309576236693298
12713.481646689044,0.38492937278221634
12733.51964666025,1.5397174911288654
12753.557646631454,3.0794349822577307
12773.595646602658,1.5397174911288654
12793.633646573864,1.154788118346649
12813.671646545068,1.9246468639110816
12833.709646516274,0.38492937278221634
12853.747646487478,1.154788118346649
12873.785646458682,0.38492937278221634
12893.823646429888,2.6945056094755144
12913.861646401092,1.5397174911288654
12933.899646372298,0.38492937278221634
12953.937646343502,0.0
12973.975646314706,1.5397174911288654
12994.013646285912,1.154788118346649
13014.051646257116,1.5397174911288654
13034.089646228322,1.154788118346649
13054.127646199526,1.5397174911288654
13074.16564617073,1.154788118346649
13094.203646141936,0.7698587455644327
13114.24164611314,2.309576236693298
13134.279646084346,2.6945056094755144
13154.31764605555,1.154788118346649
13174.355646026754,1.5397174911288654
13194.39364599796,0.0
13214.431645969164,1.154788118346649
13234.469645940368,1.9246468639110816
13254.507645911573,0.0
13274.545645882778,0.7698587455644327
13294.583645853983,1.5397174911288654
13314.621645825187,2.309576236693298
13334.659645796391,1.5397174911288654
13354.697645767597,1.154788118346649
13374.735645738801,1.154788118346649
13394.773645710007,1.5397174911288654
13414.811645681211,1.5397174911288654
13434.849645652415,1.154788118346649
13454.887645623621,0.7698587455644327
13474.925645594825,1.5397174911288654
13494.963645566031,1.5397174911288654
13515.001645537235,1.5397174911288654
13535.03964550844,2.6945056094755144
13555.077645479645,1.154788118346649
13575.11564545085,0.7698587455644327
13595.153645422055,0.7698587455644327
13615.191645393259,1.9246468639110816
13635.229645364463,1.154788118346649
13655.267645335669,0.7698587455644327
13675.305645306873,0.7698587455644327
13695.343645278079,0.0
13715.381645249283,1.154788118346649
13735.419645220487,0.7698587455644327
13755.457645191693,0.0
13775.495645162897,0.7698587455644327
13795.5336451341,0.7698587455644327
13815.571645105307,1.154788118346649
13835.60964507651,1.9246468639110816
13855.647645047717,1.154788118346649
13875.68564501892,1.154788118346649
13895.723644990125,0.0
13915.76164496133,1.154788118346649
13935.799644932535,1.5397174911288654
13955.83764490374,0.38492937278221634
13975.875644874945,2.6945056094755144
13995.913644846149,1.154788118346649
14015.951644817354,0.7698587455644327
14035.989644788559,0.0
14056.027644759764,0.7698587455644327
14076.065644730968,0.38492937278221634
14096.103644702172,1.9246468639110816
14116.141644673378,1.5397174911288654
14136.179644644582,2.309576236693298
14156.217644615788,0.7698587455644327
14176.255644586992,0.38492937278221634
14196.293644558196,1.9246468639110816
14216.331644529402,0.38492937278221634
14236.369644500606,0.38492937278221634
14256.407644471812,1.9246468639110816
14276.445644443016,0.38492937278221634
14296.48364441422,1.5397174911288654
14316.521644385426,0.7698587455644327
14336.55964435663,0.7698587455644327
14356.597644327834,1.154788118346649
14376.63564429904,1.5397174911288654
14396.673644270244,0.38492937278221634
14416.71164424145,1.5397174911288654
14436.749644212654,0.7698587455644327
14456.787644183858,1.5397174911288654
14476.825644155064,1.154788118346649
14496.863644126268,1.154788118346649
14516.901644097474,0.7698587455644327
14536.939644068678,1.5397174911288654
14556.977644039882,0.7698587455644327
14577.015644011088,1.154788118346649
14597.053643982292,0.7698587455644327
14617.091643953498,1.154788118346649
14637.129643924702,1.154788118346649
14657.167643895906,0.7698587455644327
14677.205643867112,0.38492937278221634
14697.243643838316,0.7698587455644327
14717.281643809521,0.7698587455644327
14737.319643780726,1.5397174911288654
14757.35764375193,1.5397174911288654
14777.395643723135,0.38492937278221634
14797.43364369434,1.5397174911288654
14817.471643665545,0.38492937278221634
14837.50964363675,0.7698587455644327
14857.547643607953,0.0
14877.58564357916,1.5397174911288654
14897.623643550363,0.0
14917.661643521567,1.154788118346649
14937.699643492773,0.38492937278221634
14957.737643463977,1.5397174911288654
14977.775643435183,0.38492937278221634
14997.813643406387,1.154788118346649
15017.851643377591,0.7698587455644327
15037.889643348797,0.0
15057.927643320001,0.38492937278221634
15077.965643291207,0.7698587455644327
15098.003643262411,1.5397174911288654
15118.041643233615,1.5397174911288654
15138.079643204821,0.38492937278221634
15158.117643176025,2.6945056094755144
15178.15564314723,0.38492937278221634
15198.193643118435,1.154788118346649
15218.231643089639,0.38492937278221634
15238.269643060845,0.7698587455644327
15258.307643032049,0.7698587455644327
15278.345643003255,0.0
15298.383642974459,0.0
15318.421642945663,0.38492937278221634
15338.459642916869,0.38492937278221634
15358.497642888073,0.0
15378.535642859279,1.5397174911288654
15398.573642830483,0.0
15418.611642801687,1.9246468639110816
15438.649642772893,0.7698587455644327
15458.687642744097,0.0
15478.7256427153,0.38492937278221634
15498.763642686507,1.5397174911288654
15518.80164265771,1.5397174911288654
15538.839642628916,0.38492937278221634
15558.87764260012,0.0
15578.915642571324,0.7698587455644327
15598.95364254253,0.0
15618.991642513734,1.9246468639110816
15639.02964248494,0.38492937278221634
15659.067642456144,1.154788118346649
15679.105642427348,0.0
15699.143642398554,0.38492937278221634
15719.181642369758,1.5397174911288654
15739.219642340964,1.154788118346649
15759.257642312168,0.7698587455644327
15779.295642283372,1.154788118346649
15799.333642254578,0.7698587455644327
15819.371642225782,0.0
15839.409642196988,0.7698587455644327
15859.447642168192,0.7698587455644327
15879.485642139396,0.0
15899.523642110602,0.7698587455644327
15919.561642081806,0.0
15939.59964205301,0.7698587455644327
15959.637642024216,0.7698587455644327
15979.67564199542,1.154788118346649
15999.713641966626,1.5397174911288654
16019.75164193783,1.154788118346649
16039.789641909034,0.38492937278221634
16059.82764188024,0.7698587455644327
16079.865641851444,1.154788118346649
16099.90364182265,0.38492937278221634
16119.941641793854,0.7698587455644327
16139.979641765058,0.0
16160.017641736264,0.38492937278221634
16180.055641707468,1.154788118346649
16200.093641678674,1.5397174911288654
16220.131641649878,0.0
16240.169641621082,1.154788118346649
16260.207641592287,0.0
16280.245641563492,0.38492937278221634
16300.283641534697,0.38492937278221634
16320.321641505901,1.154788118346649
16340.359641477105,0.0
16360.397641448311,0.38492937278221634
16380.435641419517,1.154788118346649
16400.47364139072,0.38492937278221634
16420.511641361925,0.0
16440.54964133313,0.38492937278221634
16460.587641304333,0.7698587455644327
16480.62564127554,0.38492937278221634
16500.663641246745,0.7698587455644327
16520.701641217947,0.0
16540.739641189153,0.38492937278221634
16560.77764116036,0.0
16580.815641131565,1.154788118346649
16600.853641102767,0.38492937278221634
16620.891641073973,0.0
16640.92964104518,0.0
16660.96764101638,0.38492937278221634
16681.005640987587,0.38492937278221634
16701.043640958793,0.7698587455644327
16721.081640929995,0.0
16741.1196409012,0.0
16761.157640872407,0.7698587455644327
16781.19564084361,0.0
16801.233640814815,0.38492937278221634
16821.27164078602,0.0
16841.309640757227,0.0
16861.34764072843,0.0
16881.385640699635,0.7698587455644327
16901.42364067084,0.0
16921.461640642043,0.38492937278221634
16941.49964061325,0.0
16961.537640584454,0.7698587455644327
16981.575640555657,0.0
17001.613640526863,0.0
17021.65164049807,0.7698587455644327
17041.689640469274,0.7698587455644327
17061.727640440477,0.38492937278221634
17081.765640411682,0.0
17101.80364038289,0.0
17121.84164035409,0.0
17141.879640325296,0.7698587455644327
17161.917640296502,0.0
17181.955640267704,0.38492937278221634
17201.99364023891,0.0
17222.031640210116,0.0
17242.069640181322,0.38492937278221634
17262.107640152524,0.0
17282.14564012373,0.0
17302.183640094936,0.0
17322.22164006614,0.0
17342.259640037344,0.0
17362.29764000855,0.38492937278221634
17382.335639979752,0.38492937278221634
17402.373639950958,0.0
17422.411639922164,0.38492937278221634
17442.449639893366,0.0
17462.487639864572,0.7698587455644327
17482.525639835778,0.38492937278221634
17502.563639806984,0.0
17522.601639778186,0.0
17542.63963974939,0.0
17562.677639720598,0.38492937278221634
17582.7156396918,0.38492937278221634
17602.753639663006,0.7698587455644327
17622.79163963421,0.0
17642.829639605414,0.0
17662.86763957662,0.0
17682.905639547826,0.38492937278221634
17702.94363951903,0.7698587455644327
17722.981639490234,0.0
17743.01963946144,0.38492937278221634
17763.057639432645,0.0
17783.095639403848,0.38492937278221634
17803.133639375053,0.0
17823.17163934626,0.38492937278221634
17843.20963931746,0.0
17863.247639288667,0.0
17883.285639259873,0.0
17903.323639231076,0.0
17923.36163920228,0.38492937278221634
17943.399639173487,0.0
17963.437639144693,0.38492937278221634
17983.475639115895,0.0
18003.5136390871,0.0
18023.551639058307,0.0
18043.58963902951,0.7698587455644327
18063.627639000715,0.0
18083.66563897192,0.0
18103.703638943123,0.0
18123.74163891433,0.0
18143.779638885535,0.0
18163.81763885674,0.38492937278221634
18183.855638827943,0.0
18203.89363879915,0.7698587455644327
18223.931638770355,0.0
18243.969638741557,0.0
18264.007638712763,0.0
18284.04563868397,0.0
18304.08363865517,0.0
18324.121638626377,0.0
18344.159638597583,0.0
18364.197638568785,0.0
18384.23563853999,0.0
18404.273638511197,0.0
18424.311638482402,0.0
18444.349638453605,0.38492937278221634
18464.38763842481,0.0
18484.425638396016,0.0
18504.46363836722,0.0
18524.501638338425,0.0
18544.53963830963,0.0
18564.577638280833,0.0
18584.61563825204,0.0
18604.653638223244,0.0
18624.69163819445,0.0
18644.729638165652,0.0
18664.76763813686,0.0
18684.805638108064,0.0
18704.843638079266,0.0
18724.881638050472,0.0
18744.919638021678,0.0
18764.95763799288,0.0
18784.995637964086,0.0
18805.033637935292,0.0
18825.071637906498,0.0
18845.1096378777,0.0
18865.147637848906,0.0
18885.185637820112,0.0
18905.223637791314,0.0
18925.26163776252,0.0
18945.299637733726,0.0
18965.337637704928,0.0
18985.375637676134,0.0
19005.41363764734,0.0
19025.451637618542,0.0
19045.489637589748,0.0
19065.527637560954,0.0
19085.56563753216,0.0
19105.603637503362,0.0
19125.641637474568,0.0
19145.679637445774,0.0
19165.717637416976,0.0
19185.75563738818,0.0
19205.793637359388,0.0
19225.83163733059,0.0
19245.869637301796,0.0
19265.907637273,0.0
19285.945637244207,0.0
19305.98363721541,0.0
19326.021637186615,0.0
19346.05963715782,0.0
19366.097637129023,0.0
19386.13563710023,0.0
19406.173637071435,0.0
19426.211637042637,0.0
19446.249637013843,0.0
19466.28763698505,0.0
19486.32563695625,0.0
19506.363636927457,0.0
19526.401636898663,0.0
19546.43963686987,0.0
19566.47763684107,0.0
19586.515636812277,0.0
19606.553636783483,0.0
19626.591636754685,0.0
19646.62963672589,0.0
19666.667636697097,0.0
19686.7056366683,0.0
19706.743636639505,0.0
19726.78163661071,0.0
19746.819636581917,0.0
19766.85763655312,0.0
19786.895636524325,0.0
19806.93363649553,0.0
19826.971636466733,0.0
19847.00963643794,0.0
19867.047636409145,0.0
19887.085636380347,0.0
19907.123636351553,0.0
19927.16163632276,0.0
19947.199636293964,0.0
19967.237636265167,0.0
19987.275636236373,0.0
20007.31363620758,0.0
20027.35163617878,0.0
20047.389636149986,0.0
20067.427636121192,0.0
20087.465636092395,0.0
20107.5036360636,0.0
20127.541636034806,0.0
20147.57963600601,0.0
20167.617635977214,0.0
20187.65563594842,0.0
20207.693635919626,0.0
20227.73163589083,0.0
20247.769635862034,0.0
20267.80763583324,0.0
20287.845635804442,0.38492937278221634
20307.883635775648,0.0
20327.921635746854,0.0
20347.959635718056,0.0
20367.997635689262,0.0
20388.035635660468,0.0
20408.073635631674,0.0
20428.111635602876,0.0
20448.149635574082,0.0
20468.187635545288,0.0
20488.22563551649,0.0
20508.263635487696,0.0
20528.3016354589,0.0
20548.339635430104,0.0
20568.37763540131,0.0
20588.415635372516,0.0
20608.453635343718,0.0
20628.491635314924,0.0
20648.52963528613,0.0
20668.567635257335,0.0
20688.605635228538,0.0
20708.643635199744,0.0
20728.68163517095,0.0
20748.71963514215,0.0
20768.757635113358,0.0
20788.795635084563,0.0
20808.833635055766,0.0
20828.87163502697,0.0
20848.909634998177,0.0
20868.947634969383,0.0
20888.985634940585,0.0
20909.02363491179,0.0
20929.061634882997,0.0
20949.0996348542,0.0
20969.137634825405,0.0
20989.17563479661,0.0
21009.213634767813,0.0
21029.25163473902,0.0
21049.289634710225,0.0
21069.327634681427,0.0
21089.365634652633,0.0
21109.40363462384,0.0
21129.441634595045,0.0
21149.479634566247,0.0
21169.517634537453,0.0
21189.55563450866,0.0
21209.59363447986,0.0
21229.631634451067,0.0
21249.669634422273,0.0
21269.707634393475,0.0
21289.74563436468,0.0
21309.783634335887,0.0
21329.821634307093,0.0
21349.859634278295,0.0
21369.8976342495,0.0
21389.935634220707,0.0
21409.97363419191,0.0
21430.011634163115,0.0
21450.04963413432,0.0
21470.087634105523,0.0
21490.12563407673,0.0
21510.163634047934,0.0
21530.20163401914,0.0
21550.239633990343,0.0
21570.27763396155,0.0
21590.315633932754,0.0
21610.353633903957,0.0
21630.391633875162,0.0
21650.42963384637,0.0
21670.46763381757,0.0
21690.505633788776,0.0
21710.543633759982,0.0
21730.581633731184,0.0
21750.61963370239,0.0
21770.657633673596,0.0
21790.695633644802,0.0
21810.733633616004,0.0
21830.77163358721,0.0
21850.809633558416,0.0
21870.847633529618,0.0
21890.885633500824,0.0
21910.92363347203,0.0
21930.961633443232,0.0
21950.999633414438,0.0
21971.037633385644,0.0
21991.07563335685,0.0
22011.113633328052,0.0
22031.151633299258,0.0
22051.189633270464,0.0
22071.227633241666,0.0
22091.26563321287,0.0
22111.303633184078,0.0
22131.34163315528,0.0
22151.379633126486,0.0
22171.41763309769,0.0
22191.455633068894,0.0
22211.4936330401,0.0
22231.531633011306,0.0
22251.56963298251,0.0
22271.607632953714,0.0
22291.64563292492,0.0
22311.683632896125,0.0
22331.721632867328,0.0
22351.759632838533,0.0
22371.79763280974,0.0
22391.83563278094,0.0
22411.873632752147,0.0
22431.911632723353,0.0
22451.94963269456,0.0
22471.98763266576,0.0
22492.025632636967,0.0
22512.063632608173,0.0
22532.101632579375,0.0
22552.13963255058,0.0
22572.177632521787,0.0
22592.21563249299,0.0
22612.253632464195,0.0
22632.2916324354,0.0
22652.329632406607,0.0
22672.36763237781,0.0
22692.405632349015,0.0
22712.44363232022,0.0
22732.481632291423,0.0
22752.51963226263,0.0
22772.557632233835,0.0
22792.595632205037,0.0
22812.633632176243,0.0
22832.67163214745,0.0
22852.70963211865,0.0
22872.747632089857,0.0
22892.785632061063,0.0
22912.82363203227,0.0
22932.86163200347,0.0
22952.899631974677,0.0
22972.937631945882,0.0
22992.975631917085,0.0
23013.01363188829,0.0
23033.051631859496,0.0
23053.0896318307,0.0
23073.127631801904,0.0
23093.16563177311,0.0
23113.203631744316,0.0
23133.24163171552,0.0
23153.279631686724,0.0
23173.31763165793,0.0
23193.355631629132,0.0
23213.39363160034,0.0
23233.431631571544,0.0
23253.469631542746,0.0
23273.507631513952,0.0
23293.545631485158,0.0
23313.58363145636,0.0
23333.621631427566,0.38492937278221634
23353.659631398772,0.0
23373.697631369978,0.0
23393.73563134118,0.0
23413.773631312386,0.0
23433.811631283592,0.0
23453.849631254794,0.0
23473.887631226,0.0
23493.925631197206,0.0
23513.963631168408,0.0
23534.001631139614,0.0
23554.03963111082,0.0
23574.077631082026,0.0
23594.115631053228,0.0
23614.153631024434,0.0
23634.19163099564,0.0
23654.22963096684,0.0
23674.267630938048,0.0
23694.305630909254,0.0
23714.343630880456,0.0
23734.38163085166,0.0
23754.419630822867,0.0
23774.45763079407,0.0
23794.495630765276,0.0
23814.53363073648,0.0
23834.571630707687,0.0
23854.60963067889,0.0
23874.647630650095,0.0
23894.6856306213,0.0
23914.723630592503,0.0
23934.76163056371,0.0
23954.799630534915,0.0
23974.837630506117,0.0
23994.875630477323,0.0
24014.91363044853,0.0
24034.951630419735,0.0
24054.989630390937,0.0
24075.027630362143,0.0
24095.06563033335,0.0
24115.10363030455,0.0
24135.141630275757,0.0
24155.179630246963,0.0
24175.217630218165,0.0
24195.25563018937,0.0
24215.293630160577,0.0
24235.331630131783,0.0
24255.369630102985,0.0
24275.40763007419,0.0
24295.445630045397,0.0
24315.4836300166,0.0
24335.521629987805,0.0
24355.55962995901,0.0
24375.597629930213,0.0
24395.63562990142,0.0
24415.673629872625,0.0
24435.711629843827,0.0
24455.749629815033,0.0
24475.78762978624,0.0
24495.825629757444,0.0
24515.863629728647,0.0
24535.901629699852,0.0
24555.93962967106,0.0
24575.97762964226,0.0
24596.015629613466,0.0
24616.053629584672,0.0
24636.091629555875,0.0
24656.12962952708,0.0
24676.167629498286,0.0
24696.205629469492,0.0
24716.243629440694,0.0
24736.2816294119,0.0
24756.319629383106,0.0
24776.35762935431,0.0
24796.395629325514,0.0
24816.43362929672,0.0
24836.471629267922,0.0
24856.509629239128,0.0
24876.547629210334,0.0
24896.585629181536,0.0
24916.623629152742,0.0
24936.661629123948,0.0
24956.699629095154,0.0
24976.737629066356,0.0
24996.775629037562,0.0
25016.813629008768,0.0
25036.85162897997,0.0
25056.889628951176,0.0
25076.92762892238,0.0
25096.965628893584,0.0
25117.00362886479,0.0
25137.041628835996,0.0
25157.0796288072,0.0
25177.117628778404,0.0
25197.15562874961,0.0
25217.193628720815,0.0
25237.231628692018,0.0
25257.269628663224,0.0
25277.30762863443,0.0
25297.34562860563,0.0
25317.383628576838,0.0
25337.421628548043,0.0
25357.45962851925,0.0
25377.49762849045,0.0
25397.535628461657,0.0
25417.573628432863,0.0
25437.611628404065,0.0
25457.64962837527,0.0
25477.687628346477,0.0
25497.72562831768,0.0
25517.763628288885,0.0
25537.80162826009,0.0
25557.839628231293,0.0
25577.8776282025,0.0
25597.915628173705,0.0
25617.95362814491,0.0
25637.991628116113,0.0
25658.02962808732,0.0
25678.067628058525,0.0
25698.105628029727,0.0
25718.143628000933,0.0
25738.18162797214,0.0
25758.21962794334,0.0
25778.257627914547,0.0
25798.295627885753,0.0
25818.33362785696,0.0
25838.37162782816,0.0
25858.409627799367,0.0
25878.447627770573,0.0
25898.485627741775,0.0
25918.52362771298,0.0
25938.561627684187,0.0
25958.59962765539,0.0
25978.637627626595,0.0
25998.6756275978,0.0
26018.713627569003,0.0
26038.75162754021,0.0
26058.789627511414,0.0
26078.82762748262,0.0
26098.865627453823,0.0
26118.90362742503,0.0
26138.941627396234,0.0
26158.979627367436,0.0
26179.017627338642,0.0
26199.05562730985,0.0
26219.09362728105,0.0
26239.131627252256,0.0
26259.169627223462,0.0
26279.207627194668,0.0
26299.24562716587,0.0
26319.283627137076,0.0
26339.321627108282,0.0
26359.359627079484,0.0
26379.39762705069,0.0
26399.435627021896,0.0
26419.473626993098,0.0
26439.511626964304,0.0
26459.54962693551,0.0
26479.587626906712,0.0
26499.625626877918,0.0
26519.663626849124,0.0
26539.70162682033,0.0
26559.739626791532,0.0
26579.777626762738,0.0
26599.815626733944,0.0
26619.853626705146,0.0
26639.89162667635,0.0
26659.929626647558,0.0
26679.96762661876,0.0
26700.005626589966,0.0
26720.04362656117,0.0
26740.081626532377,0.0
26760.11962650358,0.0
26780.157626474786,0.0
26800.19562644599,0.0
26820.233626417194,0.0
26840.2716263884,0.0
26860.309626359605,0.0
26880.347626330808,0.0
26900.385626302013,0.0
26920.42362627322,0.0
26940.461626244425,0.0
26960.499626215627,0.0
26980.537626186833,0.0
27000.57562615804,0.0
27020.61362612924,0.0
27040.651626100447,0.0
27060.689626071653,0.0
27080.727626042855,0.0
27100.76562601406,0.0
27120.803625985267,0.0
27140.84162595647,0.0
27160.879625927675,0.0
27180.91762589888,0.0
27200.955625870087,0.0
27220.99362584129,0.0
27241.031625812495,0.0
27261.0696257837,0.0
27281.107625754903,0.0
27301.14562572611,0.0
27321.183625697315,0.0
27341.221625668517,0.0
27361.259625639723,0.0
27381.29762561093,0.0
27401.335625582135,0.0
27421.373625553337,0.0
27441.411625524543,0.0
27461.44962549575,0.0
27481.48762546695,0.0
27501.525625438157,0.0
27521.563625409362,0.0
27541.601625380565,0.0
27561.63962535177,0.0
27581.677625322976,0.0
27601.71562529418,0.0
27621.753625265384,0.0
27641.79162523659,0.0
27661.829625207796,0.0
27681.867625179,0.0
27701.905625150204,0.0
27721.94362512141,0.0
27741.981625092612,0.0
27762.01962506382,0.0
27782.057625035024,0.0
27802.095625006226,0.0
27822.133624977432,0.0
27842.171624948638,0.0
27862.209624919844,0.0
27882.247624891046,0.0
27902.285624862252,0.0
27922.323624833458,0.0
27942.36162480466,0.0
27962.399624775866,0.0
27982.437624747072,0.0
28002.475624718274,0.0
28022.51362468948,0.0
28042.551624660686,0.0
28062.58962463189,0.0
28082.627624603094,0.0
28102.6656245743,0.0
28122.703624545506,0.0
28142.741624516708,0.0
28162.779624487914,0.0
28182.81762445912,0.0
28202.85562443032,0.0
28222.893624401528,0.0
28242.931624372733,0.0
28262.969624343936,0.0
28283.00762431514,0.0
28303.045624286347,0.0
28323.083624257553,0.0
28343.121624228756,0.0
28363.15962419996,0.0
28383.197624171167,0.0
28403.23562414237,0.0
28423.273624113575,0.0
28443.31162408478,0.0
28463.349624055983,0.0
28483.38762402719,0.0
28503.425623998395,0.0
28523.4636239696,0.0
28543.501623940803,0.0
28563.53962391201,0.0
28583.577623883215,0.0
28603.615623854417,0.0
28623.653623825623,0.0
28643.69162379683,0.0
28663.72962376803,0.0
28683.767623739237,0.0
28703.805623710443,0.0
28723.843623681645,0.0
28743.88162365285,0.0
28763.919623624057,0.0
28783.957623595263,0.0
28803.995623566465,0.0
28824.03362353767,0.0
28844.071623508877,0.0
28864.10962348008,0.0
28884.147623451285,0.0
28904.18562342249,0.0
28924.223623393693,0.0
28944.2616233649,0.0
28964.299623336105,0.0
28984.33762330731,0.0
29004.375623278513,0.0
29024.41362324972,0.0
29044.451623220924,0.0
29064.489623192127,0.0
29084.527623163332,0.0
29104.56562313454,0.0
29124.60362310574,0.0
29144.641623076946,0.0
29164.679623048152,0.0
29184.717623019355,0.0
29204.75562299056,0.0
29224.793622961766,0.0
29244.831622932972,0.0
29264.869622904174,0.0
29284.90762287538,0.0
29304.945622846586,0.0
29324.98362281779,0.0
29345.021622788994,0.0
29365.0596227602,0.0
29385.097622731402,0.0
29405.135622702608,0.0
29425.173622673814,0.0
29445.21162264502,0.0
29465.249622616222,0.0
29485.287622587428,0.0
29505.325622558634,0.0
29525.363622529836,0.0
29545.401622501042,0.0
29565.439622472248,0.0
29585.47762244345,0.0
29605.515622414656,0.0
29625.55362238586,0.0
29645.591622357068,0.0
29665.62962232827,0.0
29685.667622299476,0.0
29705.70562227068,0.0
29725.743622241884,0.0
29745.78162221309,0.0
29765.819622184295,0.0
29785.857622155498,0.0
29805.895622126704,0.0
29825.93362209791,0.0
29845.97162206911,0.0
29866.009622040317,0.0
29886.047622011523,0.0
29906.08562198273,0.0
29926.12362195393,0.0
29946.161621925137,0.0
29966.199621896343,0.0
29986.237621867545,0.0
30006.27562183875,0.0
30026.313621809957,0.0
30046.35162178116,0.0
30066.389621752365,0.0
30086.42762172357,0.0
30106.465621694777,0.0
30126.50362166598,0.0
30146.541621637185,0.0
30166.57962160839,0.0
30186.617621579593,0.0
30206.6556215508,0.0
30226.693621522005,0.0
30246.731621493207,0.0
30266.769621464413,0.0
30286.80762143562,0.0
30306.84562140682,0.0
30326.883621378027,0.0
30346.921621349233,0.0
30366.95962132044,0.0
30386.99762129164,0.0
30407.035621262847,0.0
30427.073621234053,0.0
30447.111621205255,0.0
30467.14962117646,0.0
30487.187621147667,0.0
30507.22562111887,0.0
30527.263621090075,0.0
30547.30162106128,0.0
30567.339621032486,0.0
30587.37762100369,0.0
30607.415620974894,0.0
30627.4536209461,0.0
30647.491620917302,0.0
30667.52962088851,0.0
30687.567620859714,0.0
30707.605620830916,0.0
30727.643620802122,0.0
30747.681620773328,0.0
30767.719620744534,0.0
30787.757620715736,0.0
30807.795620686942,0.0
30827.833620658148,0.0
30847.87162062935,0.0
30867.909620600556,0.0
30887.947620571762,0.0
30907.985620542964,0.0
30928.02362051417,0.0
30948.061620485376,0.0
30968.099620456578,0.0
30988.137620427784,0.0
31008.17562039899,0.0
31028.213620370196,0.0
31048.251620341398,0.0
31068.289620312604,0.0
31088.32762028381,0.0
31108.365620255012,0.0
31128.403620226218,0.0
31148.441620197424,0.0
31168.479620168626,0.0
31188.51762013983,0.0
31208.555620111038,0.0
31228.593620082243,0.0
31248.631620053446,0.0
31268.66962002465,0.0
31288.707619995857,0.0
31308.74561996706,0.0
31328.783619938265,0.0
31348.82161990947,0.0
31368.859619880674,0.0
31388.89761985188,0.0
31408.935619823085,0.0
31428.973619794288,0.0
31449.011619765493,0.0
31469.0496197367,0.0
31489.087619707905,0.0
31509.125619679107,0.0
31529.163619650313,0.0
31549.20161962152,0.0
31569.23961959272,0.0
31589.277619563927,0.0
31609.315619535133,0.0
31629.353619506335,0.0
31649.39161947754,0.0
31669.429619448747,0.0
31689.467619419953,0.0
31709.505619391155,0.0
31729.54361936236,0.0
31749.581619333567,0.0
31769.61961930477,0.0
31789.657619275975,0.0
31809.69561924718,0.0
31829.733619218383,0.0
31849.77161918959,0.0
31869.809619160795,0.0
31889.847619131997,0.0
31909.885619103203,0.0
31929.92361907441,0.0
31949.961619045614,0.0
31969.999619016817,0.0
31990.037618988023,0.0
32010.07561895923,0.0
32030.11361893043,0.0
32050.151618901637,0.0
32070.189618872842,0.0
32090.227618844045,0.0
32110.26561881525,0.0
32130.303618786456,0.0
32150.341618757662,0.0
32170.379618728864,0.0
32190.41761870007,0.0
32210.455618671276,0.0
32230.49361864248,0.0
32250.531618613684,0.0
32270.56961858489,0.0
32290.607618556092,0.0
32310.6456185273,0.0
32330.683618498504,0.0
32350.72161846971,0.0
32370.759618440912,0.0
32390.797618412118,0.0
32410.835618383324,0.0
32430.873618354526,0.0
32450.911618325732,0.0
32470.949618296938,0.0
32490.98761826814,0.0
32511.025618239346,0.0
32531.06361821055,0.0
32551.101618181754,0.0
32571.13961815296,0.0
32591.177618124166,0.0
32611.21561809537,0.0
32631.253618066574,0.0
32651.29161803778,0.0
32671.329618008986,0.0
32691.367617980188,0.0
32711.405617951394,0.0
32731.4436179226,0.0
32751.4816178938,0.0
32771.519617865015,0.0
32791.55761783622,0.0
32811.59561780742,0.0
32831.63361777863,0.0
32851.67161774983,0.0
32871.70961772103,0.0
32891.74761769224,0.0
32911.785617663445,0.0
32931.82361763465,0.0
32951.86161760586,0.0
32971.89961757706,0.0
32991.93761754826,0.0
33011.97561751947,0.0
33032.01361749067,0.0
33052.051617461875,0.0
33072.089617433085,0.0
33092.12761740429,0.0
33112.16561737549,0.0
33132.2036173467,0.0
33152.2416173179,0.0
33172.27961728911,0.0
33192.31761726031,0.0
33212.355617231515,0.0
33232.393617202724,0.0
33252.43161717393,0.0
33272.46961714513,0.0
33292.50761711634,0.0
33312.54561708754,0.0
33332.58361705874,0.0
33352.62161702995,0.0
33372.659617001154,0.0
33392.69761697236,0.0
33412.735616943566,0.0
33432.77361691477,0.0
33452.81161688597,0.0
33472.84961685718,0.0
33492.88761682838,0.0
33512.925616799585,0.0
33532.963616770794,0.0
33553.001616741996,0.0
33573.0396167132,0.0
33593.07761668441,0.0
33613.11561665561,0.0
33633.15361662682,0.0
33653.19161659802,0.0
33673.229616569224,0.0
33693.267616540434,0.0
33713.305616511636,0.0
33733.34361648284,0.0
33753.38161645405,0.0
33773.41961642525,0.0
33793.45761639645,0.0
33813.49561636766,0.0
33833.533616338864,0.0
33853.571616310066,0.0
33873.609616281276,0.0
33893.64761625248,0.0
33913.68561622368,0.0
33933.72361619489,0.0
33953.76161616609,0.0
33973.799616137294,0.0
33993.8376161085,0.0
34013.875616079706,0.0
34033.91361605091,0.0
34053.95161602212,0.0
34073.98961599332,0.0
34094.02761596453,0.0
34114.06561593573,0.0
34134.10361590693,0.0
34154.14161587814,0.0
34174.179615849345,0.0
34194.21761582055,0.0
34214.25561579176,0.0
34234.29361576296,0.0
34254.33161573416,0.0
34274.36961570537,0.0
34294.40761567657,0.0
34314.445615647775,0.0
34334.483615618985,0.0
34354.52161559019,0.0
34374.55961556139,0.0
34394.5976155326,0.0
34414.6356155038,0.0
34434.673615475,0.0
34454.71161544621,0.0
34474.749615417415,0.0
34494.787615388625,0.0
34514.82561535983,0.0
34534.86361533103,0.0
34554.90161530224,0.0
34574.93961527344,0.0
34594.97761524464,0.0
34615.01561521585,0.0
34635.053615187055,0.0
34655.09161515826,0.0
34675.12961512947,0.0
34695.16761510067,0.0
34715.20561507187,0.0
34735.24361504308,0.0
34755.28161501428,0.0
34775.319614985485,0.0
34795.357614956694,0.0
34815.3956149279,0.0
34835.4336148991,0.0
34855.47161487031,0.0
34875.50961484151,0.0
34895.54761481271,0.0
34915.58561478392,0.0
34935.623614755124,0.0
34955.661614726334,0.0
34975.699614697536,0.0
34995.73761466874,0.0
35015.77561463995,0.0
35035.81361461115,0.0
35055.85161458235,0.0
35075.88961455356,0.0
35095.927614524764,0.0
35115.965614495966,0.0
35136.003614467176,0.0
35156.04161443838,0.0
35176.07961440958,0.0
35196.11761438079,0.0
35216.15561435199,0.0
35236.193614323194,0.0
35256.231614294404,0.0
35276.269614265606,0.0
35296.30761423681,0.0
35316.34561420802,0.0
35336.38361417922,0.0
35356.42161415042,0.0
35376.45961412163,0.0
35396.497614092834,0.0
35416.53561406404,0.0
35436.573614035246,0.0
35456.61161400645,0.0
35476.64961397766,0.0
35496.68761394886,0.0
35516.72561392006,0.0
35536.76361389127,0.0
35556.80161386247,0.0
35576.839613833676,0.0
35596.877613804885,0.0
35616.91561377609,0.0
35636.95361374729,0.0
35656.9916137185,0.0
35677.0296136897,0.0
35697.0676136609,0.0
35717.10561363211,0.0
35737.143613603315,0.0
35757.18161357452,0.0
35777.21961354573,0.0
35797.25761351693,0.0
35817.29561348813,0.0
35837.33361345934,0.0
35857.37161343054,0.0
35877.40961340175,0.0
35897.447613372955,0.0
35917.48561334416,0.0
35937.52361331537,0.0
35957.56161328657,0.0
35977.59961325777,0.0
35997.63761322898,0.0
36017.67561320018,0.0
36037.713613171385,0.0
36057.751613142595,0.0
36077.7896131138,0.0
36097.827613085,0.0
36117.86561305621,0.0
36137.90361302741,0.0
36157.94161299861,0.0
36177.97961296982,0.0
36198.017612941025,0.0
36218.05561291223,0.0
36238.09361288344,0.0
36258.13161285464,0.0
36278.16961282584,0.0
36298.20761279705,0.0
36318.24561276825,0.0
36338.28361273946,0.0
36358.321612710664,0.0
36378.35961268187,0.0
36398.397612653076,0.0
36418.43561262428,0.0
36438.47361259548,0.0
36458.51161256669,0.0
36478.54961253789,0.0
36498.587612509094,0.0
36518.625612480304,0.0
36538.663612451506,0.0
36558.70161242271,0.0
36578.73961239392,0.0
36598.77761236512,0.0
36618.81561233632,0.0
36638.85361230753,0.0
36658.891612278734,0.0
36678.929612249936,0.0
36698.967612221146,0.0
36719.00561219235,0.0
36739.04361216355,0.0
36759.08161213476,0.0
36779.11961210596,0.0
36799.15761207717,0.0
36819.195612048374,0.0
36839.233612019576,0.0
36859.271611990785,0.0
36879.30961196199,0.0
36899.34761193319,0.0
36919.3856119044,0.0
36939.4236118756,0.0
36959.461611846804,0.0
36979.49961181801,0.0
36999.537611789216,0.0
37019.57561176042,0.0
37039.61361173163,0.0
37059.65161170283,0.0
37079.68961167403,0.0
37099.72761164524,0.0
37119.76561161644,0.0
37139.803611587646,0.0
37159.841611558855,0.0
37179.87961153006,0.0
37199.91761150127,0.0
37219.95561147247,0.0
37239.99361144367,0.0
37260.03161141488,0.0
37280.06961138608,0.0
37300.107611357285,0.0
37320.145611328495,0.0
37340.1836112997,0.0
37360.2216112709,0.0
37380.25961124211,0.0
37400.29761121331,0.0
37420.33561118451,0.0
37440.37361115572,0.0
37460.411611126925,0.0
37480.44961109813,0.0
37500.48761106934,0.0
37520.52561104054,0.0
37540.56361101174,0.0
37560.60161098295,0.0
37580.63961095415,0.0
37600.677610925355,0.0
37620.715610896565,0.0
37640.75361086777,0.0
37660.791610838976,0.0
37680.82961081018,0.0
37700.86761078138,0.0
37720.90561075259,0.0
37740.94361072379,0.0
37760.981610694995,0.0
37781.019610666204,0.0
37801.05761063741,0.0
37821.09561060861,0.0
37841.13361057982,0.0
37861.17161055102,0.0
37881.20961052222,0.0
37901.24761049343,0.0
37921.285610464634,0.0
37941.32361043584,0.0
37961.361610407046,0.0
37981.39961037825,0.0
38001.43761034945,0.0
38021.47561032066,0.0
38041.51361029186,0.0
38061.551610263065,0.0
38081.589610234274,0.0
38101.627610205476,0.0
38121.665610176686,0.0
38141.70361014789,0.0
38161.74161011909,0.0
38181.7796100903,0.0
38201.8176100615,0.0
38221.855610032704,0.0
38241.89361000391,0.0
38261.931609975116,0.0
38281.96960994632,0.0
38302.00760991753,0.0
38322.04560988873,0.0
38342.08360985993,0.0
38362.12160983114,0.0
38382.159609802344,0.0
38402.197609773546,0.0
38422.235609744755,0.0
38442.27360971596,0.0
38462.31160968716,0.0
38482.34960965837,0.0
38502.38760962957,0.0
38522.425609600774,0.0
38542.46360957198,0.0
38562.501609543186,0.0
38582.539609514395,0.0
38602.5776094856,0.0
38622.6156094568,0.0
38642.65360942801,0.0
38662.69160939921,0.0
38682.72960937041,0.0
38702.76760934162,0.0
38722.805609312825,0.0
38742.84360928403,0.0
38762.88160925524,0.0
38782.91960922644,0.0
38802.95760919764,0.0
38822.99560916885,0.0
38843.03360914005,0.0
38863.071609111255,0.0
38883.109609082465,0.0
38903.14760905367,0.0
38923.18560902487,0.0
38943.22360899608,0.0
38963.26160896728,0.0
38983.29960893848,0.0
39003.33760890969,0.0
39023.375608880895,0.0
39043.413608852105,0.0
39063.45160882331,0.0
39083.48960879451,0.0
39103.52760876572,0.0
39123.56560873692,0.0
39143.60360870812,0.0
39163.64160867933,0.0
39183.679608650535,0.0
39203.71760862174,0.0
39223.75560859295,0.0
39243.79360856415,0.0
39263.83160853535,0.0
39283.86960850656,0.0
39303.90760847776,0.0
39323.945608448965,0.0
39343.983608420174,0.0
39364.02160839138,0.0
39384.05960836258,0.0
39404.09760833379,0.0
39424.13560830499,0.0
39444.17360827619,0.0
39464.2116082474,0.0
39484.249608218604,0.0
39504.287608189814,0.0
39524.325608161016,0.0
39544.36360813222,0.0
39564.40160810343,0.0
39584.43960807463,0.0
39604.47760804583,0.0
39624.51560801704,0.0
39644.553607988244,0.0
39664.591607959446,0.0
39684.629607930656,0.0
39704.66760790186,0.0
39724.70560787306,0.0
39744.74360784427,0.0
39764.78160781547,0.0
39784.819607786674,0.0
39804.857607757884,0.0
39824.895607729086,0.0
39844.93360770029,0.0
39864.9716076715,0.0
39885.0096076427,0.0
39905.04760761391,0.0
39925.08560758511,0.0
39945.123607556314,0.0
39965.16160752752,0.0
39985.199607498726,0.0
40005.23760746993,0.0
40025.27560744114,0.0
40045.31360741234,0.0
40065.35160738354,0.0
40085.38960735475,0.0
40105.42760732595,0.0
40125.465607297156,0.0
40145.503607268365,0.0
40165.54160723957,0.0
40185.57960721077,0.0
40205.61760718198,0.0
40225.65560715318,0.0
40245.69360712438,0.0
40265.73160709559,0.0
40285.769607066795,0.0
40305.807607038,0.0
40325.84560700921,0.0
40345.88360698041,0.0
40365.92160695162,0.0
40385.95960692282,0.0
40405.99760689402,0.0
40426.03560686523,0.0
40446.073606836435,0.0
40466.11160680764,0.0
40486.14960677885,0.0
40506.18760675005,0.0
40526.22560672125,0.0
40546.26360669246,0.0
40566.30160666366,0.0
40586.339606634865,0.0
40606.377606606075,0.0
40626.41560657728,0.0
40646.45360654848,0.0
40666.49160651969,0.0
40686.52960649089,0.0
40706.56760646209,0.0
40726.6056064333,0.0
40746.643606404505,0.0
40766.68160637571,0.0
40786.71960634692,0.0
40806.75760631812,0.0
40826.79560628933,0.0
40846.83360626053,0.0
40866.87160623173,0.0
40886.90960620294,0.0
40906.947606174144,0.0
40926.98560614535,0.0
40947.023606116556,0.0
40967.06160608776,0.0
40987.09960605896,0.0
41007.13760603017,0.0
