Energy (keV),Intensity (CPS)
-11.273806823442747,0.0
8.765333895389393,0.0
28.804474614221533,0.0
48.84361533305367,0.0
68.88275605188582,0.0
88.92189677071795,0.0
108.96103748955008,0.0
129.00017820838224,0.0
149.03931892721437,0.0
169.0784596460465,0.0
189.11760036487865,0.0
209.15674108371078,0.0
229.1958818025429,0.0
249.23502252137504,0.0
269.27416324020726,0.0
289.3133039590394,0.0
309.3524446778715,0.4121153524932449
329.39158539670365,0.4121153524932449
349.4307261155358,2.884807467452714
369.46986683436796,2.884807467452714
389.5090075532001,3.296922819945959
409.5481482720322,4.121153524932449
429.58728899086435,7.005960992385163
449.6264297096965,9.066537754851387
469.6655704285286,11.951345222304102
489.7047111473608,10.714999164824366
509.74385186619287,12.363460574797346
529.782992585025,16.484614099729797
549.8221333038572,12.363460574797346
569.8612740226893,18.957306214689265
589.9004147415214,22.66634438712847
609.9395554603535,19.36942156718251
629.9786961791857,24.31480579710145
650.0178368980179,29.67230537951363
670.05697761685,26.375382559567672
690.0961183356821,22.66634438712847
710.1352590545142,28.435959322033895
730.1743997733464,25.963267207074427
750.2135404921786,25.55115185458118
770.2526812110107,24.72692114959469
790.2918219298429,29.260190027020386
810.3309626486749,26.375382559567672
830.3701033675071,22.66634438712847
850.4092440863393,25.139036502087936
870.4483848051714,30.908651436993367
890.4875255240036,29.67230537951363
910.5266662428356,26.787497912060918
930.5658069616678,29.260190027020386
950.6049476804999,31.732882141979857
970.6440883993321,24.72692114959469
990.6832291181643,35.02980496192581
1010.7223698369963,27.611728617047408
1030.7615105558284,29.67230537951363
1050.8006512746606,27.611728617047408
1070.8397919934928,32.96922819945959
1090.878932712325,27.611728617047408
1110.9180734311572,30.908651436993367
1130.957214149989,28.84807467452714
1150.9963548688213,29.260190027020386
1171.0354955876535,23.49057509211496
1191.0746363064857,25.139036502087936
1211.1137770253179,21.429998329648733
1231.1529177441498,27.199613264554163
1251.192058462982,25.963267207074427
1271.2311991818142,29.260190027020386
1291.2703399006464,23.902690444608204
1311.3094806194786,31.732882141979857
1331.3486213383105,30.084420732006876
1351.3877620571427,24.31480579710145
1371.426902775975,18.957306214689265
1391.466043494807,21.429998329648733
1411.5051842136393,20.193652272169
1431.5443249324712,20.605767624662246
1451.5834656513034,28.435959322033895
1471.6226063701356,25.963267207074427
1491.6617470889678,24.72692114959469
1511.7008878078,21.429998329648733
1531.740028526632,22.254229034635223
1551.7791692454641,22.66634438712847
1571.8183099642963,25.139036502087936
1591.8574506831285,22.254229034635223
1611.8965914019607,27.611728617047408
1631.9357321207926,23.49057509211496
1651.9748728396248,19.781536919675755
1672.014013558457,26.375382559567672
1692.0531542772892,24.31480579710145
1712.0922949961214,22.254229034635223
1732.1314357149533,25.139036502087936
1752.1705764337855,21.429998329648733
1772.2097171526177,23.49057509211496
1792.24885787145,16.484614099729797
1812.287998590282,22.66634438712847
1832.327139309114,18.133075509702774
1852.3662800279462,24.31480579710145
1872.4054207467784,19.36942156718251
1892.4445614656106,17.72096015720953
1912.4837021844426,18.54519086219602
1932.5228429032747,15.24826804225006
1952.561983622107,21.842113682141978
1972.6011243409391,17.308844804716284
1992.6402650597713,21.017882977155487
2012.6794057786033,21.017882977155487
2032.7185464974355,21.842113682141978
2052.757687216268,17.308844804716284
2072.7968279351,24.72692114959469
2092.835968653932,19.36942156718251
2112.875109372764,18.54519086219602
2132.9142500915964,14.011921984770327
2152.9533908104286,15.660383394743306
2172.9925315292608,16.896729452223042
2193.031672248093,16.07249874723655
2213.070812966925,18.133075509702774
2233.1099536857573,15.660383394743306
2253.1490944045895,14.836152689756815
2273.1882351234212,19.781536919675755
2293.2273758422534,19.36942156718251
2313.2665165610856,19.781536919675755
2333.305657279918,15.24826804225006
2353.34479799875,16.484614099729797
2373.383938717582,15.24826804225006
2393.4230794364144,18.54519086219602
2413.4622201552465,15.660383394743306
2433.5013608740787,18.54519086219602
2453.540501592911,13.599806632277081
2473.5796423117426,18.133075509702774
2493.618783030575,15.660383394743306
2513.657923749407,15.660383394743306
2533.697064468239,14.011921984770327
2553.7362051870714,14.42403733726357
2573.7753459059036,12.77557592729059
2593.8144866247358,19.36942156718251
2613.853627343568,15.660383394743306
2633.8927680624,16.896729452223042
2653.931908781232,14.836152689756815
2673.971049500064,17.308844804716284
2694.0101902188962,14.011921984770327
2714.0493309377284,14.836152689756815
2734.0884716565606,11.539229869810857
2754.127612375393,9.890768459837878
2774.166753094225,14.42403733726357
2794.205893813057,10.714999164824366
2814.2450345318894,11.127114517317612
2834.2841752507215,12.363460574797346
2854.3233159695533,13.187691279783836
2874.3624566883855,13.187691279783836
2894.4015974072177,11.127114517317612
2914.44073812605,14.836152689756815
2934.479878844882,13.599806632277081
2954.519019563714,15.660383394743306
2974.5581602825464,14.42403733726357
2994.5973010013786,16.07249874723655
3014.6364417202108,11.951345222304102
3034.675582439043,11.539229869810857
3054.7147231578747,12.77557592729059
3074.753863876707,13.599806632277081
3094.793004595539,9.066537754851387
3114.8321453143712,9.478653107344632
3134.8712860332034,8.654422402358142
3154.9104267520356,9.066537754851387
3174.949567470868,10.714999164824366
3194.9887081897,10.302883812331123
3215.027848908532,8.242307049864898
3235.0669896273644,9.890768459837878
3255.106130346196,9.478653107344632
3275.1452710650283,12.363460574797346
3295.1844117838605,8.242307049864898
3315.2235525026927,5.769614934905428
3335.262693221525,9.066537754851387
3355.301833940357,8.242307049864898
3375.340974659189,6.593845639891918
3395.3801153780214,6.181730287398673
3415.4192560968536,6.181730287398673
3435.458396815686,4.5332688774256935
3455.4975375345175,7.830191697371653
3475.5366782533497,9.478653107344632
3495.575818972182,9.066537754851387
3515.614959691014,4.121153524932449
3535.6541004098463,4.121153524932449
3555.6932411286784,9.066537754851387
3575.7323818475106,7.418076344878408
3595.771522566343,4.945384229918939
3615.810663285175,4.5332688774256935
3635.849804004007,7.005960992385163
3655.888944722839,6.593845639891918
3675.928085441671,7.005960992385163
3695.9672261605033,7.830191697371653
3716.0063668793355,7.005960992385163
3736.0455075981677,7.830191697371653
3756.084648317,4.121153524932449
3776.123789035832,5.769614934905428
3796.162929754664,7.418076344878408
3816.2020704734964,5.357499582412183
3836.241211192328,5.357499582412183
3856.2803519111603,4.121153524932449
3876.3194926299925,4.945384229918939
3896.3586333488247,5.769614934905428
3916.397774067657,4.5332688774256935
3936.436914786489,4.5332688774256935
3956.4760555053213,2.0605767624662246
3976.5151962241534,4.5332688774256935
3996.5543369429856,3.709038172439204
4016.593477661818,4.945384229918939
4036.6326183806495,4.121153524932449
4056.6717590994817,2.884807467452714
4076.710899818314,4.945384229918939
4096.750040537146,3.709038172439204
4116.789181255978,2.4726921149594694
4136.82832197481,4.945384229918939
4156.867462693642,3.296922819945959
4176.906603412474,2.884807467452714
4196.945744131306,1.2363460574797347
4216.984884850139,2.884807467452714
4237.0240255689705,4.945384229918939
4257.063166287803,2.884807467452714
4277.102307006635,2.884807467452714
4297.1414477254675,3.709038172439204
4317.180588444299,4.121153524932449
4337.219729163131,3.709038172439204
4357.258869881964,2.884807467452714
4377.298010600795,4.121153524932449
4397.337151319628,1.6484614099729795
4417.37629203846,1.6484614099729795
4437.415432757292,1.2363460574797347
4457.454573476124,2.0605767624662246
4477.493714194957,3.709038172439204
4497.5328549137885,2.0605767624662246
4517.571995632621,2.0605767624662246
4537.611136351453,1.6484614099729795
4557.650277070285,2.4726921149594694
4577.689417789117,1.6484614099729795
4597.728558507949,4.121153524932449
4617.767699226782,1.2363460574797347
4637.806839945613,3.709038172439204
4657.845980664446,1.6484614099729795
4677.885121383278,0.8242307049864898
4697.92426210211,1.6484614099729795
4717.963402820942,2.4726921149594694
4738.002543539774,1.6484614099729795
4758.041684258606,2.0605767624662246
4778.080824977438,2.0605767624662246
4798.119965696271,2.0605767624662246
4818.1591064151025,1.6484614099729795
4838.198247133935,0.8242307049864898
4858.237387852767,1.2363460574797347
4878.2765285716,1.2363460574797347
4898.315669290431,1.2363460574797347
4918.354810009264,1.2363460574797347
4938.393950728096,3.296922819945959
4958.433091446927,0.8242307049864898
4978.47223216576,2.0605767624662246
4998.511372884592,1.6484614099729795
5018.550513603424,1.2363460574797347
5038.589654322256,2.0605767624662246
5058.628795041089,2.0605767624662246
5078.6679357599205,2.884807467452714
5098.707076478753,2.4726921149594694
5118.746217197585,0.8242307049864898
5138.785357916417,0.4121153524932449
5158.824498635249,0.8242307049864898
5178.863639354081,0.8242307049864898
5198.902780072914,1.6484614099729795
5218.941920791745,0.4121153524932449
5238.981061510578,3.296922819945959
5259.02020222941,3.296922819945959
5279.059342948242,1.6484614099729795
5299.098483667074,2.0605767624662246
5319.137624385906,2.0605767624662246
5339.1767651047385,3.709038172439204
5359.21590582357,1.2363460574797347
5379.255046542403,2.884807467452714
5399.294187261235,3.709038172439204
5419.333327980067,2.4726921149594694
5439.372468698899,2.884807467452714
5459.411609417732,1.2363460574797347
5479.450750136563,3.296922819945959
5499.489890855396,1.2363460574797347
5519.529031574228,1.2363460574797347
5539.568172293059,1.2363460574797347
5559.607313011892,1.6484614099729795
5579.646453730724,1.6484614099729795
5599.685594449556,0.8242307049864898
5619.724735168388,2.4726921149594694
5639.763875887221,0.8242307049864898
5659.803016606053,1.2363460574797347
5679.842157324885,1.2363460574797347
5699.881298043717,0.8242307049864898
5719.920438762549,1.6484614099729795
5739.959579481381,1.2363460574797347
5759.998720200213,1.6484614099729795
5780.037860919046,2.884807467452714
5800.077001637877,1.2363460574797347
5820.11614235671,1.6484614099729795
5840.155283075542,2.884807467452714
5860.194423794374,2.4726921149594694
5880.233564513206,1.2363460574797347
5900.272705232039,2.0605767624662246
5920.3118459508705,2.0605767624662246
5940.350986669702,0.8242307049864898
5960.390127388535,0.4121153524932449
5980.429268107367,0.4121153524932449
6000.468408826199,1.2363460574797347
6020.507549545031,1.6484614099729795
6040.546690263864,3.296922819945959
6060.585830982695,2.0605767624662246
6080.624971701528,0.4121153524932449
6100.66411242036,0.4121153524932449
6120.7032531391915,0.8242307049864898
6140.742393858024,2.0605767624662246
6160.781534576856,2.0605767624662246
6180.8206752956885,1.6484614099729795
6200.85981601452,2.0605767624662246
6220.898956733353,0.8242307049864898
6240.938097452185,2.0605767624662246
6260.977238171017,1.2363460574797347
6281.016378889849,1.2363460574797347
6301.055519608682,3.296922819945959
6321.094660327513,3.709038172439204
6341.133801046345,8.654422402358142
6361.172941765178,5.357499582412183
6381.212082484009,3.296922819945959
6401.251223202842,7.830191697371653
6421.290363921674,5.769614934905428
6441.3295046405065,4.945384229918939
6461.368645359338,3.709038172439204
6481.407786078171,3.296922819945959
6501.446926797003,1.2363460574797347
6521.486067515834,2.0605767624662246
6541.525208234667,0.4121153524932449
6561.564348953499,0.8242307049864898
6581.603489672331,0.8242307049864898
6601.642630391163,2.4726921149594694
6621.681771109996,0.4121153524932449
6641.720911828827,0.8242307049864898
6661.76005254766,1.2363460574797347
6681.799193266492,0.4121153524932449
6701.8383339853235,2.0605767624662246
6721.877474704156,0.8242307049864898
6741.916615422988,0.8242307049864898
6761.9557561418205,2.0605767624662246
6781.994896860652,0.4121153524932449
6802.034037579485,2.0605767624662246
6822.073178298317,1.6484614099729795
6842.112319017149,1.6484614099729795
6862.151459735981,1.6484614099729795
6882.190600454814,0.8242307049864898
6902.229741173645,2.0605767624662246
6922.268881892477,2.4726921149594694
6942.30802261131,2.0605767624662246
6962.3471633301415,0.8242307049864898
6982.386304048974,0.4121153524932449
7002.425444767806,1.2363460574797347
7022.4645854866385,2.0605767624662246
7042.50372620547,2.4726921149594694
7062.542866924303,1.6484614099729795
7082.582007643135,2.0605767624662246
7102.621148361966,2.0605767624662246
7122.660289080799,1.2363460574797347
7142.699429799631,2.0605767624662246
7162.738570518463,2.884807467452714
7182.777711237295,0.8242307049864898
7202.816851956128,0.4121153524932449
7222.855992674959,0.8242307049864898
7242.895133393792,0.0
7262.934274112624,2.4726921149594694
7282.9734148314565,0.4121153524932449
7303.012555550288,2.0605767624662246
7323.05169626912,2.884807467452714
7343.090836987953,0.0
7363.129977706784,1.2363460574797347
7383.169118425617,1.6484614099729795
7403.208259144449,0.4121153524932449
7423.247399863281,4.5332688774256935
7443.286540582113,2.4726921149594694
7463.325681300946,1.6484614099729795
7483.364822019777,1.6484614099729795
7503.403962738609,3.709038172439204
7523.443103457442,3.296922819945959
7543.4822441762735,1.6484614099729795
7563.521384895106,2.0605767624662246
7583.560525613938,1.2363460574797347
7603.5996663327705,2.0605767624662246
7623.638807051602,1.6484614099729795
7643.677947770435,2.0605767624662246
7663.717088489267,1.6484614099729795
7683.756229208098,2.0605767624662246
7703.795369926931,4.121153524932449
7723.834510645763,1.6484614099729795
7743.873651364595,3.296922819945959
7763.912792083427,3.709038172439204
7783.95193280226,4.945384229918939
7803.9910735210915,4.945384229918939
7824.030214239924,4.945384229918939
7844.069354958756,2.4726921149594694
7864.1084956775885,7.005960992385163
7884.14763639642,9.066537754851387
7904.186777115252,13.599806632277081
7924.225917834085,14.011921984770327
7944.265058552916,21.017882977155487
7964.304199271749,40.799419896831246
7984.343339990581,50.69018835666912
8004.382480709413,67.58691780889217
8024.421621428245,66.35057175141243
8044.460762147078,77.47768626873004
8064.4999028659095,78.71403232620978
8084.539043584741,67.58691780889217
8104.578184303574,44.0963427167772
8124.617325022406,34.61768960943257
8144.656465741238,24.31480579710145
8164.69560646007,9.890768459837878
8184.734747178902,9.890768459837878
8204.773887897734,4.121153524932449
8224.813028616567,4.121153524932449
8244.8521693354,2.4726921149594694
8264.89131005423,4.121153524932449
8284.930450773063,1.6484614099729795
8304.969591491896,4.5332688774256935
8325.008732210727,3.709038172439204
8345.04787292956,3.296922819945959
8365.087013648392,4.121153524932449
8385.126154367224,3.709038172439204
8405.165295086055,4.945384229918939
8425.204435804888,4.5332688774256935
8445.24357652372,7.418076344878408
8465.282717242553,13.599806632277081
8485.321857961384,24.72692114959469
8505.360998680217,45.74480412675018
8525.40013939905,73.76864809629083
8545.43928011788,118.27710616556128
8565.478420836713,180.9186397445345
8585.517561555545,235.31786627364284
8605.556702274378,246.03286543846718
8625.595842993209,294.25036168017687
8645.634983712042,269.52344053058215
8665.674124430874,254.68728784082535
8685.713265149705,209.3545990665684
8705.752405868538,151.24633436502086
8725.79154658737,105.50153023827069
8745.830687306203,71.7080713338246
8765.869828025034,35.02980496192581
8785.908968743866,30.084420732006876
8805.948109462699,16.484614099729797
8825.987250181532,14.836152689756815
8846.026390900362,14.836152689756815
8866.065531619195,18.957306214689265
8886.104672338028,15.660383394743306
8906.143813056859,21.842113682141978
8926.182953775691,18.957306214689265
8946.222094494524,17.308844804716284
8966.261235213356,12.363460574797346
8986.300375932187,8.654422402358142
9006.33951665102,5.769614934905428
9026.378657369853,4.5332688774256935
9046.417798088685,4.121153524932449
9066.456938807516,4.5332688774256935
9086.496079526349,1.2363460574797347
9106.535220245181,2.0605767624662246
9126.574360964012,0.8242307049864898
9146.613501682845,2.4726921149594694
9166.652642401677,2.0605767624662246
9186.69178312051,2.0605767624662246
9206.73092383934,2.0605767624662246
9226.770064558174,2.884807467452714
9246.809205277006,4.121153524932449
9266.848345995837,1.2363460574797347
9286.88748671467,7.418076344878408
9306.926627433502,6.593845639891918
9326.965768152335,9.066537754851387
9347.004908871166,7.830191697371653
9367.044049589998,12.363460574797346
9387.083190308831,13.187691279783836
9407.122331027664,14.011921984770327
9427.161471746494,19.781536919675755
9447.200612465327,19.36942156718251
9467.23975318416,23.902690444608204
9487.27889390299,27.611728617047408
9507.318034621823,41.62365060181773
9527.357175340656,48.6296115942029
9547.396316059489,44.508458069270446
9567.43545677832,48.6296115942029
9587.474597497152,51.51441906165561
9607.513738215985,42.44788130680422
9627.552878934817,32.96922819945959
9647.592019653648,26.375382559567672
9667.63116037248,18.54519086219602
9687.670301091313,16.07249874723655
9707.709441810144,7.005960992385163
9727.748582528977,8.242307049864898
9747.78772324781,4.945384229918939
9767.826863966642,3.709038172439204
9787.866004685473,2.0605767624662246
9807.905145404306,2.0605767624662246
9827.944286123138,0.4121153524932449
9847.98342684197,0.8242307049864898
9868.022567560802,1.6484614099729795
9888.061708279634,1.2363460574797347
9908.100848998467,3.296922819945959
9928.139989717298,1.2363460574797347
9948.17913043613,1.6484614099729795
9968.218271154963,1.2363460574797347
9988.257411873796,1.6484614099729795
10008.296552592627,1.2363460574797347
10028.33569331146,0.0
10048.374834030292,2.0605767624662246
10068.413974749123,1.6484614099729795
10088.453115467955,1.6484614099729795
10108.492256186788,1.6484614099729795
10128.53139690562,1.6484614099729795
10148.570537624451,0.4121153524932449
10168.609678343284,1.2363460574797347
10188.648819062117,2.884807467452714
10208.68795978095,2.4726921149594694
10228.72710049978,1.6484614099729795
10248.766241218613,3.709038172439204
10268.805381937445,2.884807467452714
10288.844522656276,1.6484614099729795
10308.883663375109,3.709038172439204
10328.922804093942,4.945384229918939
10348.961944812774,2.884807467452714
10369.001085531605,3.296922819945959
10389.040226250438,0.8242307049864898
10409.07936696927,2.4726921149594694
10429.118507688103,3.709038172439204
10449.157648406934,2.884807467452714
10469.196789125766,5.769614934905428
10489.235929844599,3.709038172439204
10509.27507056343,6.181730287398673
10529.314211282262,4.121153524932449
10549.353352001095,4.5332688774256935
10569.392492719928,6.593845639891918
10589.431633438759,9.478653107344632
10609.470774157591,9.890768459837878
10629.509914876424,14.011921984770327
10649.549055595255,32.55711284696635
10669.588196314087,38.73884313436502
10689.62733703292,53.98711117661508
10709.666477751753,76.65345556374355
10729.705618470583,104.26518418079095
10749.744759189416,141.76768125767623
10769.783899908249,160.7249874723655
10789.823040627081,196.99113849177104
10809.862181345912,238.20267374109554
10829.901322064745,270.7597865880619
10849.940462783577,248.91767290591991
10869.979603502408,264.16594094817
10890.018744221241,200.288061311717
10910.057884940074,155.3674878899533
10930.097025658906,117.86499081306803
10950.136166377737,79.53826303119627
10970.17530709657,53.574995824121835
10990.214447815402,46.98115018422992
11010.253588534235,22.66634438712847
11030.292729253066,14.42403733726357
11050.331869971898,10.302883812331123
11070.371010690731,8.242307049864898
11090.410151409562,4.121153524932449
11110.449292128395,3.296922819945959
11130.488432847227,3.709038172439204
11150.52757356606,3.296922819945959
11170.56671428489,6.181730287398673
11190.605855003723,4.5332688774256935
11210.644995722556,4.121153524932449
11230.684136441389,3.709038172439204
11250.72327716022,6.593845639891918
11270.762417879052,6.181730287398673
11290.801558597885,4.945384229918939
11310.840699316715,2.4726921149594694
11330.879840035548,7.418076344878408
11350.91898075438,5.357499582412183
11370.958121473213,7.005960992385163
11390.997262192044,8.242307049864898
11411.036402910877,4.945384229918939
11431.07554362971,5.357499582412183
11451.11468434854,3.709038172439204
11471.153825067373,4.121153524932449
11491.192965786206,8.654422402358142
11511.232106505038,6.593845639891918
11531.271247223869,6.593845639891918
11551.310387942702,7.830191697371653
11571.349528661534,6.593845639891918
11591.388669380367,7.005960992385163
11611.427810099198,9.478653107344632
11631.46695081803,11.127114517317612
11651.506091536863,8.654422402358142
11671.545232255694,11.951345222304102
11691.584372974527,9.478653107344632
11711.62351369336,14.42403733726357
11731.662654412192,7.830191697371653
11751.701795131023,7.418076344878408
11771.740935849855,10.714999164824366
11791.780076568688,14.836152689756815
11811.81921728752,13.187691279783836
11831.858358006351,7.418076344878408
11851.897498725184,9.890768459837878
11871.936639444017,10.302883812331123
11891.975780162848,8.242307049864898
11912.01492088168,7.005960992385163
11932.054061600513,6.181730287398673
11952.093202319345,8.654422402358142
11972.132343038176,6.181730287398673
11992.171483757009,8.654422402358142
12012.210624475842,8.654422402358142
12032.249765194672,7.830191697371653
12052.288905913505,9.478653107344632
12072.328046632338,9.890768459837878
12092.36718735117,9.890768459837878
12112.406328070001,9.478653107344632
12132.445468788834,12.77557592729059
12152.484609507666,10.714999164824366
12172.523750226499,9.478653107344632
12192.56289094533,7.830191697371653
12212.602031664162,11.951345222304102
12232.641172382995,12.363460574797346
12252.680313101826,11.127114517317612
12272.719453820659,11.127114517317612
12292.758594539491,11.951345222304102
12312.797735258324,13.599806632277081
12332.836875977155,14.011921984770327
12352.876016695987,12.77557592729059
12372.91515741482,13.599806632277081
12392.954298133653,18.957306214689265
12412.993438852483,13.187691279783836
12433.032579571316,21.842113682141978
12453.071720290149,22.66634438712847
12473.11086100898,16.896729452223042
12493.150001727812,18.54519086219602
12513.189142446645,20.193652272169
12533.228283165477,27.611728617047408
12553.267423884308,27.199613264554163
12573.306564603141,25.55115185458118
12593.345705321974,24.72692114959469
12613.384846040806,27.199613264554163
12633.423986759637,28.435959322033895
12653.46312747847,33.38134355195284
12673.502268197302,37.09038172439204
12693.541408916133,32.55711284696635
12713.580549634966,34.20557425693932
12733.619690353798,36.26615101940555
12753.658831072631,34.61768960943257
12773.697971791462,39.150958486858265
12793.737112510295,45.33268877425694
12813.776253229127,35.8540356669123
12833.815393947958,48.6296115942029
12853.85453466679,60.16884146401375
12873.893675385623,81.18672444116925
12893.932816104456,105.08941488577744
12913.971956823287,145.88883478260868
12934.01109754212,175.14902480962908
12954.050238260952,214.29998329648734
12974.089378979785,251.80248037337262
12994.128519698615,274.4688247605011
13014.167660417448,290.1292081552444
13034.20680113628,297.13516914762954
13054.245941855112,266.6386330631294
13074.285082573944,227.07555922377793
13094.324223292777,181.74287044952098
13114.36336401161,147.94941154507492
13134.40250473044,117.04076010808154
13154.441645449273,98.90768459837876
13174.480786168106,82.01095514615574
13194.519926886938,49.86595765168263
13214.559067605769,58.93249540653402
13234.598208324602,39.150958486858265
13254.637349043434,41.21153524932449
13274.676489762265,44.0963427167772
13294.715630481098,40.387304544338
13314.75477119993,40.799419896831246
13334.793911918763,39.975189191844755
13354.833052637594,40.387304544338
13374.872193356427,39.56307383935151
13394.91133407526,36.26615101940555
13414.95047479409,36.67826637189879
13434.989615512923,39.975189191844755
13455.028756231755,38.326727781871774
13475.067896950588,38.326727781871774
13495.107037669419,38.73884313436502
13515.146178388251,34.61768960943257
13535.185319107084,30.084420732006876
13555.224459825917,25.963267207074427
13575.263600544748,27.611728617047408
13595.30274126358,27.199613264554163
13615.341881982413,33.793458904446084
13635.381022701244,30.084420732006876
13655.420163420076,42.44788130680422
13675.459304138909,24.31480579710145
13695.498444857742,35.44192031441906
13715.537585576572,27.199613264554163
13735.576726295405,36.26615101940555
13755.615867014238,32.96922819945959
13775.65500773307,32.55711284696635
13795.694148451901,29.260190027020386
13815.733289170734,33.38134355195284
13835.772429889566,26.375382559567672
13855.811570608397,28.435959322033895
13875.85071132723,28.435959322033895
13895.889852046063,32.55711284696635
13915.928992764895,33.793458904446084
13935.968133483726,33.38134355195284
13956.007274202559,37.502497076885284
13976.046414921391,35.44192031441906
13996.085555640224,36.67826637189879
14016.124696359055,39.975189191844755
14036.163837077887,45.74480412675018
14056.20297779672,42.035765954310975
14076.24211851555,51.926534414148854
14096.281259234383,56.87191864406779
14116.320399953216,52.750765119135345
14136.359540672049,56.04768793908131
14156.39868139088,56.87191864406779
14176.437822109712,51.51441906165561
14196.476962828545,49.86595765168263
14216.516103547376,52.750765119135345
14236.555244266208,46.15691947924343
14256.594384985041,47.80538088921641
14276.633525703874,47.39326553672316
14296.672666422704,42.035765954310975
14316.711807141537,40.387304544338
14336.75094786037,36.67826637189879
14356.790088579202,33.793458904446084
14376.829229298033,32.55711284696635
14396.868370016866,38.326727781871774
14416.907510735698,42.44788130680422
14436.94665145453,36.67826637189879
14456.985792173362,45.33268877425694
14477.024932892195,41.21153524932449
14497.064073611027,39.975189191844755
14517.103214329858,42.859996659297465
14537.14235504869,46.15691947924343
14557.181495767523,43.684227364283956
14577.220636486356,41.62365060181773
14597.259777205187,40.799419896831246
14617.29891792402,32.1449974944731
14637.338058642852,41.21153524932449
14657.377199361683,40.799419896831246
14677.416340080516,45.33268877425694
14697.455480799348,56.04768793908131
14717.49462151818,40.387304544338
14737.533762237012,47.80538088921641
14757.572902955844,48.6296115942029
14777.612043674677,48.6296115942029
14797.651184393508,44.92057342176369
14817.69032511234,47.80538088921641
14837.729465831173,49.86595765168263
14857.768606550006,41.21153524932449
14877.807747268836,44.92057342176369
14897.84688798767,42.859996659297465
14917.886028706502,55.63557258658806
14937.925169425334,55.223457234094816
14957.964310144165,53.98711117661508
14978.003450862998,52.3386497666421
14998.04259158183,56.87191864406779
15018.081732300661,64.2899949889462
15038.120873019494,57.69614934905428
15058.160013738327,49.04172694669614
15078.19915445716,60.16884146401375
15098.23829517599,54.81134188160157
15118.277435894823,59.34461075902726
15138.316576613655,63.87787963645296
15158.355717332488,85.30787796610169
15178.394858051319,80.774609088676
15198.433998770151,80.774609088676
15218.473139488984,93.13806966347335
15238.512280207815,89.84114684352738
15258.551420926648,84.89576261360844
15278.59056164548,88.1926854335544
15298.629702364313,77.47768626873004
15318.668843083144,84.89576261360844
15338.707983801976,84.89576261360844
15358.747124520809,77.88980162122328
15378.78626523964,57.284033996561035
15398.825405958472,63.87787963645296
15418.864546677305,56.87191864406779
15438.903687396138,56.87191864406779
15458.942828114969,70.47172527634487
15478.981968833801,55.63557258658806
15499.021109552634,60.580956816507
15519.060250271466,70.88384062883812
15539.099390990297,67.58691780889217
15559.13853170913,61.40518752149349
15579.177672427963,77.47768626873004
15599.216813146793,74.59287880127732
15619.255953865626,81.59883979366249
15639.295094584459,79.12614767870302
15659.334235303291,91.48960825350036
15679.373376022122,93.55018501596659
15699.412516740955,103.85306882829771
15719.451657459787,100.55614600835175
15739.49079817862,103.44095347580446
15759.52993889745,103.02883812331122
15779.569079616283,96.43499248341931
15799.608220335116,93.96230036845984
15819.647361053947,103.44095347580446
15839.68650177278,86.95633937607467
15859.725642491612,91.90172360599361
15879.764783210445,87.36845472856791
15899.803923929276,76.2413402112503
15919.843064648108,69.64749457135838
15939.882205366941,76.2413402112503
15959.921346085774,65.52634104642594
15979.960486804604,80.36249373618276
15999.999627523437,65.93845639891919
16020.03876824227,70.05960992385162
16040.0779089611,68.41114851387864
16060.117049679933,67.17480245639892
16080.156190398766,67.58691780889217
16100.195331117598,67.9990331613854
16120.23447183643,67.17480245639892
16140.273612555262,72.5323020388111
16160.312753274095,66.76268710390568
16180.351893992925,70.47172527634487
16200.391034711758,65.1142256939327
16220.43017543059,72.12018668631785
16240.469316149423,71.29595598133136
16260.508456868254,76.65345556374355
16280.547597587087,70.47172527634487
16300.58673830592,77.88980162122328
16320.625879024752,74.18076344878408
16340.665019743583,77.88980162122328
16360.704160462416,83.24730120363546
16380.743301181246,75.00499415377057
16400.78244190008,72.12018668631785
16420.82158261891,81.59883979366249
16440.860723337744,79.53826303119627
16460.899864056577,63.87787963645296
16480.93900477541,73.35653274379759
16500.978145494242,76.65345556374355
16521.01728621307,80.774609088676
16541.056426931904,74.59287880127732
16561.095567650736,79.95037838368951
16581.13470836957,71.7080713338246
16601.1738490884,72.5323020388111
16621.212989807234,79.12614767870302
16641.252130526067,84.89576261360844
16661.291271244896,77.47768626873004
16681.33041196373,75.82922485875706
16701.36955268256,71.7080713338246
16721.408693401394,84.89576261360844
16741.447834120227,84.89576261360844
16761.48697483906,80.36249373618276
16781.526115557892,86.13210867108818
16801.56525627672,81.59883979366249
16821.604396995554,78.71403232620978
16841.643537714386,73.35653274379759
16861.68267843322,87.36845472856791
16881.72181915205,85.30787796610169
16901.760959870884,76.2413402112503
16921.800100589717,79.53826303119627
16941.83924130855,78.71403232620978
16961.87838202738,78.30191697371653
16981.91752274621,85.30787796610169
17001.956663465044,78.71403232620978
17021.995804183876,86.54422402358142
17042.03494490271,84.89576261360844
17062.07408562154,82.01095514615574
17082.113226340374,93.96230036845984
17102.152367059203,81.18672444116925
17122.191507778036,88.60480078604765
17142.23064849687,91.48960825350036
17162.2697892157,92.31383895848685
17182.308929934534,84.4836472611152
17202.348070653366,91.90172360599361
17222.3872113722,75.82922485875706
17242.426352091028,103.44095347580446
17262.46549280986,97.67133854089904
17282.504633528693,107.14999164824367
17302.543774247526,114.56806799312207
17322.58291496636,119.92556757553426
17342.62205568519,121.161913633014
17362.661196404024,132.2890281503316
17382.700337122853,138.88287379022353
17402.739477841686,127.75575927290592
17422.77861856052,153.3069111274871
17442.81775927935,153.3069111274871
17462.856899998184,147.94941154507492
17482.896040717016,143.82825802014247
17502.93518143585,128.5799899778924
17522.97432215468,132.70114350282486
17543.01346287351,131.05268209285188
17563.052603592343,136.8222970277573
17583.091744311176,118.68922151805452
17603.13088503001,117.04076010808154
17623.17002574884,119.10133687054777
17643.209166467674,118.68922151805452
17663.248307186506,110.44691446818963
17683.287447905335,103.85306882829771
17703.326588624168,117.04076010808154
17723.365729343,102.20460741832473
17743.404870061833,112.9196065831491
17763.444010780666,112.9196065831491
17783.4831514995,103.02883812331122
17803.52229221833,105.50153023827069
17823.56143293716,114.15595264062883
17843.600573655993,100.96826136084499
17863.639714374825,101.79249206583148
17883.678855093658,116.21652940309505
17903.71799581249,119.10133687054777
17923.757136531323,114.15595264062883
17943.796277250156,97.67133854089904
17963.835417968985,114.56806799312207
17983.874558687818,123.63460574797347
18003.91369940665,120.74979828052075
18023.952840125483,110.03479911569639
18043.991980844316,122.39825969049373
18064.03112156315,116.21652940309505
18084.07026228198,112.50749123065586
18104.109403000813,143.00402731515598
18124.148543719642,120.74979828052075
18144.187684438475,135.9980663227708
18164.226825157308,136.41018167526406
18184.26596587614,126.93152856791943
18204.305106594973,133.52537420781135
18224.344247313806,135.17383561778433
18244.38338803264,140.94345055268974
18264.422528751467,138.47075843773027
18284.4616694703,137.64652773274378
18304.500810189133,144.65248872512896
18324.539950907965,143.4161426676492
18344.579091626798,163.19767958732498
18364.61823234563,161.549218177352
18384.657373064463,168.55517916973716
18404.696513783292,183.39133185949396
18424.735654502125,169.79152522721688
18444.774795220957,174.3247941046426
18464.81393593979,183.80344721198722
18484.853076658623,178.03383227708179
18504.892217377455,206.88190695160893
18524.931358096288,214.71209864898057
18544.970498815117,225.42709781380495
18565.00963953395,252.21459572586588
18585.048780252782,268.6992098255957
18605.087920971615,255.09940319331858
18625.127061690448,309.08651436993364
18645.16620240928,296.7230537951363
18665.205343128113,325.9832438221567
18685.244483846946,336.6982429869811
18705.283624565775,380.382470351265
18725.322765284607,358.9524720216163
18745.36190600344,396.8670844509948
18765.401046722272,413.76381390321785
18785.440187441105,396.4549690985016
18805.479328159938,399.75189191844754
18825.51846887877,422.00612095308276
18845.5576095976,415.82439066568406
18865.596750316432,449.2057342176369
18885.635891035265,451.2663109801031
18905.675031754097,456.6238105625153
18925.71417247293,464.8661176123802
18945.753313191763,475.5811167772046
18965.792453910595,481.35073171211
18985.831594629424,435.1938122328666
19005.870735348257,489.1809234094817
19025.90987606709,436.8422736428396
19045.949016785922,447.55727280766394
19065.988157504755,442.19977322525176
19086.027298223587,418.29708278064356
19106.06643894242,380.382470351265
19126.105579661253,377.90977823630556
19146.14472038008,379.55823964627854
19166.183861098914,349.8859342667649
19186.223001817747,352.3586263817244
19206.26214253658,314.8561293048391
19226.301283255412,307.85016831245395
19246.340423974245,290.9534388602309
19266.379564693078,279.82632434291327
19286.418705411907,245.2086347334807
19306.45784613074,233.66940486366985
19326.496986849572,238.20267374109554
19346.536127568404,214.71209864898057
19366.575268287237,197.4032538442643
19386.61440900607,198.2274845492508
19406.653549724902,188.74883144190616
19426.69269044373,182.15498580201424
19446.731831162564,182.15498580201424
19466.770971881397,178.03383227708179
19486.81011260023,162.78556423483172
19506.849253319062,154.95537253746008
19526.888394037895,152.07056507000735
19546.927534756727,161.13710282485874
19566.966675475556,147.12518084008843
19587.00581619439,154.1311418324736
19607.04495691322,143.4161426676492
19627.084097632054,130.64056674035862
19647.123238350887,133.52537420781135
19667.16237906972,137.23441238025055
19687.201519788552,134.76172026529107
19707.240660507385,139.70710449521002
19727.279801226214,120.74979828052075
19747.318941945046,127.75575927290592
19767.35808266388,114.98018334561532
19787.39722338271,116.21652940309505
19807.436364101544,116.6286447555883
19827.475504820377,108.3863377057234
19847.51464553921,114.15595264062883
19867.55378625804,122.39825969049373
19887.59292697687,131.87691279783837
19907.632067695704,121.57402898550724
19927.671208414537,126.10729786293294
19947.71034913337,131.87691279783837
19967.7494898522,138.05864308523704
19987.788630571034,150.83421901252763
20007.827771289863,150.83421901252763
20027.866912008696,173.5005633996561
20047.90605272753,170.61575593220337
20067.94519344636,193.6942156718251
20087.984334165194,189.98517749938588
20108.023474884027,210.1788297715549
20128.06261560286,222.95440569884548
20148.10175632169,212.2394065340211
20168.14089704052,223.77863640383197
20188.180037759354,197.81536919675753
20208.219178478186,200.288061311717
20228.25831919702,221.71805964136576
20248.29745991585,185.03979326946694
20268.336600634684,182.15498580201424
20288.375741353517,181.33075509702775
20308.414882072346,157.84018000491278
20328.45402279118,171.85210198968312
20348.49316351001,136.8222970277573
20368.532304228844,126.93152856791943
20388.571444947676,120.74979828052075
20408.61058566651,113.33172193564234
20428.64972638534,117.45287546057479
20448.68886710417,117.45287546057479
20468.728007823003,107.97422235323016
20488.767148541836,103.44095347580446
20508.80628926067,110.85902982068288
20528.8454299795,113.74383728813558
20548.884570698334,101.79249206583148
20568.923711417166,105.50153023827069
20588.962852135995,106.73787629575043
20609.001992854828,115.8044140506018
20629.04113357366,122.39825969049373
20649.080274292493,110.85902982068288
20669.119415011326,111.68326052566937
20689.15855573016,123.63460574797347
20709.19769644899,133.52537420781135
20729.23683716782,120.3376829280275
20749.275977886653,121.161913633014
20769.315118605486,117.86499081306803
20789.35425932432,118.27710616556128
20809.39340004315,135.58595097027757
20829.432540761984,122.81037504298698
20849.471681480816,125.6951825104397
20869.51082219965,137.64652773274378
20889.549962918478,150.4221036600344
20909.58910363731,159.07652606239253
20929.628244356143,150.00998830754114
20949.667385074976,131.05268209285188
20969.70652579381,143.4161426676492
20989.74566651264,152.07056507000735
21009.784807231474,157.84018000491278
21029.823947950303,166.49460240727092
21049.863088669135,154.1311418324736
21069.902229387968,163.19767958732498
21089.9413701068,166.0824870547777
21109.980510825633,163.19767958732498
21130.019651544466,178.85806298206828
21150.0587922633,162.3734488823385
21170.097932982128,164.02191029231147
21190.13707370096,160.7249874723655
21210.176214419793,188.3367160894129
21230.215355138625,164.84614099729797
21250.254495857458,174.73690945713582
21270.29363657629,157.84018000491278
21290.332777295123,164.4340256448047
21310.371918013952,157.84018000491278
21330.411058732785,151.24633436502086
21350.450199451618,160.31287211987225
21370.48934017045,166.0824870547777
21390.528480889283,156.1917185949398
21410.567621608116,143.4161426676492
21430.60676232695,139.29498914271676
21450.64590304578,143.82825802014247
21470.68504376461,131.4647974453451
21490.724184483443,128.5799899778924
21510.763325202275,133.52537420781135
21530.802465921108,125.28306715794645
21550.84160663994,138.47075843773027
21570.880747358773,134.76172026529107
21590.919888077606,135.9980663227708
21610.959028796435,131.4647974453451
21630.998169515267,113.74383728813558
21651.0373102341,129.4042206828789
21671.076450952933,107.56210700073692
21691.115591671765,123.63460574797347
21711.154732390598,118.68922151805452
21731.19387310943,103.44095347580446
21751.23301382826,118.27710616556128
21771.272154547092,112.9196065831491
21791.311295265925,103.85306882829771
21811.350435984757,104.6772995332842
21831.38957670359,116.21652940309505
21851.428717422423,101.38037671333824
21871.467858141255,97.67133854089904
21891.506998860084,96.84710783591255
21911.546139578917,97.2592231884058
21931.58528029775,97.67133854089904
21951.624421016582,97.2592231884058
21971.663561735415,100.55614600835175
21991.702702454248,98.49556924588552
22011.74184317308,98.08345389339227
22031.780983891913,102.61672277081797
22051.820124610742,91.07749290100712
22071.859265329575,95.61076177843282
22091.898406048407,94.78653107344633
22111.93754676724,93.96230036845984
22131.976687486072,86.13210867108818
22152.015828204905,84.07153190862195
22172.054968923738,99.31979995087201
22192.094109642567,97.2592231884058
22212.1332503614,79.95037838368951
22232.172391080232,92.7259543109801
22252.211531799065,90.66537754851387
22272.250672517897,88.60480078604765
22292.28981323673,93.13806966347335
22312.328953955563,82.42307049864898
22332.36809467439,96.02287713092606
22352.407235393224,94.78653107344633
22372.446376112057,88.1926854335544
22392.48551683089,86.95633937607467
22412.524657549722,89.84114684352738
22432.563798268555,93.55018501596659
22452.602938987387,83.6594165561287
22472.64207970622,90.25326219602063
22492.68122042505,81.59883979366249
22512.72036114388,71.29595598133136
22532.759501862714,91.90172360599361
22552.798642581547,92.7259543109801
22572.83778330038,89.84114684352738
22592.876924019212,93.55018501596659
22612.916064738045,104.26518418079095
22632.955205456874,105.91364559076393
22652.994346175707,110.03479911569639
22673.03348689454,107.14999164824367
22693.072627613372,96.84710783591255
22713.111768332205,105.50153023827069
22733.150909051037,103.44095347580446
22753.19004976987,109.62268376320314
22773.2291904887,106.73787629575043
22793.26833120753,110.03479911569639
22813.307471926364,95.61076177843282
22833.346612645197,90.25326219602063
22853.38575336403,77.47768626873004
22873.424894082862,85.30787796610169
22893.464034801695,79.53826303119627
22913.503175520524,96.43499248341931
22933.542316239356,82.42307049864898
22953.58145695819,89.84114684352738
22973.62059767702,83.24730120363546
22993.659738395854,90.66537754851387
23013.698879114687,75.00499415377057
23033.73801983352,78.71403232620978
23053.777160552352,93.96230036845984
23073.81630127118,86.54422402358142
23093.855441990014,82.42307049864898
23113.894582708846,91.48960825350036
23133.93372342768,91.90172360599361
23153.97286414651,82.01095514615574
23174.012004865344,87.78057008106116
23194.051145584177,91.48960825350036
23214.090286303006,75.00499415377057
23234.12942702184,87.36845472856791
23254.16856774067,72.5323020388111
23274.207708459504,77.0655709162368
23294.246849178337,79.53826303119627
23314.28598989717,88.60480078604765
23334.325130616002,79.53826303119627
23354.36427133483,78.71403232620978
23374.403412053663,78.71403232620978
23394.442552772496,75.82922485875706
23414.48169349133,85.30787796610169
23434.52083421016,76.2413402112503
23454.559974928994,80.36249373618276
23474.599115647827,77.88980162122328
23494.638256366656,70.88384062883812
23514.67739708549,85.71999331859493
23534.71653780432,76.65345556374355
23554.755678523154,85.71999331859493
23574.794819241986,82.83518585114223
23594.83395996082,84.07153190862195
23614.87310067965,76.65345556374355
23634.912241398484,78.30191697371653
23654.951382117313,87.78057008106116
23674.990522836146,82.83518585114223
23695.02966355498,77.47768626873004
23715.06880427381,79.53826303119627
23735.107944992644,81.18672444116925
23755.147085711476,76.65345556374355
23775.18622643031,77.0655709162368
23795.225367149138,83.24730120363546
23815.26450786797,75.00499415377057
23835.303648586803,83.24730120363546
23855.342789305636,79.95037838368951
23875.38193002447,67.58691780889217
23895.4210707433,82.42307049864898
23915.460211462134,82.83518585114223
23935.499352180963,70.47172527634487
23955.538492899796,75.82922485875706
23975.577633618628,79.12614767870302
23995.61677433746,77.47768626873004
24015.655915056293,68.41114851387864
24035.695055775126,74.18076344878408
24055.73419649396,77.47768626873004
24075.773337212788,78.30191697371653
24095.81247793162,82.83518585114223
24115.851618650453,82.01095514615574
24135.890759369286,76.2413402112503
24155.92990008812,67.58691780889217
24175.96904080695,83.6594165561287
24196.008181525784,84.07153190862195
24216.047322244616,75.41710950626381
24236.086462963445,79.12614767870302
24256.125603682278,74.18076344878408
24276.16474440111,71.7080713338246
24296.203885119943,74.59287880127732
24316.243025838776,77.0655709162368
24336.28216655761,66.76268710390568
24356.32130727644,67.9990331613854
24376.36044799527,77.0655709162368
24396.399588714103,70.47172527634487
24416.438729432935,77.0655709162368
24436.477870151768,77.88980162122328
24456.5170108706,76.2413402112503
24476.556151589433,79.95037838368951
24496.595292308266,73.35653274379759
24516.634433027095,73.76864809629083
24536.673573745928,77.88980162122328
24556.71271446476,79.53826303119627
24576.751855183593,78.30191697371653
24596.790995902425,62.22941822647998
24616.830136621258,69.23537921886513
24636.86927734009,65.52634104642594
24656.90841805892,69.64749457135838
24676.947558777752,69.23537921886513
24696.986699496585,73.76864809629083
24717.025840215418,72.94441739130434
24737.06498093425,67.17480245639892
24757.104121653083,86.54422402358142
24777.143262371916,77.0655709162368
24797.18240309075,73.76864809629083
24817.221543809577,70.88384062883812
24837.26068452841,68.41114851387864
24857.299825247243,68.41114851387864
24877.338965966075,71.29595598133136
24897.378106684908,76.65345556374355
24917.41724740374,76.2413402112503
24937.456388122573,86.13210867108818
24957.495528841402,83.6594165561287
24977.534669560235,72.5323020388111
24997.573810279067,74.59287880127732
25017.6129509979,72.94441739130434
25037.652091716733,72.12018668631785
25057.691232435565,68.82326386637189
25077.730373154398,73.35653274379759
25097.769513873227,84.07153190862195
25117.80865459206,73.76864809629083
25137.847795310892,82.83518585114223
25157.886936029725,82.01095514615574
25177.926076748558,76.2413402112503
25197.96521746739,76.65345556374355
25218.004358186223,77.0655709162368
25238.043498905055,73.35653274379759
25258.082639623884,77.47768626873004
25278.121780342717,77.0655709162368
25298.16092106155,67.9990331613854
25318.200061780382,82.42307049864898
25338.239202499215,64.70211034143945
25358.278343218048,75.82922485875706
25378.31748393688,64.70211034143945
25398.35662465571,69.23537921886513
25418.395765374542,58.93249540653402
25438.434906093375,66.35057175141243
25458.474046812207,60.99307216900024
25478.51318753104,77.0655709162368
25498.552328249873,63.05364893146647
25518.591468968705,67.58691780889217
25538.630609687534,60.580956816507
25558.669750406367,58.52038005404077
25578.7088911252,70.88384062883812
25598.748031844032,57.69614934905428
25618.787172562865,67.17480245639892
25638.826313281697,73.76864809629083
25658.86545400053,72.5323020388111
25678.90459471936,64.70211034143945
25698.94373543819,71.7080713338246
25718.982876157024,70.88384062883812
25739.022016875857,73.76864809629083
25759.06115759469,64.70211034143945
25779.100298313522,63.87787963645296
25799.139439032355,65.93845639891919
25819.178579751187,72.12018668631785
25839.217720470017,70.88384062883812
25859.25686118885,72.5323020388111
25879.29600190768,70.47172527634487
25899.335142626514,62.22941822647998
25919.374283345347,72.5323020388111
25939.41342406418,70.88384062883812
25959.452564783012,67.9990331613854
25979.49170550184,66.35057175141243
25999.530846220674,67.17480245639892
26019.569986939507,66.76268710390568
26039.60912765834,72.12018668631785
26059.648268377172,65.93845639891919
26079.687409096005,59.75672611152051
26099.726549814837,58.52038005404077
26119.765690533666,61.81730287398673
26139.8048312525,65.93845639891919
26159.84397197133,63.05364893146647
26179.883112690164,59.75672611152051
26199.922253408997,59.75672611152051
26219.96139412783,57.284033996561035
26240.000534846662,60.99307216900024
26260.03967556549,59.34461075902726
26280.078816284324,69.23537921886513
26300.117957003156,63.05364893146647
26320.15709772199,71.29595598133136
26340.19623844082,60.16884146401375
26360.235379159654,67.9990331613854
26380.274519878487,58.52038005404077
26400.31366059732,65.93845639891919
26420.35280131615,58.108264701547526
26440.39194203498,69.64749457135838
26460.431082753814,62.22941822647998
26480.470223472646,56.87191864406779
26500.50936419148,56.87191864406779
26520.54850491031,67.9990331613854
26540.587645629144,67.17480245639892
26560.626786347973,57.284033996561035
26580.665927066806,70.05960992385162
26600.70506778564,63.87787963645296
26620.74420850447,70.47172527634487
26640.783349223304,49.45384229918938
26660.822489942137,60.16884146401375
26680.86163066097,70.88384062883812
26700.9007713798,55.63557258658806
26720.93991209863,59.75672611152051
26740.979052817464,57.284033996561035
26761.018193536296,60.580956816507
26781.05733425513,56.45980329157455
26801.09647497396,56.87191864406779
26821.135615692794,56.45980329157455
26841.174756411623,64.2899949889462
26861.213897130456,46.98115018422992
26881.25303784929,58.108264701547526
26901.29217856812,61.81730287398673
26921.331319286954,65.1142256939327
26941.370460005786,63.465764283959714
26961.40960072462,51.51441906165561
26981.44874144345,53.98711117661508
27001.48788216228,63.87787963645296
27021.527022881113,59.34461075902726
27041.566163599946,56.04768793908131
27061.60530431878,58.108264701547526
27081.64444503761,72.5323020388111
27101.683585756444,59.34461075902726
27121.722726475276,55.63557258658806
27141.761867194105,61.40518752149349
27161.801007912938,60.99307216900024
27181.84014863177,53.98711117661508
27201.879289350603,60.580956816507
27221.918430069436,59.34461075902726
27241.95757078827,53.16288047162859
27261.9967115071,64.70211034143945
27282.03585222593,51.51441906165561
27302.074992944763,60.16884146401375
27322.114133663596,56.45980329157455
27342.15327438243,58.108264701547526
27362.19241510126,56.87191864406779
27382.231555820093,61.40518752149349
27402.270696538926,59.75672611152051
27422.309837257755,55.63557258658806
27442.348977976588,49.04172694669614
27462.38811869542,52.3386497666421
27482.427259414253,60.580956816507
27502.466400133086,57.69614934905428
27522.50554085192,59.75672611152051
27542.54468157075,53.574995824121835
27562.583822289584,55.63557258658806
27582.622963008413,51.51441906165561
27602.662103727245,54.81134188160157
27622.701244446078,55.63557258658806
27642.74038516491,49.45384229918938
27662.779525883743,57.69614934905428
27682.818666602576,54.81134188160157
27702.85780732141,58.52038005404077
27722.896948040237,48.6296115942029
27742.93608875907,45.74480412675018
27762.975229477903,50.69018835666912
27783.014370196735,54.399226529108326
27803.053510915568,57.69614934905428
27823.0926516344,51.10230370916236
27843.131792353233,46.15691947924343
27863.170933072062,51.926534414148854
27883.210073790895,56.45980329157455
27903.249214509728,55.223457234094816
27923.28835522856,54.399226529108326
27943.327495947393,49.04172694669614
27963.366636666226,58.108264701547526
27983.405777385058,52.3386497666421
28003.44491810389,64.70211034143945
28023.48405882272,45.33268877425694
28043.523199541552,44.0963427167772
28063.562340260385,47.80538088921641
28083.601480979218,54.81134188160157
28103.64062169805,44.0963427167772
28123.679762416883,43.27211201179071
28143.718903135716,56.04768793908131
28163.758043854545,52.3386497666421
28183.797184573377,47.80538088921641
28203.83632529221,48.217496241709654
28223.875466011043,50.69018835666912
28243.914606729875,51.51441906165561
28263.953747448708,53.98711117661508
28283.99288816754,45.74480412675018
28304.03202888637,56.45980329157455
28324.071169605202,45.33268877425694
28344.110310324035,50.27807300417587
28364.149451042867,50.69018835666912
28384.1885917617,48.217496241709654
28404.227732480533,46.98115018422992
28424.266873199365,58.93249540653402
28444.306013918194,49.04172694669614
28464.345154637027,43.684227364283956
28484.38429535586,49.04172694669614
28504.423436074692,46.15691947924343
28524.462576793525,53.16288047162859
28544.501717512358,50.69018835666912
28564.54085823119,49.45384229918938
28584.579998950023,51.10230370916236
28604.619139668852,53.574995824121835
28624.658280387684,50.27807300417587
28644.697421106517,42.44788130680422
28664.73656182535,49.45384229918938
28684.775702544182,47.39326553672316
28704.814843263015,53.98711117661508
28724.853983981848,46.98115018422992
28744.893124700677,48.217496241709654
28764.93226541951,46.56903483173667
28784.971406138342,45.74480412675018
28805.010546857175,48.217496241709654
28825.049687576007,47.39326553672316
28845.08882829484,39.975189191844755
28865.127969013673,44.92057342176369
28885.1671097325,44.508458069270446
28905.206250451334,45.74480412675018
28925.245391170167,47.39326553672316
28945.284531889,47.39326553672316
28965.323672607832,45.33268877425694
28985.362813326665,53.574995824121835
29005.401954045497,45.33268877425694
29025.441094764326,47.39326553672316
29045.48023548316,43.684227364283956
29065.51937620199,45.33268877425694
29085.558516920824,47.39326553672316
29105.597657639657,49.04172694669614
29125.63679835849,43.684227364283956
29145.675939077322,48.217496241709654
29165.715079796155,41.21153524932449
29185.754220514984,37.91461242937853
29205.793361233817,41.21153524932449
29225.83250195265,49.04172694669614
29245.871642671482,51.51441906165561
29265.910783390314,46.98115018422992
29285.949924109147,40.799419896831246
29305.98906482798,45.33268877425694
29326.02820554681,41.62365060181773
29346.06734626564,41.21153524932449
29366.106486984474,44.0963427167772
29386.145627703307,36.26615101940555
29406.18476842214,43.27211201179071
29426.223909140972,39.150958486858265
29446.263049859805,45.74480412675018
29466.302190578634,40.387304544338
29486.341331297466,39.56307383935151
29506.3804720163,53.16288047162859
29526.41961273513,42.859996659297465
29546.458753453964,46.56903483173667
29566.497894172797,37.502497076885284
29586.53703489163,44.92057342176369
29606.57617561046,46.56903483173667
29626.61531632929,39.56307383935151
29646.654457048124,42.859996659297465
29666.693597766956,43.684227364283956
29686.73273848579,38.73884313436502
29706.77187920462,43.684227364283956
29726.811019923454,44.0963427167772
29746.850160642287,41.62365060181773
29766.889301361116,44.0963427167772
29786.92844207995,42.035765954310975
29806.96758279878,43.27211201179071
29827.006723517614,39.150958486858265
29847.045864236447,32.1449974944731
29867.08500495528,35.02980496192581
29887.12414567411,37.91461242937853
29907.16328639294,37.09038172439204
29927.202427111773,37.91461242937853
29947.241567830606,38.326727781871774
29967.28070854944,45.33268877425694
29987.31984926827,40.387304544338
30007.358989987104,42.859996659297465
30027.398130705937,39.150958486858265
30047.437271424766,38.73884313436502
30067.4764121436,44.0963427167772
30087.51555286243,44.0963427167772
30107.554693581264,36.67826637189879
30127.593834300096,37.09038172439204
30147.63297501893,45.33268877425694
30167.67211573776,44.508458069270446
30187.71125645659,41.62365060181773
30207.750397175423,40.799419896831246
30227.789537894256,36.26615101940555
30247.82867861309,43.27211201179071
30267.86781933192,36.67826637189879
30287.906960050754,32.1449974944731
30307.946100769586,38.326727781871774
30327.98524148842,43.684227364283956
30348.024382207248,40.387304544338
30368.06352292608,39.56307383935151
30388.102663644913,39.56307383935151
30408.141804363746,38.73884313436502
30428.18094508258,39.975189191844755
30448.22008580141,35.44192031441906
30468.259226520244,40.799419896831246
30488.298367239073,31.732882141979857
30508.337507957905,35.02980496192581
30528.376648676738,39.150958486858265
30548.41578939557,32.96922819945959
30568.454930114403,35.02980496192581
30588.494070833236,32.55711284696635
30608.53321155207,39.975189191844755
30628.572352270898,35.02980496192581
30648.61149298973,31.320766789486612
30668.650633708563,32.55711284696635
30688.689774427396,34.20557425693932
30708.72891514623,37.502497076885284
30728.76805586506,36.67826637189879
30748.807196583894,32.1449974944731
30768.846337302723,34.20557425693932
30788.885478021555,32.55711284696635
30808.924618740388,40.387304544338
30828.96375945922,29.260190027020386
30849.002900178053,30.084420732006876
30869.042040896886,33.793458904446084
30889.08118161572,31.732882141979857
30909.12032233455,41.21153524932449
30929.15946305338,33.38134355195284
30949.198603772213,32.96922819945959
30969.237744491045,38.326727781871774
30989.276885209878,35.02980496192581
31009.31602592871,32.1449974944731
31029.355166647543,24.72692114959469
31049.394307366376,28.023843969540653
31069.433448085205,32.55711284696635
31089.472588804038,26.787497912060918
31109.51172952287,30.49653608450012
31129.550870241703,33.38134355195284
31149.590010960535,29.260190027020386
31169.629151679368,28.435959322033895
31189.6682923982,24.72692114959469
31209.70743311703,39.56307383935151
31229.746573835862,33.38134355195284
31249.785714554695,29.67230537951363
31269.824855273528,28.435959322033895
31289.86399599236,30.084420732006876
31309.903136711193,25.55115185458118
31329.942277430026,33.793458904446084
31349.98141814886,32.1449974944731
31370.020558867687,23.902690444608204
31390.05969958652,33.793458904446084
31410.098840305352,30.084420732006876
31430.137981024185,27.611728617047408
31450.177121743018,28.84807467452714
31470.21626246185,30.49653608450012
31490.255403180683,25.55115185458118
31510.294543899512,27.199613264554163
31530.333684618345,29.260190027020386
31550.372825337177,30.908651436993367
31570.41196605601,25.55115185458118
31590.451106774843,33.793458904446084
31610.490247493675,33.793458904446084
31630.529388212508,31.732882141979857
31650.568528931337,29.260190027020386
31670.60766965017,33.793458904446084
31690.646810369002,23.078459739621714
31710.685951087835,25.139036502087936
31730.725091806667,35.8540356669123
31750.7642325255,28.435959322033895
31770.803373244333,24.31480579710145
31790.84251396316,33.38134355195284
31810.881654681994,25.55115185458118
31830.920795400827,30.49653608450012
31850.95993611966,25.963267207074427
31870.999076838492,22.254229034635223
31891.038217557325,29.67230537951363
31911.077358276158,30.49653608450012
31931.11649899499,27.199613264554163
31951.15563971382,30.084420732006876
31971.194780432652,22.66634438712847
31991.233921151485,25.55115185458118
32011.273061870317,25.963267207074427
32031.31220258915,27.611728617047408
32051.351343307982,24.72692114959469
32071.390484026815,30.908651436993367
32091.429624745644,26.375382559567672
32111.468765464477,25.139036502087936
32131.50790618331,22.254229034635223
32151.547046902142,27.611728617047408
32171.586187620975,26.375382559567672
32191.625328339807,21.842113682141978
32211.66446905864,18.957306214689265
32231.70360977747,24.31480579710145
32251.7427504963,25.55115185458118
32271.781891215134,27.199613264554163
32291.821031933967,17.308844804716284
32311.8601726528,24.72692114959469
32331.899313371632,23.078459739621714
32351.938454090465,16.896729452223042
32371.977594809294,24.31480579710145
32392.016735528126,18.957306214689265
32412.05587624696,22.254229034635223
32432.09501696579,25.55115185458118
32452.134157684624,23.902690444608204
32472.173298403457,24.72692114959469
32492.21243912229,25.963267207074427
32512.251579841122,17.72096015720953
32532.29072055995,28.84807467452714
32552.329861278784,23.49057509211496
32572.369001997617,19.781536919675755
32592.40814271645,26.787497912060918
32612.447283435282,22.66634438712847
32632.486424154115,20.193652272169
32652.525564872947,19.781536919675755
32672.564705591776,17.72096015720953
32692.60384631061,14.42403733726357
32712.64298702944,22.66634438712847
32732.682127748274,20.605767624662246
32752.721268467107,18.133075509702774
32772.76040918594,21.429998329648733
32792.799549904776,16.896729452223042
32812.838690623605,25.963267207074427
32832.87783134244,19.781536919675755
32852.91697206127,21.842113682141978
32872.956112780106,25.55115185458118
32892.995253498935,25.963267207074427
32913.034394217764,18.957306214689265
32933.0735349366,18.957306214689265
32953.11267565543,16.07249874723655
32973.151816374266,23.49057509211496
32993.190957093095,25.139036502087936
33013.23009781193,18.133075509702774
33033.26923853076,15.660383394743306
33053.30837924959,23.902690444608204
33073.347519968425,22.66634438712847
33093.386660687254,21.429998329648733
33113.42580140609,16.484614099729797
33133.46494212492,14.836152689756815
33153.504082843756,18.54519086219602
33173.543223562585,16.896729452223042
33193.582364281414,19.781536919675755
33213.62150500025,14.836152689756815
33233.66064571908,18.133075509702774
33253.699786437915,21.842113682141978
33273.738927156744,26.375382559567672
33293.77806787558,15.660383394743306
33313.81720859441,17.72096015720953
33333.85634931324,16.07249874723655
33353.895490032075,18.133075509702774
33373.934630750904,11.127114517317612
33393.97377146974,22.254229034635223
33414.01291218857,18.54519086219602
33434.052052907406,18.957306214689265
33454.091193626235,14.42403733726357
33474.13033434506,14.011921984770327
33494.1694750639,16.896729452223042
33514.20861578273,20.605767624662246
33534.247756501565,19.781536919675755
33554.286897220394,16.484614099729797
33574.32603793923,20.193652272169
33594.36517865806,17.308844804716284
33614.40431937689,14.836152689756815
33634.443460095725,13.599806632277081
33654.482600814554,17.72096015720953
33674.52174153339,16.484614099729797
33694.56088225222,11.951345222304102
33714.600022971055,11.951345222304102
33734.639163689884,11.127114517317612
33754.67830440871,19.36942156718251
33774.71744512755,13.187691279783836
33794.75658584638,14.42403733726357
33814.795726565215,14.011921984770327
33834.834867284044,11.951345222304102
33854.87400800288,16.484614099729797
33874.91314872171,12.363460574797346
33894.952289440545,10.302883812331123
33914.991430159374,15.24826804225006
33935.0305708782,16.07249874723655
33955.06971159704,16.07249874723655
33975.10885231587,14.011921984770327
33995.147993034705,15.660383394743306
34015.187133753534,10.302883812331123
34035.22627447237,7.830191697371653
34055.2654151912,11.127114517317612
34075.30455591003,10.714999164824366
34095.343696628865,7.830191697371653
34115.38283734769,9.066537754851387
34135.42197806653,14.836152689756815
34155.46111878536,10.714999164824366
34175.500259504195,17.308844804716284
34195.539400223024,10.302883812331123
34215.57854094185,12.363460574797346
34235.61768166069,11.127114517317612
34255.65682237952,11.127114517317612
34275.695963098355,12.77557592729059
34295.735103817184,9.890768459837878
34315.77424453602,10.302883812331123
34335.81338525485,9.478653107344632
34355.85252597368,12.77557592729059
34375.891666692514,8.654422402358142
34395.93080741134,7.005960992385163
34415.96994813018,9.890768459837878
34436.00908884901,12.363460574797346
34456.048229567845,11.951345222304102
34476.087370286674,9.478653107344632
34496.1265110055,7.418076344878408
34516.16565172434,7.830191697371653
34536.20479244317,6.593845639891918
34556.243933162004,7.830191697371653
34576.28307388083,9.478653107344632
34596.32221459967,7.418076344878408
34616.3613553185,6.181730287398673
34636.40049603733,8.242307049864898
34656.439636756164,6.181730287398673
34676.47877747499,8.654422402358142
34696.51791819383,6.593845639891918
34716.55705891266,5.769614934905428
34736.596199631495,12.77557592729059
34756.63534035032,8.654422402358142
34776.67448106915,3.296922819945959
34796.71362178799,5.769614934905428
34816.75276250682,7.418076344878408
34836.791903225654,5.769614934905428
34856.83104394448,5.357499582412183
34876.87018466332,7.830191697371653
34896.90932538215,3.709038172439204
34916.94846610098,7.830191697371653
34936.987606819814,5.357499582412183
34957.02674753864,5.357499582412183
34977.06588825748,4.121153524932449
34997.10502897631,4.5332688774256935
35017.144169695144,5.769614934905428
35037.18331041397,4.945384229918939
35057.22245113281,4.5332688774256935
35077.26159185164,3.296922819945959
35097.30073257047,3.296922819945959
35117.339873289304,2.884807467452714
35137.37901400813,2.4726921149594694
35157.41815472697,4.121153524932449
35177.4572954458,4.121153524932449
35197.496436164634,4.945384229918939
35217.53557688346,3.709038172439204
35237.57471760229,2.884807467452714
35257.61385832113,7.005960992385163
35277.65299903996,3.709038172439204
35297.692139758794,3.709038172439204
35317.73128047762,5.769614934905428
35337.77042119646,4.121153524932449
35357.80956191529,4.121153524932449
35377.84870263412,4.5332688774256935
35397.88784335295,2.884807467452714
35417.92698407178,1.2363460574797347
35437.96612479062,2.884807467452714
35458.00526550945,3.709038172439204
35478.044406228284,3.709038172439204
35498.08354694711,2.4726921149594694
35518.12268766594,4.121153524932449
35538.16182838478,4.121153524932449
35558.20096910361,2.884807467452714
35578.24010982244,2.4726921149594694
35598.27925054127,3.296922819945959
35618.31839126011,1.6484614099729795
35638.35753197894,2.0605767624662246
35658.39667269777,2.884807467452714
35678.4358134166,2.0605767624662246
35698.47495413543,2.884807467452714
35718.51409485427,2.4726921149594694
35738.5532355731,2.4726921149594694
35758.592376291934,2.0605767624662246
35778.63151701076,2.884807467452714
35798.67065772959,3.709038172439204
35818.70979844843,2.0605767624662246
35838.74893916726,2.4726921149594694
35858.78807988609,1.6484614099729795
35878.82722060492,4.121153524932449
35898.86636132376,0.8242307049864898
35918.90550204259,2.4726921149594694
35938.94464276142,2.4726921149594694
35958.98378348025,3.709038172439204
35979.02292419908,1.2363460574797347
35999.06206491792,0.8242307049864898
36019.10120563675,2.0605767624662246
36039.14034635558,2.0605767624662246
36059.17948707441,2.4726921149594694
36079.21862779325,1.6484614099729795
36099.25776851208,2.884807467452714
36119.29690923091,2.0605767624662246
36139.33604994974,2.4726921149594694
36159.37519066857,1.6484614099729795
36179.41433138741,1.2363460574797347
36199.45347210624,1.2363460574797347
36219.49261282507,1.2363460574797347
36239.5317535439,2.0605767624662246
36259.57089426273,2.4726921149594694
36279.61003498157,2.0605767624662246
36299.6491757004,2.4726921149594694
36319.68831641923,2.884807467452714
36339.72745713806,0.8242307049864898
36359.7665978569,0.4121153524932449
36379.80573857573,0.8242307049864898
36399.84487929456,1.6484614099729795
36419.88402001339,0.8242307049864898
36439.92316073222,1.2363460574797347
36459.96230145106,2.0605767624662246
36480.00144216989,0.8242307049864898
36500.04058288872,1.6484614099729795
36520.07972360755,0.8242307049864898
36540.11886432638,0.4121153524932449
36560.15800504522,1.2363460574797347
36580.19714576405,1.6484614099729795
36600.23628648288,0.0
36620.27542720171,0.8242307049864898
36640.31456792055,0.0
36660.35370863938,0.8242307049864898
36680.392849358206,0.8242307049864898
36700.43199007704,0.4121153524932449
36720.47113079587,1.6484614099729795
36740.51027151471,1.2363460574797347
36760.54941223354,1.2363460574797347
36780.58855295237,2.4726921149594694
36800.6276936712,0.4121153524932449
36820.66683439003,0.8242307049864898
36840.70597510887,1.2363460574797347
36860.745115827696,2.884807467452714
36880.78425654653,2.0605767624662246
36900.82339726536,1.6484614099729795
36920.8625379842,0.4121153524932449
36940.90167870303,1.6484614099729795
36960.940819421856,1.2363460574797347
36980.97996014069,1.2363460574797347
37001.01910085952,2.0605767624662246
37021.05824157836,0.0
37041.09738229719,0.4121153524932449
37061.13652301602,2.0605767624662246
37081.17566373485,1.6484614099729795
37101.21480445368,2.0605767624662246
37121.25394517252,0.8242307049864898
37141.293085891346,1.6484614099729795
37161.33222661018,1.2363460574797347
37181.37136732901,0.8242307049864898
37201.41050804785,0.4121153524932449
37221.44964876668,0.0
37241.48878948551,1.6484614099729795
37261.52793020434,0.8242307049864898
37281.56707092317,0.8242307049864898
37301.60621164201,1.2363460574797347
37321.645352360836,0.4121153524932449
37341.68449307967,0.4121153524932449
37361.7236337985,0.8242307049864898
37381.76277451734,0.4121153524932449
37401.80191523617,1.6484614099729795
37421.841055954996,1.2363460574797347
37441.88019667383,0.4121153524932449
37461.91933739266,1.2363460574797347
37481.9584781115,2.0605767624662246
37501.997618830326,0.8242307049864898
37522.03675954916,2.0605767624662246
37542.07590026799,1.2363460574797347
37562.11504098682,0.8242307049864898
37582.15418170566,0.8242307049864898
37602.193322424486,1.2363460574797347
37622.23246314332,0.4121153524932449
37642.27160386215,1.2363460574797347
37662.31074458099,0.0
37682.34988529982,0.4121153524932449
37702.389026018645,0.4121153524932449
37722.42816673748,1.2363460574797347
37742.46730745631,0.0
37762.50644817515,0.8242307049864898
37782.545588893976,0.4121153524932449
37802.58472961281,0.0
37822.62387033164,1.2363460574797347
37842.66301105047,0.0
37862.70215176931,1.2363460574797347
37882.741292488136,0.8242307049864898
37902.78043320697,0.0
37922.8195739258,0.0
37942.85871464464,0.8242307049864898
37962.897855363466,0.4121153524932449
37982.936996082295,0.4121153524932449
38002.97613680113,0.8242307049864898
38023.01527751996,0.4121153524932449
38043.0544182388,0.0
38063.093558957626,0.8242307049864898
38083.13269967646,0.4121153524932449
38103.17184039529,0.8242307049864898
38123.21098111412,0.4121153524932449
38143.250121832956,0.4121153524932449
38163.289262551785,0.4121153524932449
38183.32840327062,0.4121153524932449
38203.36754398945,0.8242307049864898
38223.40668470829,0.4121153524932449
38243.445825427116,0.8242307049864898
38263.48496614595,0.8242307049864898
38283.52410686478,0.8242307049864898
38303.56324758361,0.8242307049864898
38323.602388302446,0.0
38343.641529021275,0.0
38363.68066974011,0.8242307049864898
38383.71981045894,0.8242307049864898
38403.75895117778,0.4121153524932449
38423.798091896606,0.8242307049864898
38443.837232615435,0.4121153524932449
38463.87637333427,0.4121153524932449
38483.9155140531,0.8242307049864898
38503.95465477194,0.0
38523.993795490765,0.0
38544.0329362096,0.4121153524932449
38564.07207692843,0.0
38584.11121764726,1.2363460574797347
38604.150358366096,2.4726921149594694
38624.189499084925,0.4121153524932449
38644.22863980376,0.4121153524932449
38664.26778052259,0.4121153524932449
38684.30692124143,1.2363460574797347
38704.346061960256,0.4121153524932449
38724.385202679085,0.4121153524932449
38744.42434339792,0.4121153524932449
38764.46348411675,0.4121153524932449
38784.502624835586,1.2363460574797347
38804.541765554415,0.0
38824.58090627325,0.4121153524932449
38844.62004699208,0.0
38864.65918771091,0.8242307049864898
38884.698328429746,0.4121153524932449
38904.737469148575,1.2363460574797347
38924.77660986741,0.4121153524932449
38944.81575058624,0.0
38964.854891305076,0.0
38984.894032023905,0.4121153524932449
39004.933172742734,0.0
39024.97231346157,0.0
39045.0114541804,0.0
39065.050594899236,0.0
39085.089735618065,0.0
39105.1288763369,0.8242307049864898
39125.16801705573,0.4121153524932449
39145.20715777456,0.0
39165.246298493395,0.8242307049864898
39185.285439212224,0.8242307049864898
39205.32457993106,0.4121153524932449
39225.36372064989,0.8242307049864898
39245.402861368726,0.0
39265.442002087555,0.4121153524932449
39285.481142806384,0.4121153524932449
39305.52028352522,0.0
39325.55942424405,1.2363460574797347
39345.598564962886,0.8242307049864898
39365.637705681715,0.8242307049864898
39385.67684640055,0.0
39405.71598711938,1.2363460574797347
39425.755127838216,0.4121153524932449
39445.794268557045,0.4121153524932449
39465.833409275874,0.8242307049864898
39485.87254999471,0.0
39505.91169071354,0.0
39525.950831432376,0.0
39545.989972151205,0.0
39566.02911287004,0.8242307049864898
39586.06825358887,0.0
39606.1073943077,0.4121153524932449
39626.146535026535,0.4121153524932449
39646.185675745364,0.0
39666.2248164642,0.8242307049864898
39686.26395718303,0.4121153524932449
39706.303097901866,0.4121153524932449
39726.342238620695,0.0
39746.381379339524,0.4121153524932449
39766.42052005836,0.4121153524932449
39786.45966077719,0.0
39806.498801496025,0.0
39826.537942214854,0.8242307049864898
39846.57708293369,0.8242307049864898
39866.61622365252,0.4121153524932449
39886.65536437135,0.8242307049864898
39906.694505090185,0.0
39926.733645809014,0.0
39946.77278652785,0.4121153524932449
39966.81192724668,0.0
39986.851067965516,0.8242307049864898
40006.890208684345,0.0
40026.92934940317,0.4121153524932449
40046.96849012201,0.0
40067.00763084084,0.0
40087.046771559675,0.0
40107.085912278504,0.4121153524932449
40127.12505299734,0.4121153524932449
40147.16419371617,0.4121153524932449
40167.203334435,0.4121153524932449
40187.242475153835,0.0
40207.281615872664,0.4121153524932449
40227.3207565915,0.0
40247.35989731033,0.0
40267.399038029165,0.4121153524932449
40287.438178747994,0.0
40307.47731946682,0.8242307049864898
40327.51646018566,0.8242307049864898
40347.55560090449,0.4121153524932449
40367.594741623325,0.4121153524932449
40387.633882342154,0.0
40407.67302306099,0.0
40427.71216377982,0.0
40447.75130449865,1.2363460574797347
40467.790445217484,0.0
40487.82958593631,0.0
40507.86872665515,0.4121153524932449
40527.90786737398,0.0
40547.947008092815,0.4121153524932449
40567.986148811644,0.0
40588.02528953048,0.4121153524932449
40608.06443024931,0.4121153524932449
40628.10357096814,0.4121153524932449
40648.142711686975,0.0
40668.1818524058,0.0
40688.22099312464,0.0
40708.26013384347,0.4121153524932449
40728.299274562305,0.8242307049864898
40748.338415281134,0.0
40768.37755599996,0.0
40788.4166967188,0.0
40808.45583743763,0.0
40828.494978156465,0.0
40848.534118875294,0.0
40868.57325959413,0.0
40888.61240031296,0.0
40908.65154103179,0.4121153524932449
40928.690681750624,0.0
40948.72982246945,0.0
40968.76896318829,0.0
40988.80810390712,0.8242307049864898
41008.847244625955,0.4121153524932449
