Energy (keV),Intensity (CPS)
-11.273806823442747,0.0
8.765333895389393,0.0
28.804474614221533,0.0
48.84361533305367,0.0
68.88275605188582,0.0
88.92189677071795,0.0
108.96103748955008,0.0
129.00017820838224,0.0
149.03931892721437,0.0
169.0784596460465,0.0
189.11760036487865,0.0
209.15674108371078,0.0
229.1958818025429,0.0
249.23502252137504,0.0
269.27416324020726,0.0
289.3133039590394,0.0
309.3524446778715,0.8232397435423103
329.39158539670365,2.0580993588557757
349.4307261155358,1.2348596153134654
369.46986683436796,2.881339102398086
389.5090075532001,3.7045788459403965
409.5481482720322,4.116198717711551
429.58728899086435,12.348596153134656
449.6264297096965,7.820777563651948
469.6655704285286,13.171835896676965
489.7047111473608,13.58345576844812
509.74385186619287,13.58345576844812
529.782992585025,14.406695511990431
549.8221333038572,14.818315383761586
569.8612740226893,17.699654486159673
589.9004147415214,20.169373716786602
609.9395554603535,21.40423333210007
629.9786961791857,25.932051921582776
650.0178368980179,25.108812178040466
670.05697761685,16.87641474261736
690.0961183356821,24.285572434498153
710.1352590545142,31.28311025460779
730.1743997733464,25.52043204981162
750.2135404921786,27.578531408667395
770.2526812110107,32.1063499981501
790.2918219298429,25.108812178040466
810.3309626486749,34.57606922877704
830.3701033675071,23.462332690955844
850.4092440863393,25.108812178040466
870.4483848051714,28.813391023980863
890.4875255240036,32.51796986992126
910.5266662428356,25.932051921582776
930.5658069616678,33.34120961346357
950.6049476804999,30.459870511065482
970.6440883993321,30.459870511065482
990.6832291181643,19.757753845015447
1010.7223698369963,32.92958974169241
1030.7615105558284,32.51796986992126
1050.8006512746606,27.99015128043855
1070.8397919934928,29.636630767523172
1090.878932712325,25.52043204981162
1110.9180734311572,26.34367179335393
1130.957214149989,32.1063499981501
1150.9963548688213,35.399308972319346
1171.0354955876535,32.92958974169241
1191.0746363064857,29.225010895752018
1211.1137770253179,25.52043204981162
1231.1529177441498,30.871490382836637
1251.192058462982,24.285572434498153
1271.2311991818142,26.34367179335393
1291.2703399006464,26.34367179335393
1311.3094806194786,24.69719230626931
1331.3486213383105,27.99015128043855
1351.3877620571427,27.99015128043855
1371.426902775975,26.755291665125085
1391.466043494807,22.22747307564238
1411.5051842136393,25.52043204981162
1431.5443249324712,23.05071281918469
1451.5834656513034,27.99015128043855
1471.6226063701356,26.755291665125085
1491.6617470889678,27.578531408667395
1511.7008878078,22.639092947413534
1531.740028526632,23.462332690955844
1551.7791692454641,23.462332690955844
1571.8183099642963,18.111274357930828
1591.8574506831285,25.108812178040466
1611.8965914019607,22.639092947413534
1631.9357321207926,18.111274357930828
1651.9748728396248,23.873952562727
1672.014013558457,22.639092947413534
1692.0531542772892,27.16691153689624
1712.0922949961214,21.815853203871225
1732.1314357149533,22.639092947413534
1752.1705764337855,23.873952562727
1772.2097171526177,23.873952562727
1792.24885787145,15.641555127303896
1812.287998590282,17.28803461438852
1832.327139309114,22.22747307564238
1852.3662800279462,16.87641474261736
1872.4054207467784,20.169373716786602
1892.4445614656106,25.108812178040466
1912.4837021844426,19.757753845015447
1932.5228429032747,20.169373716786602
1952.561983622107,26.755291665125085
1972.6011243409391,13.58345576844812
1992.6402650597713,17.28803461438852
2012.6794057786033,20.580993588557757
2032.7185464974355,14.818315383761586
2052.757687216268,18.111274357930828
2072.7968279351,18.522894229701983
2092.835968653932,16.87641474261736
2112.875109372764,19.346133973244292
2132.9142500915964,16.464794870846205
2152.9533908104286,17.28803461438852
2172.9925315292608,19.757753845015447
2193.031672248093,18.111274357930828
2213.070812966925,15.229935255532741
2233.1099536857573,14.818315383761586
2253.1490944045895,13.58345576844812
2273.1882351234212,20.992613460328915
2293.2273758422534,16.87641474261736
2313.2665165610856,17.699654486159673
2333.305657279918,19.757753845015447
2353.34479799875,21.40423333210007
2373.383938717582,13.171835896676965
2393.4230794364144,13.58345576844812
2413.4622201552465,18.934514101473138
2433.5013608740787,23.873952562727
2453.540501592911,17.28803461438852
2473.5796423117426,13.58345576844812
2493.618783030575,17.699654486159673
2513.657923749407,18.522894229701983
2533.697064468239,14.818315383761586
2553.7362051870714,14.406695511990431
2573.7753459059036,13.58345576844812
2593.8144866247358,15.229935255532741
2613.853627343568,18.934514101473138
2633.8927680624,19.346133973244292
2653.931908781232,17.28803461438852
2673.971049500064,16.05317499907505
2694.0101902188962,11.525356409592344
2714.0493309377284,11.11373653782119
2734.0884716565606,11.525356409592344
2754.127612375393,11.11373653782119
2774.166753094225,10.290496794278878
2794.205893813057,13.58345576844812
2814.2450345318894,13.58345576844812
2834.2841752507215,10.290496794278878
2854.3233159695533,11.9369762813635
2874.3624566883855,10.702116666050035
2894.4015974072177,11.9369762813635
2914.44073812605,18.522894229701983
2934.479878844882,12.76021602490581
2954.519019563714,14.818315383761586
2974.5581602825464,15.229935255532741
2994.5973010013786,14.818315383761586
3014.6364417202108,12.348596153134656
3034.675582439043,11.11373653782119
3054.7147231578747,9.055637178965414
3074.753863876707,12.348596153134656
3094.793004595539,7.409157691880793
3114.8321453143712,10.702116666050035
3134.8712860332034,9.055637178965414
3154.9104267520356,11.11373653782119
3174.949567470868,8.64401730719426
3194.9887081897,13.171835896676965
3215.027848908532,11.525356409592344
3235.0669896273644,10.290496794278878
3255.106130346196,9.467257050736569
3275.1452710650283,9.467257050736569
3295.1844117838605,8.64401730719426
3315.2235525026927,6.997537820109637
3335.262693221525,7.409157691880793
3355.301833940357,5.762678204796172
3375.340974659189,6.174298076567328
3395.3801153780214,8.64401730719426
3415.4192560968536,9.878876922507724
3435.458396815686,5.762678204796172
3455.4975375345175,9.467257050736569
3475.5366782533497,5.762678204796172
3495.575818972182,6.997537820109637
3515.614959691014,9.878876922507724
3535.6541004098463,4.527818589482707
3555.6932411286784,8.64401730719426
3575.7323818475106,4.116198717711551
3595.771522566343,4.527818589482707
3615.810663285175,6.174298076567328
3635.849804004007,5.351058333025017
3655.888944722839,6.585917948338483
3675.928085441671,5.762678204796172
3695.9672261605033,4.527818589482707
3716.0063668793355,2.881339102398086
3736.0455075981677,1.6464794870846207
3756.084648317,6.585917948338483
3776.123789035832,6.174298076567328
3796.162929754664,5.762678204796172
3816.2020704734964,5.762678204796172
3836.241211192328,2.881339102398086
3856.2803519111603,2.881339102398086
3876.3194926299925,2.469719230626931
3896.3586333488247,5.351058333025017
3916.397774067657,5.762678204796172
3936.436914786489,6.174298076567328
3956.4760555053213,6.174298076567328
3976.5151962241534,2.881339102398086
3996.5543369429856,4.939438461253862
4016.593477661818,2.881339102398086
4036.6326183806495,6.174298076567328
4056.6717590994817,3.7045788459403965
4076.710899818314,3.7045788459403965
4096.750040537146,2.881339102398086
4116.789181255978,5.762678204796172
4136.82832197481,2.881339102398086
4156.867462693642,2.469719230626931
4176.906603412474,4.939438461253862
4196.945744131306,4.116198717711551
4216.984884850139,4.527818589482707
4237.0240255689705,2.469719230626931
4257.063166287803,4.116198717711551
4277.102307006635,5.762678204796172
4297.1414477254675,4.939438461253862
4317.180588444299,3.7045788459403965
4337.219729163131,2.469719230626931
4357.258869881964,2.0580993588557757
4377.298010600795,2.881339102398086
4397.337151319628,1.2348596153134654
4417.37629203846,1.6464794870846207
4437.415432757292,1.6464794870846207
4457.454573476124,3.7045788459403965
4477.493714194957,2.469719230626931
4497.5328549137885,3.2929589741692413
4517.571995632621,1.6464794870846207
4537.611136351453,2.469719230626931
4557.650277070285,2.881339102398086
4577.689417789117,2.0580993588557757
4597.728558507949,3.2929589741692413
4617.767699226782,1.6464794870846207
4637.806839945613,2.469719230626931
4657.845980664446,1.2348596153134654
4677.885121383278,2.0580993588557757
4697.92426210211,2.881339102398086
4717.963402820942,0.8232397435423103
4738.002543539774,3.2929589741692413
4758.041684258606,0.41161987177115517
4778.080824977438,2.469719230626931
4798.119965696271,2.469719230626931
4818.1591064151025,0.41161987177115517
4838.198247133935,0.8232397435423103
4858.237387852767,0.41161987177115517
4878.2765285716,2.469719230626931
4898.315669290431,0.41161987177115517
4918.354810009264,2.469719230626931
4938.393950728096,1.2348596153134654
4958.433091446927,2.469719230626931
4978.47223216576,0.8232397435423103
4998.511372884592,1.6464794870846207
5018.550513603424,0.8232397435423103
5038.589654322256,1.2348596153134654
5058.628795041089,2.881339102398086
5078.6679357599205,0.41161987177115517
5098.707076478753,1.6464794870846207
5118.746217197585,1.6464794870846207
5138.785357916417,1.6464794870846207
5158.824498635249,1.6464794870846207
5178.863639354081,2.881339102398086
5198.902780072914,1.6464794870846207
5218.941920791745,0.41161987177115517
5238.981061510578,1.2348596153134654
5259.02020222941,1.6464794870846207
5279.059342948242,2.881339102398086
5299.098483667074,2.0580993588557757
5319.137624385906,2.0580993588557757
5339.1767651047385,1.6464794870846207
5359.21590582357,4.116198717711551
5379.255046542403,1.6464794870846207
5399.294187261235,1.6464794870846207
5419.333327980067,3.2929589741692413
5439.372468698899,2.469719230626931
5459.411609417732,3.7045788459403965
5479.450750136563,1.6464794870846207
5499.489890855396,2.469719230626931
5519.529031574228,3.2929589741692413
5539.568172293059,0.41161987177115517
5559.607313011892,0.8232397435423103
5579.646453730724,2.0580993588557757
5599.685594449556,1.6464794870846207
5619.724735168388,1.2348596153134654
5639.763875887221,1.6464794870846207
5659.803016606053,1.6464794870846207
5679.842157324885,0.0
5699.881298043717,1.2348596153134654
5719.920438762549,1.2348596153134654
5739.959579481381,1.2348596153134654
5759.998720200213,1.2348596153134654
5780.037860919046,0.41161987177115517
5800.077001637877,1.6464794870846207
5820.11614235671,0.41161987177115517
5840.155283075542,2.0580993588557757
5860.194423794374,1.6464794870846207
5880.233564513206,2.0580993588557757
5900.272705232039,2.469719230626931
5920.3118459508705,1.6464794870846207
5940.350986669702,3.7045788459403965
5960.390127388535,4.116198717711551
5980.429268107367,2.0580993588557757
6000.468408826199,1.2348596153134654
6020.507549545031,1.6464794870846207
6040.546690263864,0.41161987177115517
6060.585830982695,0.0
6080.624971701528,0.41161987177115517
6100.66411242036,1.2348596153134654
6120.7032531391915,0.41161987177115517
6140.742393858024,2.0580993588557757
6160.781534576856,2.469719230626931
6180.8206752956885,0.8232397435423103
6200.85981601452,2.0580993588557757
6220.898956733353,0.41161987177115517
6240.938097452185,1.2348596153134654
6260.977238171017,0.8232397435423103
6281.016378889849,2.0580993588557757
6301.055519608682,4.527818589482707
6321.094660327513,5.351058333025017
6341.133801046345,6.174298076567328
6361.172941765178,7.820777563651948
6381.212082484009,9.467257050736569
6401.251223202842,8.64401730719426
6421.290363921674,7.820777563651948
6441.3295046405065,5.762678204796172
6461.368645359338,5.351058333025017
6481.407786078171,3.7045788459403965
6501.446926797003,3.7045788459403965
6521.486067515834,3.2929589741692413
6541.525208234667,0.41161987177115517
6561.564348953499,2.469719230626931
6581.603489672331,0.41161987177115517
6601.642630391163,2.0580993588557757
6621.681771109996,0.41161987177115517
6641.720911828827,0.8232397435423103
6661.76005254766,1.6464794870846207
6681.799193266492,1.6464794870846207
6701.8383339853235,0.8232397435423103
6721.877474704156,1.2348596153134654
6741.916615422988,1.6464794870846207
6761.9557561418205,1.6464794870846207
6781.994896860652,1.6464794870846207
6802.034037579485,1.2348596153134654
6822.073178298317,2.469719230626931
6842.112319017149,1.2348596153134654
6862.151459735981,1.2348596153134654
6882.190600454814,2.0580993588557757
6902.229741173645,2.0580993588557757
6922.268881892477,1.2348596153134654
6942.30802261131,1.6464794870846207
6962.3471633301415,1.2348596153134654
6982.386304048974,2.881339102398086
7002.425444767806,0.41161987177115517
7022.4645854866385,2.0580993588557757
7042.50372620547,0.41161987177115517
7062.542866924303,2.881339102398086
7082.582007643135,1.6464794870846207
7102.621148361966,2.0580993588557757
7122.660289080799,2.469719230626931
7142.699429799631,1.2348596153134654
7162.738570518463,2.0580993588557757
7182.777711237295,0.8232397435423103
7202.816851956128,1.2348596153134654
7222.855992674959,1.2348596153134654
7242.895133393792,1.6464794870846207
7262.934274112624,0.8232397435423103
7282.9734148314565,1.6464794870846207
7303.012555550288,1.2348596153134654
7323.05169626912,0.41161987177115517
7343.090836987953,0.0
7363.129977706784,2.0580993588557757
7383.169118425617,1.6464794870846207
7403.208259144449,2.469719230626931
7423.247399863281,2.0580993588557757
7443.286540582113,2.881339102398086
7463.325681300946,3.7045788459403965
7483.364822019777,1.2348596153134654
7503.403962738609,1.6464794870846207
7523.443103457442,0.8232397435423103
7543.4822441762735,2.0580993588557757
7563.521384895106,1.2348596153134654
7583.560525613938,1.2348596153134654
7603.5996663327705,1.2348596153134654
7623.638807051602,0.8232397435423103
7643.677947770435,2.0580993588557757
7663.717088489267,1.2348596153134654
7683.756229208098,2.0580993588557757
7703.795369926931,3.2929589741692413
7723.834510645763,1.6464794870846207
7743.873651364595,4.116198717711551
7763.912792083427,2.881339102398086
7783.95193280226,2.469719230626931
7803.9910735210915,2.881339102398086
7824.030214239924,4.116198717711551
7844.069354958756,6.585917948338483
7864.1084956775885,4.527818589482707
7884.14763639642,5.351058333025017
7904.186777115252,12.348596153134656
7924.225917834085,15.641555127303896
7944.265058552916,20.992613460328915
7964.304199271749,32.51796986992126
7984.343339990581,44.0433262795136
8004.382480709413,50.21762435608093
8024.421621428245,70.79861794463869
8044.460762147078,56.39192243264826
8064.4999028659095,58.861641663275186
8084.539043584741,46.92466538191169
8104.578184303574,37.869028202946275
8124.617325022406,27.16691153689624
8144.656465741238,18.111274357930828
8164.69560646007,11.11373653782119
8184.734747178902,6.997537820109637
8204.773887897734,4.116198717711551
8224.813028616567,2.469719230626931
8244.8521693354,2.469719230626931
8264.89131005423,2.0580993588557757
8284.930450773063,3.7045788459403965
8304.969591491896,3.2929589741692413
8325.008732210727,1.6464794870846207
8345.04787292956,2.469719230626931
8365.087013648392,2.0580993588557757
8385.126154367224,4.527818589482707
8405.165295086055,6.585917948338483
8425.204435804888,5.351058333025017
8445.24357652372,8.64401730719426
8465.282717242553,15.229935255532741
8485.321857961384,27.99015128043855
8505.360998680217,47.336285253682846
8525.40013939905,70.79861794463869
8545.43928011788,106.60954678872919
8565.478420836713,162.58984934960628
8585.517561555545,219.3933916540257
8605.556702274378,253.96946088280274
8625.595842993209,278.66665318907206
8645.634983712042,269.1993961383355
8665.674124430874,238.32790575549885
8685.713265149705,213.21909357745838
8705.752405868538,155.59231152949664
8725.79154658737,108.66764614758496
8745.830687306203,74.09157691880793
8765.869828025034,38.28064807471743
8785.908968743866,18.522894229701983
8805.948109462699,22.639092947413534
8825.987250181532,15.229935255532741
8846.026390900362,13.171835896676965
8866.065531619195,17.28803461438852
8886.104672338028,15.229935255532741
8906.143813056859,15.229935255532741
8926.182953775691,16.05317499907505
8946.222094494524,16.05317499907505
8966.261235213356,9.055637178965414
8986.300375932187,11.9369762813635
9006.33951665102,6.585917948338483
9026.378657369853,4.939438461253862
9046.417798088685,4.116198717711551
9066.456938807516,1.6464794870846207
9086.496079526349,2.0580993588557757
9106.535220245181,2.0580993588557757
9126.574360964012,1.6464794870846207
9146.613501682845,1.6464794870846207
9166.652642401677,2.469719230626931
9186.69178312051,1.6464794870846207
9206.73092383934,0.8232397435423103
9226.770064558174,2.881339102398086
9246.809205277006,2.469719230626931
9266.848345995837,2.881339102398086
9286.88748671467,3.2929589741692413
9306.926627433502,3.2929589741692413
9326.965768152335,6.997537820109637
9347.004908871166,6.585917948338483
9367.044049589998,9.467257050736569
9387.083190308831,9.467257050736569
9407.122331027664,12.348596153134656
9427.161471746494,18.111274357930828
9447.200612465327,25.108812178040466
9467.23975318416,23.873952562727
9487.27889390299,30.459870511065482
9507.318034621823,36.63416858763281
9527.357175340656,35.8109288440905
9547.396316059489,46.513045510140536
9567.43545677832,45.68980576659823
9587.474597497152,50.21762435608093
9607.513738215985,36.63416858763281
9627.552878934817,38.28064807471743
9647.592019653648,28.401771152209708
9667.63116037248,17.699654486159673
9687.670301091313,11.525356409592344
9707.709441810144,9.055637178965414
9727.748582528977,8.232397435423103
9747.78772324781,4.116198717711551
9767.826863966642,3.2929589741692413
9787.866004685473,2.881339102398086
9807.905145404306,3.7045788459403965
9827.944286123138,2.0580993588557757
9847.98342684197,0.8232397435423103
9868.022567560802,0.8232397435423103
9888.061708279634,1.2348596153134654
9908.100848998467,0.0
9928.139989717298,1.2348596153134654
9948.17913043613,0.8232397435423103
9968.218271154963,1.2348596153134654
9988.257411873796,1.2348596153134654
10008.296552592627,1.2348596153134654
10028.33569331146,2.0580993588557757
10048.374834030292,0.0
10068.413974749123,1.2348596153134654
10088.453115467955,0.8232397435423103
10108.492256186788,1.6464794870846207
10128.53139690562,2.0580993588557757
10148.570537624451,1.6464794870846207
10168.609678343284,2.0580993588557757
10188.648819062117,1.2348596153134654
10208.68795978095,2.469719230626931
10228.72710049978,0.8232397435423103
10248.766241218613,1.6464794870846207
10268.805381937445,1.6464794870846207
10288.844522656276,4.527818589482707
10308.883663375109,1.6464794870846207
10328.922804093942,2.469719230626931
10348.961944812774,2.0580993588557757
10369.001085531605,3.7045788459403965
10389.040226250438,2.469719230626931
10409.07936696927,3.2929589741692413
10429.118507688103,4.116198717711551
10449.157648406934,3.7045788459403965
10469.196789125766,4.939438461253862
10489.235929844599,3.7045788459403965
10509.27507056343,2.469719230626931
10529.314211282262,7.820777563651948
10549.353352001095,5.762678204796172
10569.392492719928,4.939438461253862
10589.431633438759,8.232397435423103
10609.470774157591,11.11373653782119
10629.509914876424,13.58345576844812
10649.549055595255,23.873952562727
10669.588196314087,34.98768910054819
10689.62733703292,51.86410384316555
10709.666477751753,65.44755961161367
10729.705618470583,85.61693332840028
10749.744759189416,119.36976281363499
10769.783899908249,159.7085102472082
10789.823040627081,200.87049742432373
10809.862181345912,211.1609942186026
10829.901322064745,240.38600511435462
10849.940462783577,229.27226857653343
10869.979603502408,221.86311088465263
10890.018744221241,176.99654486159673
10910.057884940074,148.59477370938703
10930.097025658906,114.43032435238113
10950.136166377737,81.91235448245988
10970.17530709657,53.09896345847902
10990.214447815402,28.813391023980863
11010.253588534235,19.757753845015447
11030.292729253066,9.878876922507724
11050.331869971898,7.820777563651948
11070.371010690731,7.409157691880793
11090.410151409562,4.527818589482707
11110.449292128395,4.116198717711551
11130.488432847227,3.7045788459403965
11150.52757356606,4.116198717711551
11170.56671428489,4.527818589482707
11190.605855003723,5.762678204796172
11210.644995722556,4.939438461253862
11230.684136441389,6.585917948338483
11250.72327716022,3.2929589741692413
11270.762417879052,6.997537820109637
11290.801558597885,4.527818589482707
11310.840699316715,5.762678204796172
11330.879840035548,3.7045788459403965
11350.91898075438,6.174298076567328
11370.958121473213,4.527818589482707
11390.997262192044,6.997537820109637
11411.036402910877,3.7045788459403965
11431.07554362971,5.762678204796172
11451.11468434854,9.055637178965414
11471.153825067373,10.290496794278878
11491.192965786206,5.762678204796172
11511.232106505038,5.351058333025017
11531.271247223869,7.409157691880793
11551.310387942702,5.762678204796172
11571.349528661534,8.232397435423103
11591.388669380367,9.467257050736569
11611.427810099198,12.348596153134656
11631.46695081803,9.055637178965414
11651.506091536863,13.995075640219275
11671.545232255694,6.174298076567328
11691.584372974527,13.995075640219275
11711.62351369336,11.525356409592344
11731.662654412192,10.702116666050035
11751.701795131023,11.525356409592344
11771.740935849855,9.467257050736569
11791.780076568688,9.055637178965414
11811.81921728752,8.64401730719426
11831.858358006351,6.997537820109637
11851.897498725184,6.997537820109637
11871.936639444017,9.467257050736569
11891.975780162848,9.055637178965414
11912.01492088168,9.878876922507724
11932.054061600513,9.055637178965414
11952.093202319345,8.232397435423103
11972.132343038176,9.878876922507724
11992.171483757009,12.76021602490581
12012.210624475842,13.171835896676965
12032.249765194672,12.348596153134656
12052.288905913505,11.11373653782119
12072.328046632338,9.055637178965414
12092.36718735117,11.11373653782119
12112.406328070001,6.997537820109637
12132.445468788834,7.409157691880793
12152.484609507666,14.406695511990431
12172.523750226499,11.525356409592344
12192.56289094533,11.11373653782119
12212.602031664162,6.585917948338483
12232.641172382995,9.055637178965414
12252.680313101826,11.525356409592344
12272.719453820659,11.525356409592344
12292.758594539491,10.290496794278878
12312.797735258324,12.348596153134656
12332.836875977155,16.87641474261736
12352.876016695987,11.525356409592344
12372.91515741482,13.995075640219275
12392.954298133653,13.171835896676965
12412.993438852483,13.171835896676965
12433.032579571316,20.580993588557757
12453.071720290149,19.757753845015447
12473.11086100898,18.934514101473138
12493.150001727812,20.992613460328915
12513.189142446645,24.69719230626931
12533.228283165477,23.873952562727
12553.267423884308,25.108812178040466
12573.306564603141,23.462332690955844
12593.345705321974,30.048250639294327
12613.384846040806,27.578531408667395
12633.423986759637,31.28311025460779
12653.46312747847,35.399308972319346
12673.502268197302,29.636630767523172
12693.541408916133,34.16444935700588
12713.580549634966,36.63416858763281
12733.619690353798,32.51796986992126
12753.658831072631,27.578531408667395
12773.697971791462,34.98768910054819
12793.737112510295,35.8109288440905
12813.776253229127,44.0433262795136
12833.815393947958,48.571144868996306
12853.85453466679,61.33136089390212
12873.893675385623,76.1496762776637
12893.932816104456,104.13982755810225
12913.971956823287,127.6021602490581
12934.01109754212,174.5268256309698
12954.050238260952,209.51451473151798
12974.089378979785,247.7951628062354
12994.128519698615,264.6715775488528
13014.167660417448,272.0807352407336
13034.20680113628,254.3810807545739
13054.245941855112,235.0349467813296
13074.285082573944,213.63071344922952
13094.324223292777,181.52436345107944
13114.36336401161,132.1299788385408
13134.40250473044,118.54652307009269
13154.441645449273,86.85179294371375
13174.480786168106,67.09403909869829
13194.519926886938,65.85917948338482
13214.559067605769,48.982764740767465
13234.598208324602,48.159524997225155
13254.637349043434,44.45494615128476
13274.676489762265,40.75036730534436
13294.715630481098,39.10388781825974
13314.75477119993,35.8109288440905
13334.793911918763,41.57360704888667
13354.833052637594,31.28311025460779
13374.872193356427,34.16444935700588
13394.91133407526,39.92712756180205
13414.95047479409,44.0433262795136
13434.989615512923,27.578531408667395
13455.028756231755,33.34120961346357
13475.067896950588,43.22008653597129
13495.107037669419,30.871490382836637
13515.146178388251,33.75282948523472
13535.185319107084,32.51796986992126
13555.224459825917,26.755291665125085
13575.263600544748,27.99015128043855
13595.30274126358,20.169373716786602
13615.341881982413,31.694730126378946
13635.381022701244,34.98768910054819
13655.420163420076,31.28311025460779
13675.459304138909,39.10388781825974
13695.498444857742,29.225010895752018
13715.537585576572,25.932051921582776
13735.576726295405,31.28311025460779
13755.615867014238,37.45740833117512
13775.65500773307,36.63416858763281
13795.694148451901,31.28311025460779
13815.733289170734,36.222548715861656
13835.772429889566,29.225010895752018
13855.811570608397,34.57606922877704
13875.85071132723,32.51796986992126
13895.889852046063,36.222548715861656
13915.928992764895,34.16444935700588
13935.968133483726,34.16444935700588
13956.007274202559,37.45740833117512
13976.046414921391,39.92712756180205
13996.085555640224,39.515507690030894
14016.124696359055,37.045788459403965
14036.163837077887,41.98522692065783
14056.20297779672,46.513045510140536
14076.24211851555,55.56868268910595
14096.281259234383,52.68734358670786
14116.320399953216,49.806004484309774
14136.359540672049,51.04086409962324
14156.39868139088,60.919741022130964
14176.437822109712,59.273261535046345
14196.476962828545,52.2757237149367
14216.516103547376,48.982764740767465
14236.555244266208,55.9803025608771
14256.594384985041,46.92466538191169
14276.633525703874,49.39438461253862
14296.672666422704,45.68980576659823
14316.711807141537,45.68980576659823
14336.75094786037,42.80846666420014
14356.790088579202,37.045788459403965
14376.829229298033,36.63416858763281
14396.868370016866,37.45740833117512
14416.907510735698,45.27818589482707
14436.94665145453,37.45740833117512
14456.985792173362,43.22008653597129
14477.024932892195,41.98522692065783
14497.064073611027,48.982764740767465
14517.103214329858,44.45494615128476
14537.14235504869,37.45740833117512
14557.181495767523,49.806004484309774
14577.220636486356,45.27818589482707
14597.259777205187,52.68734358670786
14617.29891792402,38.28064807471743
14637.338058642852,50.21762435608093
14657.377199361683,46.92466538191169
14677.416340080516,48.571144868996306
14697.455480799348,47.747905125454
14717.49462151818,52.68734358670786
14737.533762237012,42.80846666420014
14757.572902955844,51.45248397139439
14777.612043674677,53.09896345847902
14797.651184393508,54.33382307379248
14817.69032511234,46.92466538191169
14837.729465831173,54.74544294556364
14857.768606550006,47.336285253682846
14877.807747268836,48.571144868996306
14897.84688798767,51.86410384316555
14917.886028706502,58.450021791504035
14937.925169425334,67.50565897046944
14957.964310144165,48.982764740767465
14978.003450862998,57.626782047961726
14998.04259158183,51.04086409962324
15018.081732300661,49.39438461253862
15038.120873019494,48.982764740767465
15058.160013738327,56.803542304419416
15078.19915445716,57.21516217619057
15098.23829517599,58.861641663275186
15118.277435894823,59.273261535046345
15138.316576613655,68.32889871401176
15158.355717332488,76.1496762776637
15178.394858051319,82.32397435423103
15198.433998770151,81.91235448245988
15218.473139488984,88.49827243079837
15238.512280207815,101.25848845570417
15258.551420926648,90.14475191788299
15278.59056164548,86.85179294371375
15298.629702364313,94.67257050736569
15318.668843083144,87.67503268725605
15338.707983801976,80.26587499537526
15358.747124520809,67.50565897046944
15378.78626523964,68.32889871401176
15398.825405958472,61.33136089390212
15418.864546677305,68.32889871401176
15438.903687396138,65.85917948338482
15458.942828114969,64.2126999963002
15478.981968833801,58.450021791504035
15499.021109552634,69.56375832932522
15519.060250271466,72.44509743172331
15539.099390990297,74.91481666235023
15559.13853170913,65.85917948338482
15579.177672427963,69.15213845755407
15599.216813146793,83.5588339695445
15619.255953865626,88.0866525590272
15639.295094584459,93.02609102028107
15659.334235303291,93.02609102028107
15679.373376022122,97.55390960976378
15699.412516740955,96.73066986622146
15719.451657459787,103.31658781455995
15739.49079817862,102.49334807101764
15759.52993889745,96.73066986622146
15779.569079616283,97.55390960976378
15799.608220335116,88.49827243079837
15819.647361053947,96.73066986622146
15839.68650177278,77.79615576474832
15859.725642491612,88.90989230256952
15879.764783210445,62.97784038098674
15899.803923929276,75.73805640589255
15919.843064648108,69.97537820109638
15939.882205366941,71.621857688181
15959.921346085774,66.68241922692714
15979.960486804604,83.14721409777334
15999.999627523437,74.91481666235023
16020.03876824227,70.79861794463869
16040.0779089611,67.9172788422406
16060.117049679933,62.97784038098674
16080.156190398766,70.79861794463869
16100.195331117598,74.09157691880793
16120.23447183643,68.74051858578291
16140.273612555262,74.91481666235023
16160.312753274095,69.97537820109638
16180.351893992925,76.1496762776637
16200.391034711758,76.97291602120602
16220.43017543059,60.096501278588654
16240.469316149423,64.2126999963002
16260.508456868254,79.44263525183295
16280.547597587087,83.97045384131566
16300.58673830592,65.03593973984252
16320.625879024752,80.26587499537526
16340.665019743583,80.67749486714641
16360.704160462416,71.621857688181
16380.743301181246,76.1496762776637
16400.78244190008,82.32397435423103
16420.82158261891,70.79861794463869
16440.860723337744,77.38453589297717
16460.899864056577,63.38946025275789
16480.93900477541,79.8542551236041
16500.978145494242,75.3264365341214
16521.01728621307,78.20777563651949
16541.056426931904,83.97045384131566
16561.095567650736,83.5588339695445
16581.13470836957,76.56129614943487
16601.1738490884,84.38207371308681
16621.212989807234,82.73559422600219
16641.252130526067,68.74051858578291
16661.291271244896,85.20531345662911
16681.33041196373,83.14721409777334
16701.36955268256,80.67749486714641
16721.408693401394,76.97291602120602
16741.447834120227,83.14721409777334
16761.48697483906,76.1496762776637
16781.526115557892,76.56129614943487
16801.56525627672,89.73313204611182
16821.604396995554,84.38207371308681
16841.643537714386,80.67749486714641
16861.68267843322,82.73559422600219
16881.72181915205,78.20777563651949
16901.760959870884,82.73559422600219
16921.800100589717,88.0866525590272
16941.83924130855,79.8542551236041
16961.87838202738,78.61939550829064
16981.91752274621,81.50073461068872
17001.956663465044,81.91235448245988
17021.995804183876,81.91235448245988
17042.03494490271,90.14475191788299
17062.07408562154,91.37961153319645
17082.113226340374,88.0866525590272
17102.152367059203,82.32397435423103
17122.191507778036,91.37961153319645
17142.23064849687,88.90989230256952
17162.2697892157,98.37714935330608
17182.308929934534,97.96552948153493
17202.348070653366,86.02855320017143
17222.3872113722,93.84933076382337
17242.426352091028,95.495810250908
17262.46549280986,101.67010832747533
17282.504633528693,111.54898524998305
17302.543774247526,107.02116666050034
17322.58291496636,125.13244101843117
17342.62205568519,121.01624230071963
17362.661196404024,140.36237627396392
17382.700337122853,135.01131794093888
17402.739477841686,149.41801345292933
17422.77861856052,142.83209550459085
17442.81775927935,153.94583204241204
17462.856899998184,143.65533524813316
17482.896040717016,154.76907178595434
17502.93518143585,139.53913653042162
17522.97432215468,134.59969806916774
17543.01346287351,137.06941729979468
17563.052603592343,128.4253999926004
17583.091744311176,113.60708460883883
17603.13088503001,118.95814294186384
17623.17002574884,114.01870448060998
17643.209166467674,115.25356409592345
17663.248307186506,113.60708460883883
17683.287447905335,118.54652307009269
17703.326588624168,99.61200896861955
17723.365729343,128.4253999926004
17743.404870061833,105.37468717341572
17763.444010780666,105.37468717341572
17783.4831514995,108.25602627581381
17803.52229221833,107.84440640404266
17823.56143293716,111.54898524998305
17843.600573655993,110.31412563466958
17863.639714374825,109.07926601935611
17883.678855093658,111.54898524998305
17903.71799581249,104.96306730164457
17923.757136531323,114.01870448060998
17943.796277250156,107.02116666050034
17963.835417968985,117.72328332655037
17983.874558687818,118.95814294186384
18003.91369940665,118.54652307009269
18023.952840125483,132.1299788385408
18043.991980844316,123.8975814031177
18064.03112156315,120.19300255717731
18084.07026228198,126.36730063374463
18104.109403000813,132.1299788385408
18124.148543719642,127.6021602490581
18144.187684438475,142.4204756328197
18164.226825157308,138.71589678687928
18184.26596587614,122.66272178780424
18204.305106594973,119.78138268540616
18224.344247313806,135.01131794093888
18244.38338803264,151.88773268355627
18264.422528751467,133.36483845385428
18284.4616694703,151.4761128117851
18304.500810189133,148.18315383761586
18324.539950907965,164.64794870846205
18344.579091626798,158.47365063189474
18364.61823234563,168.76414742617362
18384.657373064463,172.05710640034286
18404.696513783292,164.64794870846205
18424.735654502125,187.2870416558756
18444.774795220957,195.5194390912987
18464.81393593979,193.8729596042141
18484.853076658623,198.81239806546793
18504.892217377455,225.9793096023642
18524.931358096288,207.4564153726622
18544.970498815117,239.97438524258345
18565.00963953395,263.4367179335393
18585.048780252782,271.6691153689624
18605.087920971615,270.4342557536489
18625.127061690448,308.7149038283664
18645.16620240928,300.48250639294326
18665.205343128113,328.47265767338183
18685.244483846946,338.7631544676607
18705.283624565775,351.11175062079536
18725.322765284607,384.4529602342589
18745.36190600344,376.632182670607
18765.401046722272,412.4431115146975
18785.440187441105,409.97339228407054
18805.479328159938,449.9005198458726
18825.51846887877,449.9005198458726
18845.5576095976,469.65827369088805
18865.596750316432,509.5854012526901
18885.635891035265,501.76462368903816
18905.675031754097,482.0068698440227
18925.71417247293,474.5977121521419
18945.753313191763,458.54453715306687
18965.792453910595,493.1206063818439
18985.831594629424,461.8374961272361
19005.870735348257,447.8424204870168
19025.90987606709,463.48397561432074
19045.949016785922,434.2589647185687
19065.988157504755,449.9005198458726
19086.027298223587,428.08466664200137
19106.06643894242,406.68043330990133
19126.105579661253,426.0265672831456
19146.14472038008,370.4578845940396
19166.183861098914,376.22056279883583
19186.223001817747,346.9955519030838
19206.26214253658,320.65188010972986
19226.301283255412,321.88673972504336
19246.340423974245,292.2501089575202
19266.379564693078,286.89905062449515
19286.418705411907,267.964536523022
19306.45784613074,264.6715775488528
19326.496986849572,258.9088993440566
19346.536127568404,232.1536076789315
19366.575268287237,230.91874806361804
19386.61440900607,196.34267883484102
19406.653549724902,200.87049742432373
19426.69269044373,190.16838075827368
19446.731831162564,189.34514101473138
19466.770971881397,164.23632883669092
19486.81011260023,172.05710640034286
19506.849253319062,178.64302434868134
19526.888394037895,174.11520575919863
19546.927534756727,156.41555127303897
19566.966675475556,149.00639358115816
19587.00581619439,142.83209550459085
19607.04495691322,144.06695511990432
19627.084097632054,140.77399614573505
19647.123238350887,129.24863973614274
19667.16237906972,142.00885576104852
19687.201519788552,138.30427691510815
19707.240660507385,130.48349935145617
19727.279801226214,134.18807819739658
19747.318941945046,135.01131794093888
19767.35808266388,120.60462242894846
19787.39722338271,121.01624230071963
19807.436364101544,119.78138268540616
19827.475504820377,121.83948204426193
19847.51464553921,125.95568076197348
19867.55378625804,130.89511922322734
19887.59292697687,118.54652307009269
19907.632067695704,123.0743416595754
19927.671208414537,143.65533524813316
19947.71034913337,142.00885576104852
19967.7494898522,138.71589678687928
19987.788630571034,139.53913653042162
20007.827771289863,161.76660960606398
20027.866912008696,158.47365063189474
20047.90605272753,165.05956858023322
20067.94519344636,190.58000063004485
20087.984334165194,172.05710640034286
20108.023474884027,191.81486024535832
20128.06261560286,220.21663139756802
20148.10175632169,222.68635062819496
20168.14089704052,226.39092947413533
20188.180037759354,228.03740896121997
20208.219178478186,214.04233332100068
20228.25831919702,204.16345639849297
20248.29745991585,201.28211729609487
20268.336600634684,202.1053570396372
20288.375741353517,177.40816473336787
20308.414882072346,160.12013011897935
20328.45402279118,149.82963332470047
20348.49316351001,133.77645832562544
20368.532304228844,143.65533524813316
20388.571444947676,120.60462242894846
20408.61058566651,109.90250576289843
20428.64972638534,110.72574550644075
20448.68886710417,109.07926601935611
20468.728007823003,118.13490319832154
20488.767148541836,112.78384486529652
20508.80628926067,106.60954678872919
20528.8454299795,109.90250576289843
20548.884570698334,109.90250576289843
20568.923711417166,109.49088589112728
20588.962852135995,123.48596153134655
20609.001992854828,111.54898524998305
20629.04113357366,108.25602627581381
20649.080274292493,104.5514474298734
20669.119415011326,115.25356409592345
20689.15855573016,129.66025960791387
20709.19769644899,122.25110191603308
20729.23683716782,131.3067390949985
20749.275977886653,122.66272178780424
20769.315118605486,133.36483845385428
20789.35425932432,131.71835896676964
20809.39340004315,121.01624230071963
20829.432540761984,139.95075640219275
20849.471681480816,145.30181473521776
20869.51082219965,158.06203076012358
20889.549962918478,153.12259229886973
20909.58910363731,144.89019486344662
20929.628244356143,151.88773268355627
20949.667385074976,157.65041088835244
20969.70652579381,161.35498973429281
20989.74566651264,153.94583204241204
21009.784807231474,160.94336986252168
21029.823947950303,172.46872627211403
21049.863088669135,157.65041088835244
21069.902229387968,181.11274357930827
21089.9413701068,172.46872627211403
21109.980510825633,169.9990070414871
21130.019651544466,163.82470896491975
21150.0587922633,184.4057025534775
21170.097932982128,167.117667939089
21190.13707370096,177.81978460513903
21210.176214419793,161.35498973429281
21230.215355138625,170.41062691325823
21250.254495857458,161.35498973429281
21270.29363657629,164.23632883669092
21290.332777295123,164.23632883669092
21310.371918013952,163.4130890931486
21330.411058732785,163.82470896491975
21350.450199451618,155.1806916577255
21370.48934017045,154.3574519141832
21390.528480889283,156.0039314012678
21410.567621608116,159.29689037543704
21430.60676232695,146.1250544787601
21450.64590304578,141.18561601750622
21470.68504376461,151.4761128117851
21490.724184483443,144.89019486344662
21510.763325202275,132.1299788385408
21530.802465921108,138.30427691510815
21550.84160663994,134.59969806916774
21570.880747358773,121.42786217249078
21590.919888077606,122.25110191603308
21610.959028796435,135.8345576844812
21630.998169515267,128.01378012082927
21651.0373102341,125.54406089020233
21671.076450952933,118.13490319832154
21691.115591671765,121.42786217249078
21711.154732390598,103.31658781455995
21731.19387310943,114.84194422415229
21751.23301382826,118.54652307009269
21771.272154547092,109.90250576289843
21791.311295265925,93.43771089205222
21811.350435984757,107.43278653227149
21831.38957670359,102.08172819924648
21851.428717422423,121.42786217249078
21871.467858141255,101.25848845570417
21891.506998860084,98.37714935330608
21911.546139578917,109.07926601935611
21931.58528029775,101.25848845570417
21951.624421016582,102.08172819924648
21971.663561735415,109.49088589112728
21991.702702454248,110.72574550644075
22011.74184317308,108.25602627581381
22031.780983891913,96.31904999445031
22051.820124610742,95.90743012267916
22071.859265329575,95.90743012267916
22091.898406048407,109.07926601935611
22111.93754676724,93.84933076382337
22131.976687486072,102.08172819924648
22152.015828204905,83.14721409777334
22172.054968923738,104.13982755810225
22192.094109642567,99.61200896861955
22212.1332503614,89.32151217434067
22232.172391080232,89.32151217434067
22252.211531799065,95.90743012267916
22272.250672517897,88.90989230256952
22292.28981323673,85.61693332840028
22312.328953955563,93.02609102028107
22332.36809467439,89.32151217434067
22352.407235393224,99.61200896861955
22372.446376112057,84.38207371308681
22392.48551683089,95.08419037913684
22412.524657549722,92.6144711485099
22432.563798268555,88.49827243079837
22452.602938987387,77.38453589297717
22472.64207970622,87.67503268725605
22492.68122042505,102.08172819924648
22512.72036114388,90.14475191788299
22532.759501862714,83.97045384131566
22552.798642581547,92.6144711485099
22572.83778330038,98.78876922507725
22592.876924019212,100.43524871216187
22612.916064738045,90.96799166142529
22632.955205456874,111.9606051217542
22652.994346175707,114.01870448060998
22673.03348689454,109.90250576289843
22693.072627613372,105.78630704518687
22713.111768332205,116.07680383946575
22733.150909051037,107.43278653227149
22753.19004976987,99.61200896861955
22773.2291904887,99.61200896861955
22793.26833120753,107.43278653227149
22813.307471926364,96.31904999445031
22833.346612645197,89.73313204611182
22853.38575336403,95.08419037913684
22873.424894082862,92.6144711485099
22893.464034801695,93.43771089205222
22913.503175520524,82.73559422600219
22933.542316239356,96.31904999445031
22953.58145695819,95.08419037913684
22973.62059767702,82.73559422600219
22993.659738395854,82.73559422600219
23013.698879114687,91.37961153319645
23033.73801983352,98.37714935330608
23053.777160552352,81.91235448245988
23073.81630127118,81.50073461068872
23093.855441990014,86.02855320017143
23113.894582708846,96.31904999445031
23133.93372342768,78.61939550829064
23153.97286414651,89.73313204611182
23174.012004865344,84.38207371308681
23194.051145584177,75.3264365341214
23214.090286303006,81.50073461068872
23234.12942702184,96.73066986622146
23254.16856774067,91.7912314049676
23274.207708459504,79.8542551236041
23294.246849178337,83.5588339695445
23314.28598989717,77.79615576474832
23334.325130616002,81.91235448245988
23354.36427133483,76.1496762776637
23374.403412053663,87.67503268725605
23394.442552772496,85.61693332840028
23414.48169349133,75.3264365341214
23434.52083421016,74.50319679057908
23454.559974928994,72.44509743172331
23474.599115647827,86.44017307194258
23494.638256366656,80.26587499537526
23514.67739708549,76.56129614943487
23534.71653780432,75.3264365341214
23554.755678523154,84.38207371308681
23574.794819241986,86.44017307194258
23594.83395996082,86.44017307194258
23614.87310067965,82.32397435423103
23634.912241398484,88.49827243079837
23654.951382117313,75.3264365341214
23674.990522836146,86.02855320017143
23695.02966355498,76.97291602120602
23715.06880427381,79.44263525183295
23735.107944992644,85.61693332840028
23755.147085711476,82.73559422600219
23775.18622643031,80.67749486714641
23795.225367149138,76.97291602120602
23815.26450786797,78.61939550829064
23835.303648586803,77.38453589297717
23855.342789305636,102.90496794278879
23875.38193002447,76.97291602120602
23895.4210707433,79.44263525183295
23915.460211462134,74.50319679057908
23935.499352180963,72.85671730349446
23955.538492899796,77.79615576474832
23975.577633618628,75.3264365341214
23995.61677433746,77.38453589297717
24015.655915056293,86.44017307194258
24035.695055775126,87.67503268725605
24055.73419649396,78.61939550829064
24075.773337212788,85.20531345662911
24095.81247793162,89.73313204611182
24115.851618650453,78.61939550829064
24135.890759369286,74.50319679057908
24155.92990008812,81.91235448245988
24175.96904080695,86.02855320017143
24196.008181525784,88.0866525590272
24216.047322244616,73.67995704703678
24236.086462963445,72.03347755995216
24256.125603682278,76.56129614943487
24276.16474440111,78.20777563651949
24296.203885119943,73.26833717526561
24316.243025838776,71.21023781640984
24336.28216655761,72.44509743172331
24356.32130727644,68.32889871401176
24376.36044799527,76.97291602120602
24396.399588714103,76.97291602120602
24416.438729432935,66.27079935515599
24436.477870151768,68.74051858578291
24456.5170108706,80.67749486714641
24476.556151589433,71.21023781640984
24496.595292308266,87.2634128154849
24516.634433027095,78.20777563651949
24536.673573745928,72.85671730349446
24556.71271446476,72.03347755995216
24576.751855183593,67.9172788422406
24596.790995902425,75.73805640589255
24616.830136621258,77.79615576474832
24636.86927734009,75.3264365341214
24656.90841805892,77.38453589297717
24676.947558777752,74.91481666235023
24696.986699496585,73.67995704703678
24717.025840215418,70.79861794463869
24737.06498093425,81.50073461068872
24757.104121653083,75.73805640589255
24777.143262371916,77.38453589297717
24797.18240309075,81.91235448245988
24817.221543809577,73.26833717526561
24837.26068452841,84.38207371308681
24857.299825247243,76.97291602120602
24877.338965966075,71.21023781640984
24897.378106684908,81.91235448245988
24917.41724740374,78.61939550829064
24937.456388122573,78.20777563651949
24957.495528841402,69.56375832932522
24977.534669560235,64.2126999963002
24997.573810279067,80.67749486714641
25017.6129509979,80.67749486714641
25037.652091716733,81.91235448245988
25057.691232435565,77.38453589297717
25077.730373154398,68.74051858578291
25097.769513873227,78.20777563651949
25117.80865459206,70.38699807286753
25137.847795310892,82.73559422600219
25157.886936029725,73.26833717526561
25177.926076748558,77.38453589297717
25197.96521746739,83.5588339695445
25218.004358186223,79.8542551236041
25238.043498905055,85.20531345662911
25258.082639623884,76.1496762776637
25278.121780342717,70.79861794463869
25298.16092106155,78.61939550829064
25318.200061780382,80.67749486714641
25338.239202499215,66.27079935515599
25358.278343218048,76.97291602120602
25378.31748393688,75.73805640589255
25398.35662465571,71.621857688181
25418.395765374542,79.03101538006179
25438.434906093375,74.09157691880793
25458.474046812207,74.91481666235023
25478.51318753104,69.97537820109638
25498.552328249873,67.9172788422406
25518.591468968705,67.50565897046944
25538.630609687534,69.56375832932522
25558.669750406367,76.56129614943487
25578.7088911252,68.32889871401176
25598.748031844032,72.03347755995216
25618.787172562865,66.27079935515599
25638.826313281697,65.03593973984252
25658.86545400053,70.79861794463869
25678.90459471936,66.68241922692714
25698.94373543819,61.33136089390212
25718.982876157024,69.56375832932522
25739.022016875857,60.919741022130964
25759.06115759469,72.85671730349446
25779.100298313522,73.67995704703678
25799.139439032355,72.85671730349446
25819.178579751187,63.80108012452905
25839.217720470017,67.09403909869829
25859.25686118885,62.97784038098674
25879.29600190768,63.38946025275789
25899.335142626514,69.97537820109638
25919.374283345347,72.03347755995216
25939.41342406418,69.56375832932522
25959.452564783012,62.15460063744443
25979.49170550184,67.50565897046944
25999.530846220674,71.621857688181
26019.569986939507,60.096501278588654
26039.60912765834,66.27079935515599
26059.648268377172,74.50319679057908
26079.687409096005,62.56622050921558
26099.726549814837,56.39192243264826
26119.765690533666,66.68241922692714
26139.8048312525,61.33136089390212
26159.84397197133,51.86410384316555
26179.883112690164,65.44755961161367
26199.922253408997,58.03840191973288
26219.96139412783,65.44755961161367
26240.000534846662,65.03593973984252
26260.03967556549,64.62431986807137
26280.078816284324,64.62431986807137
26300.117957003156,71.621857688181
26320.15709772199,58.861641663275186
26340.19623844082,72.44509743172331
26360.235379159654,65.44755961161367
26380.274519878487,67.9172788422406
26400.31366059732,68.74051858578291
26420.35280131615,72.44509743172331
26440.39194203498,66.27079935515599
26460.431082753814,67.9172788422406
26480.470223472646,65.85917948338482
26500.50936419148,65.85917948338482
26520.54850491031,61.33136089390212
26540.587645629144,58.450021791504035
26560.626786347973,60.096501278588654
26580.665927066806,48.159524997225155
26600.70506778564,54.74544294556364
26620.74420850447,61.33136089390212
26640.783349223304,63.38946025275789
26660.822489942137,60.096501278588654
26680.86163066097,67.9172788422406
26700.9007713798,61.33136089390212
26720.93991209863,62.56622050921558
26740.979052817464,54.74544294556364
26761.018193536296,60.096501278588654
26781.05733425513,55.15706281733479
26801.09647497396,61.33136089390212
26821.135615692794,64.2126999963002
26841.174756411623,58.03840191973288
26861.213897130456,56.39192243264826
26881.25303784929,67.09403909869829
26901.29217856812,55.56868268910595
26921.331319286954,60.919741022130964
26941.370460005786,76.97291602120602
26961.40960072462,62.15460063744443
26981.44874144345,56.39192243264826
27001.48788216228,60.096501278588654
27021.527022881113,48.982764740767465
27041.566163599946,56.39192243264826
27061.60530431878,61.33136089390212
27081.64444503761,58.861641663275186
27101.683585756444,59.273261535046345
27121.722726475276,60.50812115035981
27141.761867194105,64.62431986807137
27161.801007912938,62.97784038098674
27181.84014863177,60.919741022130964
27201.879289350603,57.626782047961726
27221.918430069436,61.33136089390212
27241.95757078827,65.44755961161367
27261.9967115071,56.803542304419416
27282.03585222593,64.2126999963002
27302.074992944763,51.04086409962324
27322.114133663596,52.68734358670786
27342.15327438243,46.92466538191169
27362.19241510126,60.919741022130964
27382.231555820093,60.919741022130964
27402.270696538926,62.56622050921558
27422.309837257755,59.684881406817496
27442.348977976588,46.92466538191169
27462.38811869542,66.68241922692714
27482.427259414253,56.39192243264826
27502.466400133086,68.74051858578291
27522.50554085192,49.806004484309774
27542.54468157075,59.273261535046345
27562.583822289584,53.92220320202133
27582.622963008413,58.03840191973288
27602.662103727245,56.803542304419416
27622.701244446078,55.15706281733479
27642.74038516491,70.79861794463869
27662.779525883743,52.2757237149367
27682.818666602576,52.68734358670786
27702.85780732141,49.39438461253862
27722.896948040237,53.92220320202133
27742.93608875907,57.21516217619057
27762.975229477903,61.33136089390212
27783.014370196735,49.39438461253862
27803.053510915568,56.803542304419416
27823.0926516344,52.2757237149367
27843.131792353233,42.80846666420014
27863.170933072062,55.15706281733479
27883.210073790895,51.86410384316555
27903.249214509728,55.9803025608771
27923.28835522856,46.92466538191169
27943.327495947393,58.450021791504035
27963.366636666226,52.68734358670786
27983.405777385058,51.04086409962324
28003.44491810389,58.450021791504035
28023.48405882272,51.04086409962324
28043.523199541552,49.806004484309774
28063.562340260385,47.336285253682846
28083.601480979218,46.92466538191169
28103.64062169805,50.629244227852084
28123.679762416883,45.68980576659823
28143.718903135716,52.2757237149367
28163.758043854545,49.39438461253862
28183.797184573377,46.513045510140536
28203.83632529221,51.86410384316555
28223.875466011043,58.450021791504035
28243.914606729875,55.15706281733479
28263.953747448708,50.629244227852084
28283.99288816754,48.159524997225155
28304.03202888637,53.92220320202133
28324.071169605202,51.86410384316555
28344.110310324035,53.09896345847902
28364.149451042867,57.626782047961726
28384.1885917617,44.0433262795136
28404.227732480533,57.626782047961726
28424.266873199365,56.39192243264826
28444.306013918194,36.63416858763281
28464.345154637027,55.9803025608771
28484.38429535586,47.336285253682846
28504.423436074692,48.571144868996306
28524.462576793525,50.629244227852084
28544.501717512358,51.04086409962324
28564.54085823119,41.98522692065783
28584.579998950023,46.513045510140536
28604.619139668852,48.982764740767465
28624.658280387684,49.806004484309774
28644.697421106517,46.513045510140536
28664.73656182535,52.2757237149367
28684.775702544182,46.513045510140536
28704.814843263015,46.10142563836938
28724.853983981848,58.861641663275186
28744.893124700677,49.806004484309774
28764.93226541951,44.0433262795136
28784.971406138342,46.92466538191169
28805.010546857175,45.27818589482707
28825.049687576007,49.39438461253862
28845.08882829484,44.86656602305591
28865.127969013673,50.21762435608093
28885.1671097325,48.159524997225155
28905.206250451334,52.2757237149367
28925.245391170167,45.27818589482707
28945.284531889,48.571144868996306
28965.323672607832,48.159524997225155
28985.362813326665,40.75036730534436
29005.401954045497,41.16198717711551
29025.441094764326,50.629244227852084
29045.48023548316,46.10142563836938
29065.51937620199,44.86656602305591
29085.558516920824,49.806004484309774
29105.597657639657,49.39438461253862
29125.63679835849,47.336285253682846
29145.675939077322,49.39438461253862
29165.715079796155,43.63170640774245
29185.754220514984,47.747905125454
29205.793361233817,38.28064807471743
29225.83250195265,43.22008653597129
29245.871642671482,41.57360704888667
29265.910783390314,39.92712756180205
29285.949924109147,48.571144868996306
29305.98906482798,50.629244227852084
29326.02820554681,51.86410384316555
29346.06734626564,48.571144868996306
29366.106486984474,44.45494615128476
29386.145627703307,38.28064807471743
29406.18476842214,45.68980576659823
29426.223909140972,44.86656602305591
29446.263049859805,46.92466538191169
29466.302190578634,41.16198717711551
29486.341331297466,40.75036730534436
29506.3804720163,41.57360704888667
29526.41961273513,36.63416858763281
29546.458753453964,41.16198717711551
29566.497894172797,42.39684679242898
29586.53703489163,43.22008653597129
29606.57617561046,41.16198717711551
29626.61531632929,40.338747433573204
29646.654457048124,38.692267946488585
29666.693597766956,41.98522692065783
29686.73273848579,39.515507690030894
29706.77187920462,37.45740833117512
29726.811019923454,43.63170640774245
29746.850160642287,36.63416858763281
29766.889301361116,44.86656602305591
29786.92844207995,37.869028202946275
29806.96758279878,40.338747433573204
29827.006723517614,48.982764740767465
29847.045864236447,35.8109288440905
29867.08500495528,41.16198717711551
29887.12414567411,37.45740833117512
29907.16328639294,42.80846666420014
29927.202427111773,37.045788459403965
29947.241567830606,41.16198717711551
29967.28070854944,40.75036730534436
29987.31984926827,48.159524997225155
30007.358989987104,40.75036730534436
30027.398130705937,39.92712756180205
30047.437271424766,45.27818589482707
30067.4764121436,43.22008653597129
30087.51555286243,33.34120961346357
30107.554693581264,34.57606922877704
30127.593834300096,36.63416858763281
30147.63297501893,41.98522692065783
30167.67211573776,41.98522692065783
30187.71125645659,44.45494615128476
30207.750397175423,32.51796986992126
30227.789537894256,32.51796986992126
30247.82867861309,31.28311025460779
30267.86781933192,39.92712756180205
30287.906960050754,35.8109288440905
30307.946100769586,37.45740833117512
30327.98524148842,34.57606922877704
30348.024382207248,35.8109288440905
30368.06352292608,47.747905125454
30388.102663644913,41.98522692065783
30408.141804363746,41.16198717711551
30428.18094508258,41.98522692065783
30448.22008580141,34.98768910054819
30468.259226520244,29.636630767523172
30488.298367239073,39.92712756180205
30508.337507957905,38.692267946488585
30528.376648676738,36.63416858763281
30548.41578939557,39.10388781825974
30568.454930114403,36.63416858763281
30588.494070833236,34.98768910054819
30608.53321155207,27.99015128043855
30628.572352270898,39.92712756180205
30648.61149298973,37.45740833117512
30668.650633708563,33.34120961346357
30688.689774427396,37.869028202946275
30708.72891514623,32.51796986992126
30728.76805586506,33.75282948523472
30748.807196583894,36.63416858763281
30768.846337302723,32.92958974169241
30788.885478021555,34.57606922877704
30808.924618740388,34.57606922877704
30828.96375945922,31.694730126378946
30849.002900178053,31.694730126378946
30869.042040896886,37.869028202946275
30889.08118161572,36.63416858763281
30909.12032233455,34.57606922877704
30929.15946305338,39.515507690030894
30949.198603772213,39.10388781825974
30969.237744491045,33.75282948523472
30989.276885209878,30.048250639294327
31009.31602592871,42.80846666420014
31029.355166647543,38.28064807471743
31049.394307366376,37.045788459403965
31069.433448085205,34.16444935700588
31089.472588804038,21.815853203871225
31109.51172952287,40.338747433573204
31129.550870241703,29.225010895752018
31149.590010960535,34.98768910054819
31169.629151679368,31.694730126378946
31189.6682923982,31.694730126378946
31209.70743311703,25.52043204981162
31229.746573835862,32.92958974169241
31249.785714554695,32.1063499981501
31269.824855273528,31.28311025460779
31289.86399599236,27.99015128043855
31309.903136711193,29.636630767523172
31329.942277430026,35.399308972319346
31349.98141814886,31.28311025460779
31370.020558867687,35.8109288440905
31390.05969958652,29.636630767523172
31410.098840305352,28.401771152209708
31430.137981024185,34.57606922877704
31450.177121743018,30.048250639294327
31470.21626246185,27.99015128043855
31490.255403180683,32.51796986992126
31510.294543899512,35.8109288440905
31530.333684618345,35.8109288440905
31550.372825337177,29.636630767523172
31570.41196605601,30.871490382836637
31590.451106774843,28.813391023980863
31610.490247493675,28.401771152209708
31630.529388212508,23.462332690955844
31650.568528931337,25.932051921582776
31670.60766965017,34.57606922877704
31690.646810369002,27.99015128043855
31710.685951087835,23.05071281918469
31730.725091806667,31.28311025460779
31750.7642325255,27.99015128043855
31770.803373244333,30.048250639294327
31790.84251396316,27.16691153689624
31810.881654681994,29.225010895752018
31830.920795400827,25.52043204981162
31850.95993611966,35.8109288440905
31870.999076838492,26.34367179335393
31891.038217557325,28.813391023980863
31911.077358276158,24.285572434498153
31931.11649899499,31.694730126378946
31951.15563971382,31.694730126378946
31971.194780432652,28.813391023980863
31991.233921151485,23.05071281918469
32011.273061870317,30.459870511065482
32031.31220258915,35.8109288440905
32051.351343307982,25.52043204981162
32071.390484026815,25.108812178040466
32091.429624745644,23.05071281918469
32111.468765464477,23.05071281918469
32131.50790618331,22.22747307564238
32151.547046902142,25.932051921582776
32171.586187620975,34.57606922877704
32191.625328339807,23.462332690955844
32211.66446905864,30.459870511065482
32231.70360977747,27.16691153689624
32251.7427504963,27.99015128043855
32271.781891215134,25.932051921582776
32291.821031933967,27.16691153689624
32311.8601726528,22.22747307564238
32331.899313371632,27.578531408667395
32351.938454090465,22.639092947413534
32371.977594809294,24.285572434498153
32392.016735528126,28.813391023980863
32412.05587624696,25.932051921582776
32432.09501696579,28.813391023980863
32452.134157684624,25.52043204981162
32472.173298403457,28.401771152209708
32492.21243912229,22.22747307564238
32512.251579841122,23.05071281918469
32532.29072055995,21.40423333210007
32552.329861278784,26.34367179335393
32572.369001997617,25.932051921582776
32592.40814271645,20.169373716786602
32612.447283435282,22.22747307564238
32632.486424154115,25.932051921582776
32652.525564872947,21.40423333210007
32672.564705591776,25.52043204981162
32692.60384631061,24.69719230626931
32712.64298702944,26.34367179335393
32732.682127748274,20.169373716786602
32752.721268467107,22.22747307564238
32772.76040918594,27.16691153689624
32792.799549904776,25.52043204981162
32812.838690623605,23.462332690955844
32832.87783134244,27.16691153689624
32852.91697206127,24.69719230626931
32872.956112780106,21.40423333210007
32892.995253498935,28.813391023980863
32913.034394217764,17.699654486159673
32933.0735349366,22.639092947413534
32953.11267565543,23.462332690955844
32973.151816374266,24.69719230626931
32993.190957093095,25.932051921582776
33013.23009781193,22.639092947413534
33033.26923853076,20.992613460328915
33053.30837924959,20.992613460328915
33073.347519968425,17.699654486159673
33093.386660687254,19.346133973244292
33113.42580140609,18.934514101473138
33133.46494212492,21.40423333210007
33153.504082843756,18.934514101473138
33173.543223562585,19.757753845015447
33193.582364281414,16.87641474261736
33213.62150500025,19.757753845015447
33233.66064571908,18.111274357930828
33253.699786437915,18.111274357930828
33273.738927156744,21.815853203871225
33293.77806787558,15.641555127303896
33313.81720859441,16.05317499907505
33333.85634931324,20.169373716786602
33353.895490032075,16.464794870846205
33373.934630750904,13.995075640219275
33393.97377146974,23.873952562727
33414.01291218857,14.406695511990431
33434.052052907406,20.992613460328915
33454.091193626235,19.346133973244292
33474.13033434506,17.28803461438852
33494.1694750639,12.348596153134656
33514.20861578273,14.818315383761586
33534.247756501565,17.28803461438852
33554.286897220394,20.169373716786602
33574.32603793923,17.699654486159673
33594.36517865806,17.28803461438852
33614.40431937689,20.169373716786602
33634.443460095725,17.699654486159673
33654.482600814554,13.171835896676965
33674.52174153339,16.87641474261736
33694.56088225222,15.641555127303896
33714.600022971055,10.702116666050035
33734.639163689884,17.28803461438852
33754.67830440871,16.05317499907505
33774.71744512755,15.229935255532741
33794.75658584638,13.171835896676965
33814.795726565215,16.05317499907505
33834.834867284044,16.05317499907505
33854.87400800288,16.05317499907505
33874.91314872171,13.58345576844812
33894.952289440545,12.76021602490581
33914.991430159374,17.28803461438852
33935.0305708782,13.58345576844812
33955.06971159704,11.9369762813635
33975.10885231587,9.878876922507724
33995.147993034705,9.055637178965414
34015.187133753534,14.818315383761586
34035.22627447237,12.76021602490581
34055.2654151912,12.76021602490581
34075.30455591003,9.878876922507724
34095.343696628865,11.11373653782119
34115.38283734769,5.762678204796172
34135.42197806653,8.232397435423103
34155.46111878536,10.290496794278878
34175.500259504195,11.11373653782119
34195.539400223024,6.585917948338483
34215.57854094185,10.702116666050035
34235.61768166069,6.997537820109637
34255.65682237952,9.467257050736569
34275.695963098355,11.525356409592344
34295.735103817184,11.11373653782119
34315.77424453602,9.467257050736569
34335.81338525485,9.467257050736569
34355.85252597368,9.055637178965414
34375.891666692514,10.290496794278878
34395.93080741134,9.055637178965414
34415.96994813018,9.055637178965414
34436.00908884901,8.232397435423103
34456.048229567845,9.878876922507724
34476.087370286674,10.702116666050035
34496.1265110055,12.76021602490581
34516.16565172434,7.820777563651948
34536.20479244317,9.467257050736569
34556.243933162004,5.762678204796172
34576.28307388083,13.995075640219275
34596.32221459967,10.290496794278878
34616.3613553185,6.174298076567328
34636.40049603733,7.820777563651948
34656.439636756164,6.997537820109637
34676.47877747499,8.232397435423103
34696.51791819383,11.9369762813635
34716.55705891266,3.2929589741692413
34736.596199631495,9.055637178965414
34756.63534035032,5.351058333025017
34776.67448106915,7.820777563651948
34796.71362178799,5.762678204796172
34816.75276250682,7.409157691880793
34836.791903225654,6.585917948338483
34856.83104394448,7.409157691880793
34876.87018466332,8.232397435423103
34896.90932538215,6.174298076567328
34916.94846610098,8.64401730719426
34936.987606819814,5.762678204796172
34957.02674753864,5.351058333025017
34977.06588825748,6.997537820109637
34997.10502897631,5.762678204796172
35017.144169695144,6.174298076567328
35037.18331041397,3.2929589741692413
35057.22245113281,4.527818589482707
35077.26159185164,4.527818589482707
35097.30073257047,3.2929589741692413
35117.339873289304,4.527818589482707
35137.37901400813,3.7045788459403965
35157.41815472697,2.881339102398086
35177.4572954458,2.881339102398086
35197.496436164634,4.116198717711551
35217.53557688346,2.469719230626931
35237.57471760229,6.174298076567328
35257.61385832113,4.527818589482707
35277.65299903996,4.116198717711551
35297.692139758794,3.7045788459403965
35317.73128047762,4.116198717711551
35337.77042119646,2.881339102398086
35357.80956191529,1.6464794870846207
35377.84870263412,2.881339102398086
35397.88784335295,3.7045788459403965
35417.92698407178,3.7045788459403965
35437.96612479062,5.351058333025017
35458.00526550945,4.939438461253862
35478.044406228284,3.7045788459403965
35498.08354694711,5.351058333025017
35518.12268766594,1.6464794870846207
35538.16182838478,2.881339102398086
35558.20096910361,4.527818589482707
35578.24010982244,4.116198717711551
35598.27925054127,3.2929589741692413
35618.31839126011,2.0580993588557757
35638.35753197894,3.7045788459403965
35658.39667269777,3.2929589741692413
35678.4358134166,1.6464794870846207
35698.47495413543,3.7045788459403965
35718.51409485427,3.2929589741692413
35738.5532355731,1.2348596153134654
35758.592376291934,2.0580993588557757
35778.63151701076,1.2348596153134654
35798.67065772959,2.881339102398086
35818.70979844843,1.6464794870846207
35838.74893916726,3.7045788459403965
35858.78807988609,2.0580993588557757
35878.82722060492,4.939438461253862
35898.86636132376,2.469719230626931
35918.90550204259,1.2348596153134654
35938.94464276142,2.469719230626931
35958.98378348025,2.469719230626931
35979.02292419908,1.6464794870846207
35999.06206491792,3.7045788459403965
36019.10120563675,2.881339102398086
36039.14034635558,2.0580993588557757
36059.17948707441,2.469719230626931
36079.21862779325,1.2348596153134654
36099.25776851208,1.2348596153134654
36119.29690923091,1.2348596153134654
36139.33604994974,2.0580993588557757
36159.37519066857,2.469719230626931
36179.41433138741,0.8232397435423103
36199.45347210624,2.881339102398086
36219.49261282507,2.881339102398086
36239.5317535439,1.6464794870846207
36259.57089426273,2.469719230626931
36279.61003498157,2.469719230626931
36299.6491757004,2.469719230626931
36319.68831641923,0.41161987177115517
36339.72745713806,0.8232397435423103
36359.7665978569,1.6464794870846207
36379.80573857573,2.469719230626931
36399.84487929456,1.6464794870846207
36419.88402001339,0.41161987177115517
36439.92316073222,1.6464794870846207
36459.96230145106,2.0580993588557757
36480.00144216989,4.116198717711551
36500.04058288872,1.2348596153134654
36520.07972360755,1.2348596153134654
36540.11886432638,1.6464794870846207
36560.15800504522,1.2348596153134654
36580.19714576405,0.41161987177115517
36600.23628648288,0.8232397435423103
36620.27542720171,1.6464794870846207
36640.31456792055,1.6464794870846207
36660.35370863938,0.8232397435423103
36680.392849358206,2.0580993588557757
36700.43199007704,0.41161987177115517
36720.47113079587,1.2348596153134654
36740.51027151471,1.2348596153134654
36760.54941223354,1.6464794870846207
36780.58855295237,1.6464794870846207
36800.6276936712,1.2348596153134654
36820.66683439003,0.8232397435423103
36840.70597510887,2.0580993588557757
36860.745115827696,2.0580993588557757
36880.78425654653,0.41161987177115517
36900.82339726536,0.0
36920.8625379842,0.41161987177115517
36940.90167870303,1.2348596153134654
36960.940819421856,1.2348596153134654
36980.97996014069,1.2348596153134654
37001.01910085952,1.2348596153134654
37021.05824157836,0.41161987177115517
37041.09738229719,0.8232397435423103
37061.13652301602,0.8232397435423103
37081.17566373485,1.6464794870846207
37101.21480445368,0.0
37121.25394517252,0.41161987177115517
37141.293085891346,2.0580993588557757
37161.33222661018,0.41161987177115517
37181.37136732901,0.8232397435423103
37201.41050804785,0.41161987177115517
37221.44964876668,0.8232397435423103
37241.48878948551,1.2348596153134654
37261.52793020434,0.8232397435423103
37281.56707092317,0.8232397435423103
37301.60621164201,0.41161987177115517
37321.645352360836,0.41161987177115517
37341.68449307967,0.8232397435423103
37361.7236337985,1.2348596153134654
37381.76277451734,0.0
37401.80191523617,0.41161987177115517
37421.841055954996,2.0580993588557757
37441.88019667383,1.2348596153134654
37461.91933739266,0.8232397435423103
37481.9584781115,0.41161987177115517
37501.997618830326,0.41161987177115517
37522.03675954916,0.41161987177115517
37542.07590026799,0.41161987177115517
37562.11504098682,0.41161987177115517
37582.15418170566,0.41161987177115517
37602.193322424486,1.2348596153134654
37622.23246314332,0.41161987177115517
37642.27160386215,0.8232397435423103
37662.31074458099,1.6464794870846207
37682.34988529982,0.41161987177115517
37702.389026018645,0.41161987177115517
37722.42816673748,0.0
37742.46730745631,0.8232397435423103
37762.50644817515,0.41161987177115517
37782.545588893976,0.41161987177115517
37802.58472961281,0.41161987177115517
37822.62387033164,0.41161987177115517
37842.66301105047,1.2348596153134654
37862.70215176931,1.6464794870846207
37882.741292488136,0.41161987177115517
37902.78043320697,0.41161987177115517
37922.8195739258,1.2348596153134654
37942.85871464464,1.2348596153134654
37962.897855363466,1.2348596153134654
37982.936996082295,0.41161987177115517
38002.97613680113,0.0
38023.01527751996,0.41161987177115517
38043.0544182388,0.8232397435423103
38063.093558957626,0.0
38083.13269967646,0.8232397435423103
38103.17184039529,0.41161987177115517
38123.21098111412,0.41161987177115517
38143.250121832956,0.41161987177115517
38163.289262551785,1.2348596153134654
38183.32840327062,1.6464794870846207
38203.36754398945,0.41161987177115517
38223.40668470829,0.41161987177115517
38243.445825427116,0.41161987177115517
38263.48496614595,0.8232397435423103
38283.52410686478,0.0
38303.56324758361,0.0
38323.602388302446,1.2348596153134654
38343.641529021275,1.6464794870846207
38363.68066974011,0.0
38383.71981045894,0.41161987177115517
38403.75895117778,1.6464794870846207
38423.798091896606,0.0
38443.837232615435,0.8232397435423103
38463.87637333427,0.0
38483.9155140531,0.0
38503.95465477194,0.0
38523.993795490765,0.41161987177115517
38544.0329362096,0.8232397435423103
38564.07207692843,0.0
38584.11121764726,0.0
38604.150358366096,0.41161987177115517
38624.189499084925,0.0
38644.22863980376,0.8232397435423103
38664.26778052259,1.6464794870846207
38684.30692124143,0.41161987177115517
38704.346061960256,0.0
38724.385202679085,0.41161987177115517
38744.42434339792,0.0
38764.46348411675,0.0
38784.502624835586,1.2348596153134654
38804.541765554415,0.41161987177115517
38824.58090627325,0.8232397435423103
38844.62004699208,0.0
38864.65918771091,0.41161987177115517
38884.698328429746,0.41161987177115517
38904.737469148575,0.41161987177115517
38924.77660986741,0.41161987177115517
38944.81575058624,0.41161987177115517
38964.854891305076,1.6464794870846207
38984.894032023905,0.41161987177115517
39004.933172742734,0.41161987177115517
39024.97231346157,0.0
39045.0114541804,0.41161987177115517
39065.050594899236,0.41161987177115517
39085.089735618065,0.0
39105.1288763369,0.0
39125.16801705573,0.41161987177115517
39145.20715777456,0.41161987177115517
39165.246298493395,0.0
39185.285439212224,0.0
39205.32457993106,0.0
39225.36372064989,0.0
39245.402861368726,0.0
39265.442002087555,0.0
39285.481142806384,0.41161987177115517
39305.52028352522,0.41161987177115517
39325.55942424405,0.41161987177115517
39345.598564962886,0.41161987177115517
39365.637705681715,0.0
39385.67684640055,0.41161987177115517
39405.71598711938,0.0
39425.755127838216,0.41161987177115517
39445.794268557045,0.0
39465.833409275874,0.41161987177115517
39485.87254999471,0.41161987177115517
39505.91169071354,0.41161987177115517
39525.950831432376,0.0
39545.989972151205,0.41161987177115517
39566.02911287004,0.41161987177115517
39586.06825358887,0.0
39606.1073943077,0.41161987177115517
39626.146535026535,1.2348596153134654
39646.185675745364,0.8232397435423103
39666.2248164642,0.0
39686.26395718303,2.0580993588557757
39706.303097901866,0.41161987177115517
39726.342238620695,0.0
39746.381379339524,0.8232397435423103
39766.42052005836,0.0
39786.45966077719,0.0
39806.498801496025,0.41161987177115517
39826.537942214854,0.41161987177115517
39846.57708293369,0.8232397435423103
39866.61622365252,0.0
39886.65536437135,0.41161987177115517
39906.694505090185,0.0
39926.733645809014,1.2348596153134654
39946.77278652785,0.41161987177115517
39966.81192724668,0.0
39986.851067965516,0.0
40006.890208684345,0.0
40026.92934940317,1.2348596153134654
40046.96849012201,0.41161987177115517
40067.00763084084,0.0
40087.046771559675,0.41161987177115517
40107.085912278504,0.0
40127.12505299734,0.41161987177115517
40147.16419371617,0.41161987177115517
40167.203334435,0.0
40187.242475153835,0.41161987177115517
40207.281615872664,0.0
40227.3207565915,0.0
40247.35989731033,0.41161987177115517
40267.399038029165,0.41161987177115517
40287.438178747994,0.0
40307.47731946682,0.0
40327.51646018566,0.0
40347.55560090449,0.0
40367.594741623325,0.8232397435423103
40387.633882342154,0.41161987177115517
40407.67302306099,1.2348596153134654
40427.71216377982,0.0
40447.75130449865,0.8232397435423103
40467.790445217484,0.0
40487.82958593631,1.2348596153134654
40507.86872665515,0.0
40527.90786737398,0.0
40547.947008092815,0.41161987177115517
40567.986148811644,0.0
40588.02528953048,0.0
40608.06443024931,0.0
40628.10357096814,0.0
40648.142711686975,0.0
40668.1818524058,0.0
40688.22099312464,0.0
40708.26013384347,0.0
40728.299274562305,0.0
40748.338415281134,0.0
40768.37755599996,0.41161987177115517
40788.4166967188,0.0
40808.45583743763,0.0
40828.494978156465,0.41161987177115517
40848.534118875294,0.41161987177115517
40868.57325959413,0.8232397435423103
40888.61240031296,0.0
40908.65154103179,0.0
40928.690681750624,0.41161987177115517
40948.72982246945,0.0
40968.76896318829,0.0
40988.80810390712,0.41161987177115517
41008.847244625955,0.0
