Energy (keV),Intensity (CPS)
-11.340946035124064,0.0
8.69908695427799,0.0
28.739119943680045,0.0
48.7791529330821,0.0
68.81918592248415,0.0
88.8592189118862,0.0
108.89925190128827,0.0
128.93928489069032,0.0
148.97931788009237,0.0
169.01935086949442,0.0
189.05938385889647,0.0
209.09941684829852,0.0
229.1394498377006,0.0
249.17948282710265,0.0
269.21951581650467,0.0
289.2595488059067,0.0
309.29958179530877,0.0
329.3396147847108,0.3845763951391013
349.37964777411287,0.0
369.4196807635149,0.3845763951391013
389.45971375291697,0.7691527902782026
409.499746742319,0.0
429.53977973172107,0.0
449.5798127211231,0.7691527902782026
469.6198457105252,0.7691527902782026
489.6598786999273,0.3845763951391013
509.6999116893293,1.5383055805564052
529.7399446787314,1.5383055805564052
549.7799776681335,1.153729185417304
569.8200106575355,1.153729185417304
589.8600436469376,1.9228819756955065
609.9000766363396,1.9228819756955065
629.9401096257417,2.307458370834608
649.9801426151438,3.0766111611128104
670.0201756045458,2.692034765973709
690.0602085939479,0.3845763951391013
710.1002415833499,1.5383055805564052
730.140274572752,4.614916741669216
750.180307562154,2.692034765973709
770.2203405515561,2.307458370834608
790.2603735409581,1.5383055805564052
810.3004065303602,0.3845763951391013
830.3404395197622,2.307458370834608
850.3804725091643,5.384069531947418
870.4205054985663,6.537798717364722
890.4605384879684,9.614409878477533
910.5005714773704,10.768139063894836
930.5406044667725,24.997465684041586
950.5806374561746,27.689500450015295
970.6206704455766,23.84373649862428
990.6607034349787,13.844750225007648
1010.7007364243807,5.76864592708652
1030.7407694137828,8.076104297921127
1050.780802403185,10.768139063894836
1070.8208353925868,14.61390301528585
1090.860868381989,19.228819756955065
1110.900901371391,16.152208595842254
1130.940934360793,13.075597434729444
1150.980967350195,9.229833483338432
1171.021000339597,8.076104297921127
1191.0610333289992,16.152208595842254
1211.1010663184013,9.614409878477533
1231.1410993078032,14.99847941042495
1251.1811322972053,9.229833483338432
1271.2211652866074,6.153222322225621
1291.2611982760095,6.153222322225621
1311.3012312654116,6.922375112503824
1331.3412642548135,5.384069531947418
1351.3812972442156,2.692034765973709
1371.4213302336177,6.153222322225621
1391.4613632230198,5.76864592708652
1411.5013962124217,4.999493136808317
1431.5414292018238,9.229833483338432
1451.581462191226,9.998986273616634
1471.621495180628,11.53729185417304
1491.66152817003,9.614409878477533
1511.701561159432,8.84525708819933
1531.741594148834,6.922375112503824
1551.7816271382362,8.460680693060228
1571.821660127638,2.692034765973709
1591.8616931170402,4.614916741669216
1611.9017261064423,3.845763951391013
1631.9417590958444,4.614916741669216
1651.9817920852465,7.306951507642925
1672.0218250746484,13.075597434729444
1692.0618580640505,25.766618474319788
1712.1018910534526,36.91933393335373
1732.1419240428547,47.68747299724856
1752.1819570322566,44.22628544099665
1772.2219900216587,30.766111611128103
1792.2620230110608,16.921361386120456
1812.302056000463,11.152715459033939
1832.3420889898648,8.076104297921127
1852.382121979267,6.153222322225621
1872.422154968669,9.998986273616634
1892.4621879580711,8.460680693060228
1912.5022209474732,8.076104297921127
1932.542253936875,6.922375112503824
1952.5822869262772,15.767632200703153
1972.6223199156793,23.07458370834608
1992.6623529050814,24.997465684041586
2012.7023858944833,28.074076845154394
2032.7424188838854,27.689500450015295
2052.7824518732873,23.45916010348518
2072.8224848626896,22.690007313206976
2092.8625178520915,21.53627812778967
2112.902550841494,23.84373649862428
2132.9425838308957,21.53627812778967
2152.9826168202976,21.920854522928774
2173.0226498097,30.381535215989004
2193.062682799102,26.53577126459799
2213.1027157885037,29.9969588208499
2233.142748777906,20.38254894237237
2253.182781767308,42.687979860440244
2273.2228147567102,47.68747299724856
2293.262847746112,71.14663310073374
2313.302880735514,73.45409147156835
2333.3429137249163,77.68443181809846
2353.382946714318,84.60680693060229
2373.4229797037206,72.30036228615104
2393.4630126931224,61.14764682711711
2413.5030456825243,59.224764851421604
2433.5430786719267,59.224764851421604
2453.5831116613285,48.07204939238766
2473.6231446507304,67.30086914934273
2493.6631776401327,59.6093412465607
2513.7032106295346,69.99290391531643
2533.743243618937,82.29934855976768
2553.783276608339,91.14460564796701
2573.8233095977407,111.52715459033938
2593.863342587143,196.13396152094165
2613.903375576545,311.12230366753295
2633.9434085659473,618.0142669885358
2653.983441555349,1044.8940655929382
2674.023474544751,1485.6186144223484
2694.0635075341534,1630.2193389946503
2714.1035405235552,1447.5455513035772
2734.143573512957,1064.1228853498933
2754.1836065023595,721.4653172809541
2774.2236394917613,571.8650995718436
2794.2636724811637,687.6225945087132
2814.3037054705655,836.0690830324062
2834.3437384599674,950.2882723887193
2854.3837714493698,823.3780619928159
2874.4238044387716,741.0787134330482
2894.463837428174,621.8600309399268
2914.503870417576,644.1654618579947
2934.5439034069777,728.0031159983188
2954.58393639638,770.691095858759
2974.623969385782,700.3136155483035
2994.664002375184,532.6383072676553
3014.704035364586,371.50079770437185
3034.744068353988,238.4373649862428
3054.7841013433904,165.36784990981357
3074.8241343327923,129.21766876673803
3094.864167322194,118.44952970284321
3114.9042003115965,125.37190481534702
3134.9442333009983,141.90868980632837
3154.9842662904002,163.06039153897896
3175.0242992798026,154.9842872410578
3195.0643322692044,150.36937049938862
3215.104365258607,127.29478679104253
3235.1443982480087,106.91223784867016
3255.1844312374105,93.45206401880162
3275.224464226813,78.45358460837666
3295.2644972162147,103.45105029241824
3315.304530205617,96.14409878477532
3335.344563195019,112.29630738061758
3355.384596184421,121.52614086395602
3375.424629173823,116.52664772714769
3395.464662163225,111.14257819520027
3415.504695152627,99.60528634102724
3435.5447281420293,84.99138332574138
3455.584761131431,83.06850135004588
3475.6247941208335,95.37494599449712
3495.6648271102354,91.91375843824521
3515.7048600996372,89.9908764625497
3535.7448930890396,93.45206401880162
3555.7849260784415,89.6063000674106
3575.824959067844,99.98986273616634
3595.8649920572457,113.06546017089578
3615.9050250466476,123.06444644451241
3635.94505803605,139.98580783063287
3655.9850910254518,146.13903015285848
3676.0251240148536,171.9056486271783
3696.065157004256,168.05988467578726
3716.105189993658,158.06089840217064
3736.14522298306,140.37038422577197
3756.185255972462,140.37038422577197
3776.225288961864,118.8341060979823
3796.2653219512663,117.2958005174259
3816.305354940668,126.14105760562522
3836.3453879300705,114.9883421465913
3856.3854209194724,122.67987004937332
3876.4254539088743,123.83359923479063
3896.4654868982766,118.0649533077041
3916.5055198876785,120.37241167853871
3936.5455528770804,121.14156446881691
3956.5855858664827,128.44851597645984
3976.6256188558846,119.6032588882605
3996.665651845287,130.75597434729445
4016.705684834689,139.21665504035468
4036.7457178240907,140.37038422577197
4056.785750813493,133.06343271812906
4076.825783802895,132.29427992785085
4096.865816792297,132.29427992785085
4116.905849781699,154.9842872410578
4136.945882771101,136.90919666952007
4156.985915760503,137.29377306465918
4177.025948749905,134.60173829868546
4197.065981739307,140.75496062091108
4217.106014728709,136.14004387924186
4237.146047718112,143.4469953868848
4257.186080707514,161.90666235356164
4277.2261136969155,157.67632200703153
4297.266146686317,139.98580783063287
4317.306179675719,153.0614052653623
4337.346212665122,154.59971084591874
4357.386245654524,153.83055805564052
4377.426278643926,154.21513445077963
4397.466311633328,166.52157909523086
4417.50634462273,167.67530828064818
4437.546377612131,166.13700270009176
4457.586410601534,162.29123874870075
4477.626443590936,171.9056486271783
4497.666476580338,169.59819025634368
4517.70650956974,159.21462758758793
4537.746542559142,185.36582245704682
4557.7865755485445,186.51955164246414
4577.826608537946,181.1354821105167
4597.866641527348,181.1354821105167
4617.90667451675,170.75191944176098
4637.946707506152,170.36734304662187
4657.986740495555,174.21310699801288
4678.026773484957,183.44294048135131
4698.066806474359,176.1359889737084
4718.1068394637605,176.1359889737084
4738.146872453162,184.59666966676863
4758.186905442565,196.13396152094165
4778.226938431967,191.51904477927243
4798.266971421369,199.59514907719358
4818.307004410771,199.59514907719358
4838.347037400173,202.67176023830638
4858.3870703895755,201.9026074480282
4878.427103378977,201.51803105288909
4898.467136368379,199.59514907719358
4918.507169357781,215.36278127789672
4938.547202347183,212.67074651192303
4958.587235336585,212.67074651192303
4978.627268325988,210.36328814108842
4998.6673013153895,201.51803105288909
5018.707334304791,218.05481604387043
5038.747367294193,227.66922592234798
5058.787400283595,213.4398993022012
5078.827433272998,227.28464952720887
5098.8674662624,216.13193406817493
5118.907499251802,221.51600360012236
5138.947532241204,218.43939243900954
5158.9875652306055,246.51346928416393
5179.027598220008,232.2841426640172
5199.06763120941,240.74482335707742
5219.107664198812,237.2836358008255
5239.147697188214,253.05126800152865
5259.187730177616,263.4348306702844
5279.227763167019,263.0502542751453
5299.26779615642,290.7397547251606
5319.307829145822,278.43331008070936
5339.347862135224,309.1994216918375
5359.387895124626,313.4297620383676
5379.427928114028,338.04265132727005
5399.467961103431,331.1202762147662
5419.507994092833,345.73417923005206
5439.5480270822345,312.6606092480894
5459.588060071636,303.43077576475093
5479.628093061038,306.5073869258637
5499.668126050441,293.0472130959952
5519.708159039843,275.7412753147356
5539.748192029245,275.7412753147356
5559.788225018647,272.6646641536228
5579.828258008049,279.2024628709875
5599.868290997451,284.20195600779584
5619.908323986853,286.8939907737696
5639.948356976255,284.97110879807406
5659.988389965657,289.9706019348824
5680.028422955059,304.96908134530736
5700.068455944462,303.81535215989004
5720.108488933864,306.5073869258637
5740.148521923265,287.2785671689087
5760.188554912667,309.5839980869765
5780.228587902069,337.27349853699184
5800.268620891472,326.1207830779579
5820.308653880874,318.81383157031496
5840.348686870276,337.65807493213094
5860.388719859678,333.81231098073994
5880.4287528490795,344.96502643977385
5900.468785838481,358.0406238745033
5920.508818827884,353.04113073769497
5940.548851817286,364.19384619672894
5960.588884806688,335.7351929564354
5980.62891779609,332.6585817953226
6000.668950785492,345.34960283491296
6020.7089837748945,344.19587364949564
6040.749016764296,364.57842259186805
6060.789049753698,345.73417923005206
6080.8290827431,349.19536678630396
6100.869115732502,348.42621399602575
6120.909148721905,388.0375826953532
6140.949181711307,373.8082560752065
6160.9892147007085,373.0391032849283
6181.02924769011,374.96198526062375
6201.069280679512,378.4231728168757
6221.109313668915,418.8036943064813
6241.149346658317,402.26690931549996
6261.189379647719,428.41810418495885
6281.229412637121,438.8016668537146
6301.269445626523,489.56575101207596
6321.3094786159245,514.5632166961176
6341.349511605327,523.7930501794559
6361.389544594729,551.8671270246103
6381.429577584131,593.4013776996333
6401.469610573533,579.1720510794866
6421.509643562935,579.5566274746257
6441.549676552338,512.255758325283
6461.5897095417395,461.87625056206065
6481.629742531141,457.64591021553053
6501.669775520543,412.2658955891166
6521.709808509945,358.4252002696424
6541.749841499348,379.19232560715386
6561.78987448875,360.73265864047704
6581.829907478152,368.42418654325905
6601.8699404675535,371.50079770437185
6621.909973456955,387.26842990507504
6641.950006446358,382.2689367682667
6661.99003943576,361.11723503561615
6682.030072425162,373.8082560752065
6702.070105414564,379.9614783974321
6722.110138403966,376.5002908411802
6742.1501713933685,381.1152075828494
6762.19020438277,374.96198526062375
6782.230237372172,376.5002908411802
6802.270270361574,381.1152075828494
6822.310303350976,361.5018114307552
6842.350336340378,381.1152075828494
6862.390369329781,393.4216522273006
6882.430402319183,369.9624921238155
6902.4704353085845,364.96299898700715
6922.510468297986,401.88233292036085
6942.550501287388,372.65452688978917
6962.590534276791,366.88588096270263
6982.630567266193,378.4231728168757
7002.670600255595,416.1116595405076
7022.710633244997,414.9579303550903
7042.7506662343985,393.4216522273006
7062.790699223801,366.1167281724244
7082.830732213203,404.5743676863346
7102.870765202605,380.3460547925712
7122.910798192007,369.9624921238155
7142.950831181409,366.5013045675635
7162.990864170812,371.88537409951095
7183.0308971602135,346.5033320203303
7203.070930149615,344.58045004463474
7223.110963139017,362.2709642210334
7243.150996128419,340.35010969810463
7263.191029117821,380.3460547925712
7283.231062107224,364.19384619672894
7303.271095096626,353.04113073769497
7323.311128086028,361.8863878258943
7343.351161075429,338.81180411754826
7363.391194064831,341.11926248838284
7383.431227054234,352.2719779474168
7403.471260043636,343.4267208592175
7423.511293033038,350.3490959717213
7443.55132602244,331.8894290050444
7463.591359011842,346.5033320203303
7483.631392001244,335.35061656129636
7503.671424990646,353.4257071328341
7523.711457980048,336.1197693515745
7543.75149096945,332.2740054001835
7563.791523958852,324.1979011022624
7583.831556948255,345.73417923005206
7603.871589937657,323.4287483119842
7623.9116229270585,325.7362066828188
7643.95165591646,316.5063731994804
7663.991688905862,322.2750191265669
7684.031721895265,332.2740054001835
7704.071754884667,295.3546714668298
7724.111787874069,317.2755259897586
7744.151820863471,314.58349122378485
7764.191853852873,309.5839980869765
7784.231886842274,313.4297620383676
7804.271919831677,310.35315087725473
7824.311952821079,304.19992855502915
7844.351985810481,299.96958820849903
7864.392018799883,314.58349122378485
7884.432051789285,288.43229635432596
7904.4720847786875,284.20195600779584
7924.512117768089,308.81484529669837
7944.552150757491,271.1263585730664
7964.592183746893,297.2775534425253
7984.632216736295,306.1228105307246
8004.672249725698,289.9706019348824
8024.7122827151,307.66111611128105
8044.752315704502,309.9685744821156
8064.7923486939035,297.6621298376644
8084.832381683305,294.9700950716907
8104.872414672708,291.8934839105779
8124.91244766211,298.0467062328035
8144.952480651512,304.96908134530736
8164.992513640914,267.6651710168145
8185.032546630316,251.89753881611136
8205.072579619717,271.8955113633446
8225.112612609119,260.3582195091716
8245.15264559852,266.8960182265363
8265.192678587924,263.0502542751453
8285.232711577326,265.3577126459799
8305.272744566728,272.6646641536228
8325.31277755613,249.59008044527675
8345.352810545532,259.20449032375427
8365.392843534933,270.7417821779273
8385.432876524335,245.74431649388572
8405.472909513737,269.58805299251003
8425.51294250314,238.82194138138192
8445.552975492541,251.89753881611136
8465.593008481943,251.89753881611136
8485.633041471347,253.82042079180687
8505.673074460748,265.742289041119
8525.71310745015,254.58957358208505
8545.753140439552,226.13092034179155
8565.793173428954,252.66669160638955
8585.833206418356,244.97516370360754
8605.873239407758,233.4378718494345
8625.91327239716,242.66770533277293
8645.953305386562,241.8985525424947
8665.993338375964,225.36176755151337
8686.033371365367,252.28211521125044
8706.073404354769,239.206517776521
8726.113437344171,234.2070246397127
8746.153470333573,217.28566325359225
8766.193503322975,210.36328814108842
8786.233536312377,204.59464221400188
8806.273569301778,192.67277396468975
8826.31360229118,199.9797254723327
8846.353635280582,201.13345465774998
8866.393668269984,200.74887826261087
8886.433701259386,196.90311431121987
8906.47373424879,188.05785722302053
8926.513767238192,189.98073919871604
8946.553800227593,187.67328082788143
8966.593833216995,178.8280237396821
8986.633866206397,177.2897181591257
9006.6738991958,165.36784990981357
9026.713932185201,167.29073188550908
9046.753965174603,162.67581514383986
9066.793998164005,163.44496793411804
9086.834031153407,148.4464885236931
9106.87406414281,164.98327351467447
9126.914097132212,155.36886363619692
9146.954130121614,149.98479410424952
9166.994163111016,142.29326620146747
9187.034196100418,140.75496062091108
9207.07422908982,146.9081829431367
9227.114262079222,133.44800911326814
9247.154295068623,128.83309237159892
9267.194328058025,141.5241134111893
9287.234361047427,128.83309237159892
9307.274394036831,115.75749493686949
9327.314427026233,117.2958005174259
9347.354460015635,118.44952970284321
9367.394493005037,117.2958005174259
9387.434525994438,100.75901552644454
9407.47455898384,89.6063000674106
9427.514591973242,99.22070994588813
9447.554624962644,90.3754528576888
9467.594657952046,95.37494599449712
9487.634690941448,84.22223053546318
9507.67472393085,86.9142653014369
9527.714756920253,76.53070263268116
9547.754789909655,81.14561937435037
9567.794822899057,71.91578589101195
9587.834855888459,70.76205670559465
9607.874888877861,56.53273008544789
9627.914921867263,62.30137601253441
9647.954954856665,55.37900090003059
9667.994987846067,54.994424504891484
9688.035020835468,44.610861836135754
9708.07505382487,45.38001462641395
9728.115086814274,43.84170904585755
9748.155119803676,38.84221590904923
9768.195152793078,31.535264401406305
9788.23518578248,34.996451957658216
9808.275218771882,39.611368699327436
9828.315251761283,33.84272277224091
9848.355284750685,29.2278060305717
9868.395317740087,29.9969588208499
9888.435350729489,24.22831289376338
9908.475383718891,22.690007313206976
9928.515416708293,19.997972547233267
9948.555449697697,20.38254894237237
9968.595482687098,18.07509057153776
9988.6355156765,13.460173829868545
10008.675548665902,12.306444644451242
10028.715581655304,12.691021039590343
10048.755614644706,11.53729185417304
10068.795647634108,10.383562668755735
10088.83568062351,12.306444644451242
10108.875713612912,7.691527902782026
10128.915746602313,9.229833483338432
10148.955779591717,6.537798717364722
10168.995812581119,4.230340346530114
10189.03584557052,4.230340346530114
10209.075878559923,4.999493136808317
10229.115911549325,3.461187556251912
10249.155944538727,6.537798717364722
10269.195977528128,3.461187556251912
10289.23601051753,2.692034765973709
10309.276043506932,1.153729185417304
10329.316076496334,1.5383055805564052
10349.356109485736,2.307458370834608
10369.39614247514,1.153729185417304
10389.436175464542,1.5383055805564052
10409.476208453943,1.9228819756955065
10429.516241443345,1.5383055805564052
10449.556274432747,1.5383055805564052
10469.596307422149,1.9228819756955065
10489.636340411551,3.0766111611128104
10509.676373400953,1.5383055805564052
10529.716406390355,2.692034765973709
10549.756439379757,1.5383055805564052
10569.79647236916,1.5383055805564052
10589.836505358562,1.9228819756955065
10609.876538347964,0.7691527902782026
10629.916571337366,1.153729185417304
10649.956604326768,1.153729185417304
10669.99663731617,0.7691527902782026
10690.036670305572,0.7691527902782026
10710.076703294973,2.692034765973709
10730.116736284375,0.3845763951391013
10750.156769273777,1.153729185417304
10770.196802263179,1.153729185417304
10790.236835252583,1.153729185417304
10810.276868241985,2.307458370834608
10830.316901231387,0.3845763951391013
10850.356934220788,1.9228819756955065
10870.39696721019,1.5383055805564052
10890.437000199592,1.153729185417304
10910.477033188994,1.9228819756955065
10930.517066178396,1.5383055805564052
10950.557099167798,2.307458370834608
10970.5971321572,3.461187556251912
10990.637165146603,0.7691527902782026
11010.677198136005,2.307458370834608
11030.717231125407,1.153729185417304
11050.757264114809,1.5383055805564052
11070.79729710421,2.692034765973709
11090.837330093613,0.3845763951391013
11110.877363083015,1.5383055805564052
11130.917396072417,1.9228819756955065
11150.957429061818,0.3845763951391013
11170.99746205122,1.9228819756955065
11191.037495040622,1.5383055805564052
11211.077528030026,0.3845763951391013
11231.117561019428,1.153729185417304
11251.15759400883,1.153729185417304
11271.197626998231,0.0
11291.237659987633,1.9228819756955065
11311.277692977035,1.153729185417304
11331.317725966437,1.5383055805564052
11351.357758955839,0.7691527902782026
11371.39779194524,3.0766111611128104
11391.437824934643,1.153729185417304
11411.477857924046,2.692034765973709
11431.517890913448,1.9228819756955065
11451.55792390285,1.9228819756955065
11471.597956892252,0.3845763951391013
11491.637989881654,1.153729185417304
11511.678022871056,1.9228819756955065
11531.718055860458,0.7691527902782026
11551.75808884986,0.7691527902782026
11571.798121839262,1.153729185417304
11591.838154828663,1.153729185417304
11611.878187818067,1.5383055805564052
11631.918220807469,1.153729185417304
11651.95825379687,1.9228819756955065
11671.998286786273,1.153729185417304
11692.038319775675,1.153729185417304
11712.078352765076,1.9228819756955065
11732.118385754478,1.5383055805564052
11752.15841874388,1.5383055805564052
11772.198451733282,0.3845763951391013
11792.238484722684,2.307458370834608
11812.278517712086,0.7691527902782026
11832.31855070149,2.307458370834608
11852.358583690891,1.5383055805564052
11872.398616680293,1.153729185417304
11892.438649669695,1.153729185417304
11912.478682659097,1.153729185417304
11932.518715648499,1.9228819756955065
11952.5587486379,1.153729185417304
11972.598781627303,1.5383055805564052
11992.638814616705,0.3845763951391013
12012.678847606107,0.7691527902782026
12032.71888059551,0.7691527902782026
12052.758913584912,0.3845763951391013
12072.798946574314,1.153729185417304
12092.838979563716,1.153729185417304
12112.879012553118,1.153729185417304
12132.91904554252,0.7691527902782026
12152.959078531921,1.9228819756955065
12172.999111521323,0.0
12193.039144510725,1.153729185417304
12213.079177500127,1.5383055805564052
12233.119210489529,0.7691527902782026
12253.159243478933,1.5383055805564052
12273.199276468335,0.0
12293.239309457736,1.9228819756955065
12313.279342447138,0.7691527902782026
12333.31937543654,2.692034765973709
12353.359408425942,0.3845763951391013
12373.399441415344,1.153729185417304
12393.439474404746,1.153729185417304
12413.479507394148,0.3845763951391013
12433.51954038355,0.3845763951391013
12453.559573372953,0.7691527902782026
12473.599606362355,0.7691527902782026
12493.639639351757,3.461187556251912
12513.679672341159,1.153729185417304
12533.71970533056,1.153729185417304
12553.759738319963,1.9228819756955065
12573.799771309365,0.3845763951391013
12593.839804298766,0.7691527902782026
12613.879837288168,0.3845763951391013
12633.91987027757,1.5383055805564052
12653.959903266972,0.3845763951391013
12673.999936256376,0.3845763951391013
12694.039969245778,1.9228819756955065
12714.08000223518,0.0
12734.120035224581,1.9228819756955065
12754.160068213983,1.5383055805564052
12774.200101203385,1.153729185417304
12794.240134192787,1.153729185417304
12814.280167182189,1.9228819756955065
12834.32020017159,0.7691527902782026
12854.360233160993,0.7691527902782026
12874.400266150396,1.9228819756955065
12894.440299139798,0.7691527902782026
12914.4803321292,1.9228819756955065
12934.520365118602,1.5383055805564052
12954.560398108004,1.153729185417304
12974.600431097406,1.153729185417304
12994.640464086808,0.3845763951391013
13014.68049707621,1.153729185417304
13034.720530065611,1.9228819756955065
13054.760563055013,0.3845763951391013
13074.800596044415,0.3845763951391013
13094.840629033819,0.7691527902782026
13114.88066202322,0.0
13134.920695012623,0.3845763951391013
13154.960728002025,1.153729185417304
13175.000760991426,0.3845763951391013
13195.040793980828,1.5383055805564052
13215.08082697023,1.153729185417304
13235.120859959632,1.153729185417304
13255.160892949034,1.5383055805564052
13275.200925938436,0.7691527902782026
13295.24095892784,1.9228819756955065
13315.280991917241,1.153729185417304
13335.321024906643,2.692034765973709
13355.361057896045,0.7691527902782026
13375.401090885447,1.5383055805564052
13395.441123874849,0.7691527902782026
13415.48115686425,1.9228819756955065
13435.521189853653,1.5383055805564052
13455.561222843055,0.0
13475.601255832456,1.5383055805564052
13495.64128882186,0.7691527902782026
13515.681321811262,1.153729185417304
13535.721354800664,1.5383055805564052
13555.761387790066,0.3845763951391013
13575.801420779468,0.3845763951391013
13595.84145376887,2.307458370834608
13615.881486758271,2.307458370834608
13635.921519747673,1.5383055805564052
13655.961552737075,1.153729185417304
13676.001585726477,1.153729185417304
13696.041618715879,1.5383055805564052
13716.081651705283,0.3845763951391013
13736.121684694685,0.7691527902782026
13756.161717684086,0.3845763951391013
13776.201750673488,1.153729185417304
13796.24178366289,0.0
13816.281816652292,1.153729185417304
13836.321849641694,1.5383055805564052
13856.361882631096,1.5383055805564052
13876.401915620498,0.7691527902782026
13896.4419486099,0.0
13916.481981599303,0.7691527902782026
13936.522014588705,0.3845763951391013
13956.562047578107,1.5383055805564052
13976.602080567509,0.7691527902782026
13996.64211355691,2.307458370834608
14016.682146546313,0.7691527902782026
14036.722179535715,1.9228819756955065
14056.762212525116,1.153729185417304
14076.802245514518,1.153729185417304
14096.84227850392,0.3845763951391013
14116.882311493322,1.153729185417304
14136.922344482726,0.7691527902782026
14156.962377472128,1.153729185417304
14177.00241046153,0.7691527902782026
14197.042443450931,1.153729185417304
14217.082476440333,1.153729185417304
14237.122509429735,1.5383055805564052
14257.162542419137,1.153729185417304
14277.202575408539,1.5383055805564052
14297.24260839794,0.0
14317.282641387343,0.7691527902782026
14337.322674376746,1.153729185417304
14357.362707366148,1.153729185417304
14377.40274035555,0.3845763951391013
14397.442773344952,1.9228819756955065
14417.482806334354,1.153729185417304
14437.522839323756,0.7691527902782026
14457.562872313158,0.7691527902782026
14477.60290530256,0.7691527902782026
14497.642938291961,0.3845763951391013
14517.682971281363,1.153729185417304
14537.723004270765,1.153729185417304
14557.763037260169,1.153729185417304
14577.80307024957,0.7691527902782026
14597.843103238973,0.7691527902782026
14617.883136228374,1.153729185417304
14637.923169217776,0.7691527902782026
14657.963202207178,0.3845763951391013
14678.00323519658,0.7691527902782026
14698.043268185982,2.692034765973709
14718.083301175384,2.307458370834608
14738.123334164786,0.3845763951391013
14758.16336715419,1.153729185417304
14778.203400143591,0.0
14798.243433132993,1.153729185417304
14818.283466122395,1.153729185417304
14838.323499111797,0.3845763951391013
14858.363532101199,1.153729185417304
14878.4035650906,1.5383055805564052
14898.443598080003,0.3845763951391013
14918.483631069405,0.3845763951391013
14938.523664058806,1.9228819756955065
14958.563697048208,0.7691527902782026
14978.603730037612,1.9228819756955065
14998.643763027014,0.7691527902782026
15018.683796016416,1.5383055805564052
15038.723829005818,1.153729185417304
15058.76386199522,1.5383055805564052
15078.803894984621,0.7691527902782026
15098.843927974023,0.0
15118.883960963425,0.3845763951391013
15138.923993952827,0.3845763951391013
15158.964026942229,0.3845763951391013
15179.004059931633,0.0
15199.044092921034,0.3845763951391013
15219.084125910436,1.5383055805564052
15239.124158899838,0.3845763951391013
15259.16419188924,0.3845763951391013
15279.204224878642,0.3845763951391013
15299.244257868044,1.153729185417304
15319.284290857446,0.7691527902782026
15339.324323846848,0.0
15359.36435683625,1.153729185417304
15379.404389825653,1.5383055805564052
15399.444422815055,0.3845763951391013
15419.484455804457,0.7691527902782026
15439.524488793859,0.3845763951391013
15459.56452178326,0.3845763951391013
15479.604554772663,0.3845763951391013
15499.644587762064,0.3845763951391013
15519.684620751466,0.7691527902782026
15539.724653740868,0.7691527902782026
15559.76468673027,0.7691527902782026
15579.804719719672,0.7691527902782026
15599.844752709076,0.7691527902782026
15619.884785698478,0.3845763951391013
15639.92481868788,1.9228819756955065
15659.964851677281,0.3845763951391013
15680.004884666683,0.7691527902782026
15700.044917656085,1.153729185417304
15720.084950645487,0.7691527902782026
15740.124983634889,1.9228819756955065
15760.16501662429,0.0
15780.205049613693,0.7691527902782026
15800.245082603096,0.7691527902782026
15820.285115592498,0.3845763951391013
15840.3251485819,1.153729185417304
15860.365181571302,0.3845763951391013
15880.405214560704,1.153729185417304
15900.445247550106,1.153729185417304
15920.485280539508,0.3845763951391013
15940.52531352891,0.7691527902782026
15960.565346518311,0.0
15980.605379507713,0.3845763951391013
16000.645412497115,0.7691527902782026
16020.685445486519,0.0
16040.72547847592,1.153729185417304
16060.765511465323,1.153729185417304
16080.805544454724,0.3845763951391013
16100.845577444126,0.3845763951391013
16120.885610433528,0.7691527902782026
16140.92564342293,0.3845763951391013
16160.965676412332,0.0
16181.005709401734,0.3845763951391013
16201.045742391136,0.7691527902782026
16221.08577538054,0.0
16241.125808369941,0.0
16261.165841359343,0.3845763951391013
16281.205874348745,0.3845763951391013
16301.245907338147,0.3845763951391013
16321.285940327549,0.3845763951391013
16341.32597331695,0.3845763951391013
16361.366006306353,0.0
16381.406039295754,0.3845763951391013
16401.446072285158,0.3845763951391013
16421.48610527456,0.7691527902782026
16441.526138263962,0.0
16461.566171253362,1.9228819756955065
16481.606204242766,0.3845763951391013
16501.646237232166,0.0
16521.68627022157,0.0
16541.726303210973,1.5383055805564052
16561.766336200373,0.0
16581.806369189777,0.3845763951391013
16601.846402179177,0.0
16621.88643516858,0.3845763951391013
16641.92646815798,0.0
16661.966501147384,0.7691527902782026
16682.006534136784,0.3845763951391013
16702.046567126188,0.7691527902782026
16722.08660011559,0.0
16742.126633104992,0.7691527902782026
16762.166666094396,0.3845763951391013
16782.206699083796,1.153729185417304
16802.2467320732,0.0
16822.2867650626,0.0
16842.326798052003,0.3845763951391013
16862.366831041403,0.3845763951391013
16882.406864030807,0.0
16902.446897020207,0.0
16922.48693000961,0.7691527902782026
16942.52696299901,0.0
16962.566995988414,0.0
16982.607028977818,0.0
17002.647061967218,0.3845763951391013
17022.687094956622,0.0
17042.727127946022,0.3845763951391013
17062.767160935426,0.0
17082.807193924826,0.3845763951391013
17102.84722691423,0.3845763951391013
17122.88725990363,0.0
17142.927292893033,0.0
17162.967325882437,0.0
17183.007358871837,0.0
17203.04739186124,0.3845763951391013
17223.08742485064,0.7691527902782026
17243.127457840044,0.0
17263.167490829444,0.3845763951391013
17283.207523818848,0.0
17303.24755680825,0.0
17323.287589797652,0.0
17343.327622787052,0.0
17363.367655776456,0.3845763951391013
17383.40768876586,0.0
17403.44772175526,0.0
17423.487754744663,0.0
17443.527787734063,0.7691527902782026
17463.567820723467,0.0
17483.607853712867,0.0
17503.64788670227,0.0
17523.68791969167,0.0
17543.727952681074,0.0
17563.767985670474,0.3845763951391013
17583.808018659878,0.0
17603.848051649282,0.0
17623.888084638682,0.0
17643.928117628086,0.3845763951391013
17663.968150617486,0.3845763951391013
17684.00818360689,0.0
17704.04821659629,0.0
17724.088249585693,0.3845763951391013
17744.128282575093,0.0
17764.168315564497,0.3845763951391013
17784.208348553897,0.0
17804.2483815433,0.0
17824.288414532704,0.0
17844.328447522104,0.0
17864.368480511508,0.0
17884.408513500908,0.3845763951391013
17904.448546490312,0.0
17924.488579479712,0.0
17944.528612469116,0.0
17964.568645458516,0.0
17984.60867844792,0.0
18004.648711437323,0.3845763951391013
18024.688744426723,0.3845763951391013
18044.728777416127,0.0
18064.768810405527,0.0
18084.80884339493,0.0
18104.84887638433,0.0
18124.888909373734,0.0
18144.928942363134,0.0
18164.968975352538,0.3845763951391013
18185.009008341938,0.0
18205.049041331342,0.0
18225.089074320746,0.3845763951391013
18245.129107310146,0.0
18265.16914029955,0.0
18285.20917328895,0.0
18305.249206278353,0.0
18325.289239267753,0.0
18345.329272257157,0.0
18365.369305246557,0.3845763951391013
18385.40933823596,0.0
18405.44937122536,0.0
18425.489404214764,0.3845763951391013
18445.529437204168,0.0
18465.569470193568,0.0
18485.609503182972,0.0
18505.649536172372,0.0
18525.689569161776,0.0
18545.729602151176,0.0
18565.76963514058,0.0
18585.80966812998,0.0
18605.849701119383,0.0
18625.889734108787,0.3845763951391013
18645.929767098187,0.0
18665.96980008759,0.0
18686.00983307699,0.0
18706.049866066394,0.0
18726.089899055794,0.0
18746.129932045198,0.7691527902782026
18766.169965034598,0.0
18786.209998024002,0.0
18806.250031013402,0.0
18826.290064002806,0.0
18846.33009699221,0.0
18866.37012998161,0.0
18886.410162971013,0.3845763951391013
18906.450195960413,0.3845763951391013
18926.490228949817,0.0
18946.530261939217,0.0
18966.57029492862,0.0
18986.61032791802,0.0
19006.650360907424,0.0
19026.690393896824,0.0
19046.730426886228,0.0
19066.77045987563,0.0
19086.810492865032,0.0
19106.850525854436,0.0
19126.890558843836,0.0
19146.93059183324,0.0
19166.97062482264,0.0
19187.010657812043,0.0
19207.050690801443,0.0
19227.090723790847,0.0
19247.130756780247,0.0
19267.17078976965,0.0
19287.210822759054,0.3845763951391013
19307.250855748454,0.0
19327.290888737858,0.0
19347.330921727258,0.0
19367.37095471666,0.0
19387.410987706062,0.0
19407.451020695466,0.0
19427.491053684866,0.0
19447.53108667427,0.0
19467.571119663673,0.0
19487.611152653073,0.0
19507.651185642477,0.0
19527.691218631877,0.0
19547.73125162128,0.0
19567.77128461068,0.0
19587.811317600084,0.0
19607.851350589484,0.0
19627.891383578888,0.0
19647.931416568288,0.0
19667.97144955769,0.0
19688.011482547096,0.0
19708.051515536496,0.0
19728.0915485259,0.0
19748.1315815153,0.0
19768.171614504703,0.0
19788.211647494103,0.0
19808.251680483507,0.0
19828.291713472907,0.0
19848.33174646231,0.0
19868.37177945171,0.0
19888.411812441114,0.0
19908.451845430518,0.0
19928.491878419918,0.0
19948.53191140932,0.0
19968.571944398722,0.0
19988.611977388126,0.0
20008.652010377526,0.0
20028.69204336693,0.0
20048.73207635633,0.0
20068.772109345733,0.0
20088.812142335133,0.0
20108.852175324537,0.0
20128.89220831394,0.0
20148.93224130334,0.0
20168.972274292744,0.0
20189.012307282144,0.0
20209.052340271548,0.0
20229.092373260948,0.0
20249.13240625035,0.0
20269.172439239752,0.0
20289.212472229156,0.0
20309.25250521856,0.0
20329.29253820796,0.0
20349.332571197363,0.0
20369.372604186763,0.0
20389.412637176167,0.0
20409.452670165567,0.0
20429.49270315497,0.0
20449.53273614437,0.0
20469.572769133774,0.0
20489.612802123174,0.0
20509.652835112578,0.0
20529.69286810198,0.0
20549.73290109138,0.0
20569.772934080785,0.0
20589.812967070186,0.0
20609.85300005959,0.0
20629.89303304899,0.0
20649.933066038393,0.0
20669.973099027793,0.0
20690.013132017197,0.0
20710.053165006597,0.0
20730.093197996,0.0
20750.133230985404,0.0
20770.173263974804,0.0
20790.213296964208,0.0
20810.253329953608,0.0
20830.29336294301,0.0
20850.33339593241,0.0
20870.373428921816,0.0
20890.413461911216,0.0
20910.45349490062,0.0
20930.493527890023,0.0
20950.533560879423,0.0
20970.573593868827,0.0
20990.613626858227,0.0
21010.65365984763,0.0
21030.69369283703,0.0
21050.733725826434,0.0
21070.773758815834,0.0
21090.813791805238,0.0
21110.853824794638,0.0
21130.89385778404,0.0
21150.933890773445,0.0
21170.973923762846,0.0
21191.01395675225,0.0
21211.05398974165,0.0
21231.094022731053,0.0
21251.134055720453,0.0
21271.174088709857,0.0
21291.214121699257,0.0
21311.25415468866,0.0
21331.29418767806,0.0
21351.334220667464,0.0
21371.374253656868,0.0
21391.414286646268,0.0
21411.45431963567,0.0
21431.49435262507,0.0
21451.534385614475,0.0
21471.574418603876,0.0
21491.61445159328,0.0
21511.65448458268,0.0
21531.694517572083,0.0
21551.734550561483,0.0
21571.774583550887,0.0
21591.81461654029,0.0
21611.85464952969,0.0
21631.894682519094,0.0
21651.934715508494,0.0
21671.974748497898,0.0
21692.014781487298,0.0
21712.0548144767,0.0
21732.0948474661,0.0
21752.134880455505,0.0
21772.17491344491,0.0
21792.21494643431,0.0
21812.254979423713,0.0
21832.295012413113,0.0
21852.335045402517,0.0
21872.375078391917,0.0
21892.41511138132,0.0
21912.45514437072,0.0
21932.495177360124,0.0
21952.535210349524,0.0
21972.575243338928,0.0
21992.61527632833,0.0
22012.65530931773,0.0
22032.695342307135,0.0
22052.735375296535,0.0
22072.77540828594,0.0
22092.81544127534,0.0
22112.855474264743,0.0
22132.895507254143,0.0
22152.935540243547,0.0
22172.975573232947,0.0
22193.01560622235,0.0
22213.055639211754,0.0
22233.095672201154,0.0
22253.135705190558,0.0
22273.175738179958,0.0
22293.21577116936,0.0
22313.25580415876,0.0
22333.295837148165,0.0
22353.335870137566,0.0
22373.37590312697,0.0
22393.41593611637,0.0
22413.455969105773,0.0
22433.496002095177,0.0
22453.536035084577,0.0
22473.57606807398,0.0
22493.61610106338,0.0
22513.656134052784,0.0
22533.696167042184,0.0
22553.736200031588,0.0
22573.776233020988,0.0
22593.81626601039,0.0
22613.856298999795,0.0
22633.896331989195,0.0
22653.9363649786,0.0
22673.976397968,0.0
22694.016430957403,0.0
22714.056463946803,0.0
22734.096496936207,0.0
22754.136529925607,0.0
22774.17656291501,0.0
22794.21659590441,0.0
22814.256628893814,0.0
22834.296661883218,0.0
22854.336694872618,0.0
22874.37672786202,0.0
22894.41676085142,0.0
22914.456793840825,0.0
22934.496826830225,0.0
22954.53685981963,0.0
22974.57689280903,0.0
22994.616925798433,0.0
23014.656958787833,0.0
23034.696991777237,0.0
23054.73702476664,0.0
23074.77705775604,0.0
23094.817090745444,0.0
23114.857123734844,0.0
23134.897156724248,0.0
23154.937189713648,0.0
23174.97722270305,0.0
23195.01725569245,0.0
23215.057288681855,0.0
23235.09732167126,0.0
23255.13735466066,0.0
23275.177387650063,0.0
23295.217420639463,0.0
23315.257453628867,0.0
23335.297486618267,0.0
23355.33751960767,0.0
23375.37755259707,0.0
23395.417585586474,0.0
23415.457618575874,0.0
23435.497651565278,0.0
23455.53768455468,0.0
23475.57771754408,0.0
23495.617750533485,0.0
23515.657783522885,0.0
23535.69781651229,0.0
23555.73784950169,0.0
23575.777882491093,0.0
23595.817915480493,0.0
23615.857948469897,0.0
23635.897981459297,0.0
23655.9380144487,0.0
23675.978047438104,0.0
23696.018080427504,0.0
23716.058113416908,0.0
23736.098146406308,0.0
23756.13817939571,0.0
23776.17821238511,0.0
23796.218245374515,0.0
23816.258278363915,0.0
23836.29831135332,0.0
23856.33834434272,0.0
23876.378377332123,0.0
23896.418410321527,0.0
23916.458443310927,0.0
23936.49847630033,0.0
23956.53850928973,0.0
23976.578542279134,0.0
23996.618575268534,0.0
24016.658608257938,0.0
24036.698641247338,0.0
24056.73867423674,0.0
24076.778707226145,0.0
24096.818740215545,0.0
24116.85877320495,0.0
24136.89880619435,0.0
24156.938839183753,0.0
24176.978872173153,0.0
24197.018905162557,0.0
24217.058938151957,0.0
24237.09897114136,0.0
24257.13900413076,0.0
24277.179037120164,0.0
24297.219070109568,0.0
24317.259103098968,0.0
24337.29913608837,0.0
24357.33916907777,0.0
24377.379202067175,0.0
24397.419235056575,0.0
24417.45926804598,0.0
24437.49930103538,0.0
24457.539334024783,0.0
24477.579367014183,0.0
24497.619400003587,0.0
24517.65943299299,0.0
24537.69946598239,0.0
24557.739498971794,0.0
24577.779531961194,0.0
24597.819564950598,0.0
24617.859597939998,0.0
24637.8996309294,0.0
24657.9396639188,0.0
24677.979696908205,0.0
24698.01972989761,0.0
24718.05976288701,0.0
24738.099795876413,0.0
24758.139828865813,0.0
24778.179861855217,0.0
24798.219894844617,0.0
24818.25992783402,0.0
24838.29996082342,0.0
24858.339993812824,0.0
24878.380026802224,0.0
24898.420059791628,0.0
24918.46009278103,0.0
24938.50012577043,0.0
24958.540158759835,0.0
24978.580191749235,0.0
24998.62022473864,0.0
25018.66025772804,0.0
25038.700290717443,0.0
25058.740323706843,0.0
25078.780356696247,0.0
25098.820389685647,0.0
25118.86042267505,0.0
25138.900455664454,0.0
25158.940488653854,0.0
25178.980521643258,0.0
25199.020554632658,0.0
25219.06058762206,0.0
25239.10062061146,0.0
25259.140653600865,0.0
25279.180686590265,0.0
25299.22071957967,0.0
25319.26075256907,0.0
25339.300785558473,0.0
25359.340818547877,0.0
25379.380851537277,0.0
25399.42088452668,0.0
25419.46091751608,0.0
25439.500950505484,0.0
25459.540983494884,0.0
25479.581016484288,0.0
25499.621049473688,0.0
25519.66108246309,0.0
25539.701115452495,0.0
25559.741148441895,0.0
25579.7811814313,0.0
25599.8212144207,0.0
25619.861247410103,0.0
25639.901280399503,0.0
25659.941313388907,0.0
25679.981346378307,0.0
25700.02137936771,0.0
25720.06141235711,0.0
25740.101445346514,0.0
25760.141478335918,0.0
25780.181511325318,0.0
25800.22154431472,0.0
25820.26157730412,0.0
25840.301610293525,0.0
25860.341643282925,0.0
25880.38167627233,0.0
25900.42170926173,0.0
25920.461742251133,0.0
25940.501775240533,0.0
25960.541808229937,0.0
25980.58184121934,0.0
26000.62187420874,0.0
26020.661907198144,0.0
26040.701940187544,0.0
26060.741973176948,0.0
26080.782006166348,0.0
26100.82203915575,0.0
26120.86207214515,0.0
26140.902105134555,0.0
26160.942138123955,0.0
26180.98217111336,0.0
26201.022204102763,0.0
26221.062237092163,0.0
26241.102270081567,0.0
26261.142303070967,0.0
26281.18233606037,0.0
26301.22236904977,0.0
26321.262402039174,0.0
26341.302435028574,0.0
26361.342468017978,0.0
26381.38250100738,0.0
26401.42253399678,0.0
26421.462566986185,0.0
26441.502599975585,0.0
26461.54263296499,0.0
26481.58266595439,0.0
26501.622698943793,0.0
26521.662731933193,0.0
26541.702764922597,0.0
26561.742797911997,0.0
26581.7828309014,0.0
26601.822863890804,0.0
26621.862896880204,0.0
26641.902929869608,0.0
26661.942962859008,0.0
26681.98299584841,0.0
26702.02302883781,0.0
26722.063061827215,0.0
26742.103094816615,0.0
26762.14312780602,0.0
26782.18316079542,0.0
26802.223193784823,0.0
26822.263226774226,0.0
26842.303259763627,0.0
26862.34329275303,0.0
26882.38332574243,0.0
26902.423358731834,0.0
26922.463391721234,0.0
26942.503424710638,0.0
26962.543457700038,0.0
26982.58349068944,0.0
27002.623523678845,0.0
27022.663556668245,0.0
27042.70358965765,0.0
27062.74362264705,0.0
27082.783655636453,0.0
27102.823688625853,0.0
27122.863721615257,0.0
27142.903754604657,0.0
27162.94378759406,0.0
27182.98382058346,0.0
27203.023853572864,0.0
27223.063886562268,0.0
27243.103919551668,0.0
27263.14395254107,0.0
27283.18398553047,0.0
27303.224018519875,0.0
27323.264051509275,0.0
27343.30408449868,0.0
27363.34411748808,0.0
27383.384150477483,0.0
27403.424183466883,0.0
27423.464216456287,0.0
27443.50424944569,0.0
27463.54428243509,0.0
27483.584315424494,0.0
27503.624348413894,0.0
27523.664381403298,0.0
27543.704414392698,0.0
27563.7444473821,0.0
27583.7844803715,0.0
27603.824513360905,0.0
27623.864546350305,0.0
27643.90457933971,0.0
27663.944612329113,0.0
27683.984645318513,0.0
27704.024678307916,0.0
27724.064711297317,0.0
27744.10474428672,0.0
27764.14477727612,0.0
27784.184810265524,0.0
27804.224843254924,0.0
27824.264876244328,0.0
27844.30490923373,0.0
27864.34494222313,0.0
27884.384975212535,0.0
27904.425008201935,0.0
27924.46504119134,0.0
27944.50507418074,0.0
27964.545107170143,0.0
27984.585140159543,0.0
28004.625173148946,0.0
28024.665206138347,0.0
28044.70523912775,0.0
28064.745272117154,0.0
28084.785305106554,0.0
28104.825338095958,0.0
28124.865371085358,0.0
28144.90540407476,0.0
28164.94543706416,0.0
28184.985470053565,0.0
28205.025503042965,0.0
28225.06553603237,0.0
28245.10556902177,0.0
28265.145602011173,0.0
28285.185635000576,0.0
28305.225667989977,0.0
28325.26570097938,0.0
28345.30573396878,0.0
28365.345766958184,0.0
28385.385799947584,0.0
28405.425832936988,0.0
28425.465865926388,0.0
28445.50589891579,0.0
28465.54593190519,0.0
28485.585964894595,0.0
28505.625997884,0.0
28525.6660308734,0.0
28545.706063862803,0.0
28565.746096852203,0.0
28585.786129841606,0.0
28605.826162831007,0.0
28625.86619582041,0.0
28645.90622880981,0.0
28665.946261799214,0.0
28685.986294788618,0.0
28706.026327778018,0.0
28726.06636076742,0.0
28746.10639375682,0.0
28766.146426746225,0.0
28786.186459735625,0.0
28806.22649272503,0.0
28826.26652571443,0.0
28846.306558703833,0.0
28866.346591693233,0.0
28886.386624682636,0.0
28906.42665767204,0.0
28926.46669066144,0.0
28946.506723650844,0.0
28966.546756640244,0.0
28986.586789629648,0.0
29006.626822619048,0.0
29026.66685560845,0.0
29046.70688859785,0.0
29066.746921587255,0.0
29086.786954576655,0.0
29106.82698756606,0.0
29126.867020555463,0.0
29146.907053544863,0.0
29166.947086534266,0.0
29186.987119523666,0.0
29207.02715251307,0.0
29227.06718550247,0.0
29247.107218491874,0.0
29267.147251481274,0.0
29287.187284470678,0.0
29307.22731746008,0.0
29327.26735044948,0.0
29347.307383438885,0.0
29367.347416428285,0.0
29387.38744941769,0.0
29407.42748240709,0.0
29427.467515396493,0.0
29447.507548385893,0.0
29467.547581375296,0.0
29487.587614364696,0.0
29507.6276473541,0.0
29527.667680343504,0.0
29547.707713332904,0.0
29567.747746322308,0.0
29587.787779311708,0.0
29607.82781230111,0.0
29627.86784529051,0.0
29647.907878279915,0.0
29667.947911269315,0.0
29687.98794425872,0.0
29708.02797724812,0.0
29728.068010237523,0.0
29748.108043226926,0.0
29768.148076216326,0.0
29788.18810920573,0.0
29808.22814219513,0.0
29828.268175184534,0.0
29848.308208173934,0.0
29868.348241163338,0.0
29888.388274152738,0.0
29908.42830714214,0.0
29928.46834013154,0.0
29948.508373120945,0.0
29968.54840611035,0.0
29988.58843909975,0.0
30008.628472089153,0.0
30028.668505078553,0.0
30048.708538067956,0.0
30068.748571057356,0.0
30088.78860404676,0.0
30108.82863703616,0.0
30128.868670025564,0.0
30148.908703014968,0.0
30168.948736004368,0.0
30188.98876899377,0.0
30209.02880198317,0.0
30229.068834972575,0.0
30249.108867961975,0.0
30269.14890095138,0.0
30289.18893394078,0.0
30309.228966930183,0.0
30329.268999919583,0.0
30349.309032908986,0.0
30369.34906589839,0.0
30389.38909888779,0.0
30409.429131877194,0.0
30429.469164866594,0.0
30449.509197855998,0.0
30469.549230845398,0.0
30489.5892638348,0.0
30509.6292968242,0.0
30529.669329813605,0.0
30549.709362803005,0.0
30569.74939579241,0.0
30589.789428781813,0.0
30609.829461771213,0.0
30629.869494760616,0.0
30649.909527750016,0.0
30669.94956073942,0.0
30689.98959372882,0.0
30710.029626718224,0.0
30730.069659707624,0.0
30750.109692697028,0.0
30770.14972568643,0.0
30790.18975867583,0.0
30810.229791665235,0.0
30830.269824654635,0.0
30850.30985764404,0.0
30870.34989063344,0.0
30890.389923622843,0.0
30910.429956612243,0.0
30930.469989601646,0.0
30950.510022591046,0.0
30970.55005558045,0.0
30990.590088569854,0.0
31010.630121559254,0.0
31030.670154548658,0.0
31050.710187538058,0.0
31070.75022052746,0.0
31090.79025351686,0.0
31110.830286506265,0.0
31130.870319495665,0.0
31150.91035248507,0.0
31170.95038547447,0.0
31190.990418463873,0.0
31211.030451453276,0.0
31231.070484442676,0.0
31251.11051743208,0.0
31271.15055042148,0.0
31291.190583410884,0.0
31311.230616400284,0.0
31331.270649389688,0.0
31351.310682379088,0.0
31371.35071536849,0.0
31391.39074835789,0.0
31411.430781347295,0.0
31431.4708143367,0.0
31451.5108473261,0.0
31471.550880315503,0.0
31491.590913304903,0.0
31511.630946294306,0.0
31531.670979283706,0.0
31551.71101227311,0.0
31571.75104526251,0.0
31591.791078251914,0.0
31611.831111241318,0.0
31631.871144230718,0.0
31651.91117722012,0.0
31671.95121020952,0.0
31691.991243198925,0.0
31712.031276188325,0.0
31732.07130917773,0.0
31752.11134216713,0.0
31772.151375156533,0.0
31792.191408145933,0.0
31812.231441135336,0.0
31832.27147412474,0.0
31852.31150711414,0.0
31872.351540103544,0.0
31892.391573092944,0.0
31912.431606082348,0.0
31932.471639071748,0.0
31952.51167206115,0.0
31972.55170505055,0.0
31992.591738039955,0.0
32012.631771029355,0.0
32032.67180401876,0.0
32052.711837008163,0.0
32072.751869997563,0.0
32092.791902986966,0.0
32112.831935976366,0.0
32132.87196896577,0.0
32152.91200195517,0.0
32172.952034944574,0.0
32192.992067933974,0.0
32213.032100923378,0.0
32233.072133912778,0.0
32253.11216690218,0.0
32273.152199891585,0.0
32293.192232880985,0.0
32313.23226587039,0.0
32333.27229885979,0.0
32353.312331849193,0.0
32373.352364838593,0.0
32393.392397827996,0.0
32413.432430817396,0.0
32433.4724638068,0.0
32453.512496796204,0.0
32473.552529785604,0.0
32493.592562775008,0.0
32513.632595764408,0.0
32533.67262875381,0.0
32553.71266174321,0.0
32573.752694732615,0.0
32593.792727722015,0.0
32613.83276071142,0.0
32633.87279370082,0.0
32653.912826690223,0.0
32673.952859679626,0.0
32693.992892669026,0.0
32714.03292565843,0.0
32734.07295864783,0.0
32754.112991637234,0.0
32774.153024626634,0.0
32794.19305761604,0.0
32814.23309060544,0.0
32834.27312359484,0.0
32854.31315658424,0.0
32874.353189573645,0.0
32894.39322256305,0.0
32914.43325555245,0.0
32934.47328854185,0.0
32954.51332153125,0.0
32974.553354520656,0.0
32994.59338751006,0.0
33014.63342049946,0.0
33034.67345348886,0.0
33054.713486478264,0.0
33074.75351946767,0.0
33094.79355245707,0.0
33114.83358544647,0.0
33134.87361843587,0.0
33154.913651425275,0.0
33174.95368441468,0.0
33194.993717404075,0.0
33215.03375039348,0.0
33235.07378338288,0.0
33255.113816372286,0.0
33275.15384936168,0.0
33295.193882351086,0.0
33315.23391534049,0.0
33335.273948329894,0.0
33355.3139813193,0.0
33375.354014308694,0.0
33395.3940472981,0.0
33415.4340802875,0.0
33435.474113276905,0.0
33455.5141462663,0.0
33475.554179255705,0.0
33495.59421224511,0.0
33515.63424523451,0.0
33535.674278223916,0.0
33555.71431121331,0.0
33575.754344202716,0.0
33595.79437719212,0.0
33615.834410181524,0.0
33635.87444317092,0.0
33655.914476160324,0.0
33675.95450914973,0.0
33695.99454213913,0.0
33716.034575128535,0.0
33736.07460811793,0.0
33756.114641107335,0.0
33776.15467409674,0.0
33796.19470708614,0.0
33816.23474007554,0.0
33836.27477306494,0.0
33856.314806054346,0.0
33876.35483904375,0.0
33896.39487203315,0.0
33916.43490502255,0.0
33936.474938011954,0.0
33956.51497100136,0.0
33976.55500399076,0.0
33996.59503698016,0.0
34016.63506996956,0.0
34036.675102958965,0.0
34056.71513594837,0.0
34076.755168937765,0.0
34096.79520192717,0.0
34116.83523491657,0.0
34136.875267905976,0.0
34156.91530089538,0.0
34176.955333884776,0.0
34196.99536687418,0.0
34217.035399863584,0.0
34237.07543285299,0.0
34257.115465842384,0.0
34277.15549883179,0.0
34297.19553182119,0.0
34317.235564810595,0.0
34337.2755978,0.0
34357.315630789395,0.0
34377.3556637788,0.0
34397.3956967682,0.0
34417.435729757606,0.0
34437.475762747,0.0
34457.515795736406,0.0
34477.55582872581,0.0
34497.595861715214,0.0
34517.63589470461,0.0
34537.675927694014,0.0
34557.71596068342,0.0
34577.75599367282,0.0
34597.796026662225,0.0
34617.83605965162,0.0
34637.876092641025,0.0
34657.91612563043,0.0
34677.95615861983,0.0
34697.99619160923,0.0
34718.03622459863,0.0
34738.076257588036,0.0
34758.11629057744,0.0
34778.156323566844,0.0
34798.19635655624,0.0
34818.236389545644,0.0
34838.27642253505,0.0
34858.31645552445,0.0
34878.35648851385,0.0
34898.39652150325,0.0
34918.436554492655,0.0
34938.47658748206,0.0
34958.51662047146,0.0
34978.55665346086,0.0
34998.59668645026,0.0
35018.636719439666,0.0
35038.67675242907,0.0
35058.716785418466,0.0
35078.75681840787,0.0
35098.796851397274,0.0
35118.83688438668,0.0
35138.876917376074,0.0
35158.91695036548,0.0
35178.95698335488,0.0
35198.997016344285,0.0
35219.03704933369,0.0
35239.077082323085,0.0
35259.11711531249,0.0
35279.15714830189,0.0
35299.197181291296,0.0
35319.23721428069,0.0
35339.277247270096,0.0
35359.3172802595,0.0
35379.357313248904,0.0
35399.39734623831,0.0
35419.437379227704,0.0
35439.47741221711,0.0
35459.51744520651,0.0
35479.557478195915,0.0
35499.59751118531,0.0
35519.637544174715,0.0
35539.67757716412,0.0
35559.71761015352,0.0
35579.75764314292,0.0
35599.79767613232,0.0
35619.837709121726,0.0
35639.87774211113,0.0
35659.91777510053,0.0
35679.95780808993,0.0
35699.997841079334,0.0
35720.03787406874,0.0
35740.07790705814,0.0
35760.11794004754,0.0
35780.15797303694,0.0
35800.198006026345,0.0
35820.23803901575,0.0
35840.27807200515,0.0
35860.31810499455,0.0
35880.35813798395,0.0
35900.398170973356,0.0
35920.43820396276,0.0
35940.478236952156,0.0
35960.51826994156,0.0
35980.558302930964,0.0
36000.59833592037,0.0
36020.63836890977,0.0
36040.67840189917,0.0
36060.71843488857,0.0
36080.758467877975,0.0
36100.79850086738,0.0
36120.838533856775,0.0
36140.87856684618,0.0
36160.91859983558,0.0
36180.958632824986,0.0
36200.99866581438,0.0
36221.038698803786,0.0
36241.07873179319,0.0
36261.118764782594,0.0
36281.158797772,0.0
36301.198830761394,0.0
36321.2388637508,0.0
36341.2788967402,0.0
36361.318929729605,0.0
36381.358962719,0.0
36401.398995708405,0.0
36421.43902869781,0.0
36441.47906168721,0.0
36461.519094676616,0.0
36481.55912766601,0.0
36501.599160655416,0.0
36521.63919364482,0.0
36541.67922663422,0.0
36561.71925962362,0.0
36581.759292613024,0.0
36601.79932560243,0.0
36621.83935859183,0.0
36641.879391581235,0.0
36661.91942457063,0.0
36681.959457560035,0.0
36701.99949054944,0.0
36722.03952353884,0.0
36742.07955652824,0.0
36762.11958951764,0.0
36782.159622507046,0.0
36802.19965549645,0.0
36822.239688485846,0.0
36842.27972147525,0.0
36862.319754464654,0.0
36882.35978745406,0.0
36902.39982044346,0.0
36922.43985343286,0.0
36942.47988642226,0.0
36962.519919411665,0.0
36982.55995240107,0.0
37002.599985390465,0.0
37022.64001837987,0.0
37042.68005136927,0.0
37062.720084358676,0.0
37082.76011734808,0.0
37102.800150337476,0.0
37122.84018332688,0.0
37142.88021631628,0.0
37162.92024930569,0.0
37182.960282295084,0.0
37203.00031528449,0.0
37223.04034827389,0.0
37243.080381263295,0.0
37263.1204142527,0.0
37283.160447242095,0.0
37303.2004802315,0.0
37323.2405132209,0.0
37343.280546210306,0.0
37363.3205791997,0.0
37383.360612189106,0.0
37403.40064517851,0.0
37423.44067816791,0.0
37443.48071115731,0.0
37463.520744146714,0.0
37483.56077713612,0.0
37503.60081012552,0.0
37523.640843114925,0.0
37543.68087610432,0.0
37563.720909093725,0.0
37583.76094208313,0.0
37603.80097507253,0.0
37623.84100806193,0.0
37643.88104105133,0.0
37663.921074040736,0.0
37683.96110703014,0.0
37704.00114001954,0.0
37724.04117300894,0.0
37744.081205998344,0.0
37764.12123898775,0.0
37784.16127197715,0.0
37804.20130496655,0.0
37824.24133795595,0.0
37844.281370945355,0.0
37864.32140393476,0.0
37884.361436924155,0.0
37904.40146991356,0.0
37924.44150290296,0.0
37944.481535892366,0.0
37964.52156888177,0.0
37984.561601871166,0.0
38004.60163486057,0.0
38024.64166784997,0.0
38044.68170083938,0.0
38064.721733828774,0.0
38084.76176681818,0.0
38104.80179980758,0.0
38124.841832796985,0.0
38144.88186578639,0.0
38164.921898775785,0.0
38184.96193176519,0.0
38205.00196475459,0.0
38225.041997743996,0.0
38245.08203073339,0.0
38265.122063722796,0.0
38285.1620967122,0.0
38305.2021297016,0.0
38325.24216269101,0.0
38345.282195680404,0.0
38365.32222866981,0.0
38385.36226165921,0.0
38405.402294648615,0.0
38425.44232763801,0.0
38445.482360627415,0.0
38465.52239361682,0.0
38485.56242660622,0.0
38505.60245959562,0.0
38525.64249258502,0.0
38545.682525574426,0.0
38565.72255856383,0.0
38585.76259155323,0.0
38605.80262454263,0.0
38625.84265753203,0.0
38645.88269052144,0.0
38665.92272351084,0.0
38685.96275650024,0.0
38706.00278948964,0.0
38726.042822479045,0.0
38746.08285546845,0.0
38766.12288845785,0.0
38786.16292144725,0.0
38806.20295443665,0.0
38826.242987426056,0.0
38846.28302041546,0.0
38866.323053404856,0.0
38886.36308639426,0.0
38906.40311938366,0.0
38926.44315237307,0.0
38946.48318536247,0.0
38966.52321835187,0.0
38986.56325134127,0.0
39006.603284330675,0.0
39026.64331732008,0.0
39046.683350309475,0.0
39066.72338329888,0.0
39086.76341628828,0.0
39106.803449277686,0.0
39126.84348226708,0.0
39146.883515256486,0.0
39166.92354824589,0.0
39186.96358123529,0.0
39207.0036142247,0.0
39227.043647214094,0.0
39247.0836802035,0.0
39267.1237131929,0.0
39287.163746182305,0.0
39307.2037791717,0.0
39327.243812161105,0.0
39347.28384515051,0.0
39367.32387813991,0.0
39387.363911129316,0.0
39407.40394411871,0.0
39427.443977108116,0.0
39447.48401009752,0.0
39467.52404308692,0.0
39487.56407607632,0.0
39507.60410906572,0.0
39527.64414205513,0.0
39547.68417504453,0.0
39567.724208033935,0.0
39587.76424102333,0.0
39607.804274012735,0.0
39627.84430700214,0.0
39647.88433999154,0.0
39667.92437298094,0.0
39687.96440597034,0.0
39708.004438959746,0.0
39728.04447194915,0.0
39748.084504938546,0.0
39768.12453792795,0.0
39788.16457091735,0.0
39808.20460390676,0.0
39828.24463689616,0.0
39848.28466988556,0.0
39868.32470287496,0.0
39888.364735864365,0.0
39908.40476885377,0.0
39928.444801843165,0.0
39948.48483483257,0.0
39968.52486782197,0.0
39988.564900811376,0.0
40008.60493380078,0.0
40028.644966790176,0.0
40048.68499977958,0.0
40068.72503276898,0.0
40088.76506575839,0.0
40108.80509874778,0.0
40128.84513173719,0.0
40148.88516472659,0.0
40168.925197715995,0.0
40188.96523070539,0.0
40209.005263694795,0.0
40229.0452966842,0.0
40249.0853296736,0.0
40269.125362663006,0.0
40289.1653956524,0.0
40309.205428641806,0.0
40329.24546163121,0.0
40349.28549462061,0.0
40369.32552761001,0.0
40389.36556059941,0.0
40409.40559358882,0.0
40429.44562657822,0.0
40449.485659567625,0.0
40469.52569255702,0.0
40489.565725546425,0.0
40509.60575853583,0.0
40529.64579152523,0.0
40549.68582451463,0.0
40569.72585750403,0.0
40589.765890493436,0.0
40609.80592348284,0.0
40629.84595647224,0.0
40649.88598946164,0.0
40669.92602245104,0.0
40689.96605544045,0.0
40710.00608842985,0.0
40730.04612141925,0.0
40750.08615440865,0.0
40770.126187398055,0.0
40790.16622038746,0.0
40810.206253376855,0.0
40830.24628636626,0.0
40850.28631935566,0.0
40870.326352345066,0.0
40890.36638533447,0.0
40910.406418323866,0.0
40930.44645131327,0.0
40950.48648430267,0.0
40970.52651729208,0.0
40990.56655028147,0.0
41010.60658327088,0.0
