Energy (keV),Intensity (CPS)
-11.340946035124064,0.0
8.69908695427799,0.0
28.739119943680045,0.0
48.7791529330821,0.0
68.81918592248415,0.0
88.8592189118862,0.0
108.89925190128827,0.0
128.93928489069032,0.0
148.97931788009237,0.0
169.01935086949442,0.0
189.05938385889647,0.0
209.09941684829852,0.0
229.1394498377006,0.0
249.17948282710265,0.0
269.21951581650467,0.0
289.2595488059067,0.0
309.29958179530877,0.0
329.3396147847108,0.0
349.37964777411287,0.4272030171343457
369.4196807635149,0.4272030171343457
389.45971375291697,0.8544060342686914
409.499746742319,2.136015085671729
429.53977973172107,0.4272030171343457
449.5798127211231,2.5632181028060743
469.6198457105252,1.2816090514030372
489.6598786999273,4.699233188477803
509.6999116893293,5.126436205612149
529.7399446787314,4.699233188477803
549.7799776681335,5.553639222746495
569.8200106575355,6.408045257015186
589.8600436469376,3.4176241370747658
609.9000766363396,4.272030171343458
629.9401096257417,6.408045257015186
649.9801426151438,5.98084223988084
670.0201756045458,5.98084223988084
690.0602085939479,4.272030171343458
710.1002415833499,5.98084223988084
730.140274572752,5.126436205612149
750.180307562154,7.2624512912838775
770.2203405515561,3.4176241370747658
790.2603735409581,7.2624512912838775
810.3004065303602,7.2624512912838775
830.3404395197622,6.408045257015186
850.3804725091643,6.408045257015186
870.4205054985663,5.553639222746495
890.4605384879684,6.8352482741495315
910.5005714773704,8.11685732555257
930.5406044667725,5.553639222746495
950.5806374561746,4.699233188477803
970.6206704455766,8.11685732555257
990.6607034349787,7.2624512912838775
1010.7007364243807,4.272030171343458
1030.7407694137828,7.2624512912838775
1050.780802403185,8.11685732555257
1070.8208353925868,6.408045257015186
1090.860868381989,8.544060342686915
1110.900901371391,5.553639222746495
1130.940934360793,5.98084223988084
1150.980967350195,3.8448271542091117
1171.021000339597,5.98084223988084
1191.0610333289992,5.126436205612149
1211.1010663184013,3.4176241370747658
1231.1410993078032,4.272030171343458
1251.1811322972053,7.689654308418223
1271.2211652866074,5.126436205612149
1291.2611982760095,7.689654308418223
1311.3012312654116,6.8352482741495315
1331.3412642548135,7.689654308418223
1351.3812972442156,3.4176241370747658
1371.4213302336177,2.99042111994042
1391.4613632230198,5.553639222746495
1411.5013962124217,3.8448271542091117
1431.5414292018238,4.699233188477803
1451.581462191226,6.8352482741495315
1471.621495180628,7.2624512912838775
1491.66152817003,4.699233188477803
1511.701561159432,5.98084223988084
1531.741594148834,5.126436205612149
1551.7816271382362,6.8352482741495315
1571.821660127638,4.272030171343458
1591.8616931170402,4.272030171343458
1611.9017261064423,6.408045257015186
1631.9417590958444,5.553639222746495
1651.9817920852465,3.4176241370747658
1672.0218250746484,6.8352482741495315
1692.0618580640505,4.699233188477803
1712.1018910534526,5.126436205612149
1732.1419240428547,5.553639222746495
1752.1819570322566,4.699233188477803
1772.2219900216587,6.8352482741495315
1792.2620230110608,4.272030171343458
1812.302056000463,6.8352482741495315
1832.3420889898648,3.4176241370747658
1852.382121979267,5.553639222746495
1872.422154968669,5.98084223988084
1892.4621879580711,4.272030171343458
1912.5022209474732,7.689654308418223
1932.542253936875,6.408045257015186
1952.5822869262772,5.98084223988084
1972.6223199156793,3.4176241370747658
1992.6623529050814,8.97126335982126
2012.7023858944833,4.699233188477803
2032.7424188838854,6.408045257015186
2052.7824518732873,4.699233188477803
2072.8224848626896,4.699233188477803
2092.8625178520915,6.408045257015186
2112.902550841494,4.272030171343458
2132.9425838308957,5.553639222746495
2152.9826168202976,3.8448271542091117
2173.0226498097,6.8352482741495315
2193.062682799102,5.126436205612149
2213.1027157885037,3.4176241370747658
2233.142748777906,4.699233188477803
2253.182781767308,5.126436205612149
2273.2228147567102,3.8448271542091117
2293.262847746112,4.272030171343458
2313.302880735514,4.699233188477803
2333.3429137249163,7.2624512912838775
2353.382946714318,5.126436205612149
2373.4229797037206,4.699233188477803
2393.4630126931224,7.689654308418223
2413.5030456825243,4.272030171343458
2433.5430786719267,5.553639222746495
2453.5831116613285,2.99042111994042
2473.6231446507304,5.553639222746495
2493.6631776401327,4.272030171343458
2513.7032106295346,4.699233188477803
2533.743243618937,5.126436205612149
2553.783276608339,3.8448271542091117
2573.8233095977407,5.126436205612149
2593.863342587143,3.4176241370747658
2613.903375576545,5.553639222746495
2633.9434085659473,5.126436205612149
2653.983441555349,3.4176241370747658
2674.023474544751,5.553639222746495
2694.0635075341534,5.98084223988084
2714.1035405235552,3.8448271542091117
2734.143573512957,5.98084223988084
2754.1836065023595,5.553639222746495
2774.2236394917613,5.98084223988084
2794.2636724811637,4.272030171343458
2814.3037054705655,4.699233188477803
2834.3437384599674,4.272030171343458
2854.3837714493698,6.408045257015186
2874.4238044387716,7.2624512912838775
2894.463837428174,6.408045257015186
2914.503870417576,3.4176241370747658
2934.5439034069777,5.553639222746495
2954.58393639638,4.699233188477803
2974.623969385782,6.408045257015186
2994.664002375184,5.126436205612149
3014.704035364586,3.8448271542091117
3034.744068353988,3.4176241370747658
3054.7841013433904,5.98084223988084
3074.8241343327923,7.689654308418223
3094.864167322194,3.4176241370747658
3114.9042003115965,3.8448271542091117
3134.9442333009983,5.126436205612149
3154.9842662904002,3.8448271542091117
3175.0242992798026,5.98084223988084
3195.0643322692044,1.7088120685373829
3215.104365258607,5.553639222746495
3235.1443982480087,5.126436205612149
3255.1844312374105,7.2624512912838775
3275.224464226813,3.4176241370747658
3295.2644972162147,5.98084223988084
3315.304530205617,6.8352482741495315
3335.344563195019,6.408045257015186
3355.384596184421,6.408045257015186
3375.424629173823,2.99042111994042
3395.464662163225,3.4176241370747658
3415.504695152627,5.553639222746495
3435.5447281420293,2.5632181028060743
3455.584761131431,3.4176241370747658
3475.6247941208335,4.699233188477803
3495.6648271102354,5.126436205612149
3515.7048600996372,3.4176241370747658
3535.7448930890396,3.8448271542091117
3555.7849260784415,5.553639222746495
3575.824959067844,3.8448271542091117
3595.8649920572457,4.272030171343458
3615.9050250466476,5.98084223988084
3635.94505803605,5.553639222746495
3655.9850910254518,3.8448271542091117
3676.0251240148536,4.699233188477803
3696.065157004256,3.4176241370747658
3716.105189993658,1.7088120685373829
3736.14522298306,4.699233188477803
3756.185255972462,2.99042111994042
3776.225288961864,4.272030171343458
3796.2653219512663,2.99042111994042
3816.305354940668,3.8448271542091117
3836.3453879300705,6.408045257015186
3856.3854209194724,4.272030171343458
3876.4254539088743,3.4176241370747658
3896.4654868982766,2.99042111994042
3916.5055198876785,4.699233188477803
3936.5455528770804,5.126436205612149
3956.5855858664827,2.99042111994042
3976.6256188558846,2.99042111994042
3996.665651845287,4.272030171343458
4016.705684834689,6.8352482741495315
4036.7457178240907,4.272030171343458
4056.785750813493,2.5632181028060743
4076.825783802895,3.4176241370747658
4096.865816792297,4.272030171343458
4116.905849781699,2.136015085671729
4136.945882771101,5.98084223988084
4156.985915760503,3.8448271542091117
4177.025948749905,2.99042111994042
4197.065981739307,2.136015085671729
4217.106014728709,2.5632181028060743
4237.146047718112,6.8352482741495315
4257.186080707514,4.272030171343458
4277.2261136969155,3.4176241370747658
4297.266146686317,3.8448271542091117
4317.306179675719,4.272030171343458
4337.346212665122,2.5632181028060743
4357.386245654524,2.99042111994042
4377.426278643926,3.4176241370747658
4397.466311633328,2.99042111994042
4417.50634462273,3.8448271542091117
4437.546377612131,1.2816090514030372
4457.586410601534,5.553639222746495
4477.626443590936,3.8448271542091117
4497.666476580338,3.8448271542091117
4517.70650956974,4.272030171343458
4537.746542559142,5.126436205612149
4557.7865755485445,2.99042111994042
4577.826608537946,2.136015085671729
4597.866641527348,3.8448271542091117
4617.90667451675,5.126436205612149
4637.946707506152,2.136015085671729
4657.986740495555,4.272030171343458
4678.026773484957,1.2816090514030372
4698.066806474359,4.699233188477803
4718.1068394637605,3.8448271542091117
4738.146872453162,2.99042111994042
4758.186905442565,4.272030171343458
4778.226938431967,4.699233188477803
4798.266971421369,2.5632181028060743
4818.307004410771,2.99042111994042
4838.347037400173,4.699233188477803
4858.3870703895755,1.2816090514030372
4878.427103378977,1.7088120685373829
4898.467136368379,3.8448271542091117
4918.507169357781,3.4176241370747658
4938.547202347183,3.8448271542091117
4958.587235336585,1.2816090514030372
4978.627268325988,1.7088120685373829
4998.6673013153895,2.99042111994042
5018.707334304791,1.2816090514030372
5038.747367294193,2.136015085671729
5058.787400283595,2.99042111994042
5078.827433272998,5.126436205612149
5098.8674662624,0.8544060342686914
5118.907499251802,2.99042111994042
5138.947532241204,1.2816090514030372
5158.9875652306055,1.7088120685373829
5179.027598220008,2.136015085671729
5199.06763120941,2.5632181028060743
5219.107664198812,3.4176241370747658
5239.147697188214,2.99042111994042
5259.187730177616,0.8544060342686914
5279.227763167019,2.136015085671729
5299.26779615642,0.4272030171343457
5319.307829145822,2.5632181028060743
5339.347862135224,1.2816090514030372
5359.387895124626,1.7088120685373829
5379.427928114028,1.2816090514030372
5399.467961103431,1.2816090514030372
5419.507994092833,1.7088120685373829
5439.5480270822345,1.2816090514030372
5459.588060071636,2.5632181028060743
5479.628093061038,1.7088120685373829
5499.668126050441,0.8544060342686914
5519.708159039843,1.2816090514030372
5539.748192029245,0.8544060342686914
5559.788225018647,1.7088120685373829
5579.828258008049,1.2816090514030372
5599.868290997451,2.5632181028060743
5619.908323986853,0.8544060342686914
5639.948356976255,0.8544060342686914
5659.988389965657,1.7088120685373829
5680.028422955059,1.7088120685373829
5700.068455944462,0.4272030171343457
5720.108488933864,0.8544060342686914
5740.148521923265,1.7088120685373829
5760.188554912667,0.8544060342686914
5780.228587902069,0.4272030171343457
5800.268620891472,1.2816090514030372
5820.308653880874,0.0
5840.348686870276,0.4272030171343457
5860.388719859678,2.136015085671729
5880.4287528490795,0.8544060342686914
5900.468785838481,1.2816090514030372
5920.508818827884,1.7088120685373829
5940.548851817286,1.2816090514030372
5960.588884806688,0.4272030171343457
5980.62891779609,0.8544060342686914
6000.668950785492,0.4272030171343457
6020.7089837748945,0.4272030171343457
6040.749016764296,1.2816090514030372
6060.789049753698,2.136015085671729
6080.8290827431,2.136015085671729
6100.869115732502,0.4272030171343457
6120.909148721905,0.4272030171343457
6140.949181711307,1.7088120685373829
6160.9892147007085,0.8544060342686914
6181.02924769011,0.4272030171343457
6201.069280679512,0.4272030171343457
6221.109313668915,0.8544060342686914
6241.149346658317,0.8544060342686914
6261.189379647719,0.8544060342686914
6281.229412637121,0.8544060342686914
6301.269445626523,0.4272030171343457
6321.3094786159245,0.4272030171343457
6341.349511605327,0.4272030171343457
6361.389544594729,0.4272030171343457
6381.429577584131,1.2816090514030372
6401.469610573533,0.4272030171343457
6421.509643562935,0.4272030171343457
6441.549676552338,1.2816090514030372
6461.5897095417395,0.8544060342686914
6481.629742531141,0.4272030171343457
6501.669775520543,0.4272030171343457
6521.709808509945,0.8544060342686914
6541.749841499348,2.99042111994042
6561.78987448875,1.7088120685373829
6581.829907478152,1.2816090514030372
6601.8699404675535,0.4272030171343457
6621.909973456955,0.0
6641.950006446358,1.2816090514030372
6661.99003943576,0.4272030171343457
6682.030072425162,0.8544060342686914
6702.070105414564,2.136015085671729
6722.110138403966,0.0
6742.1501713933685,0.4272030171343457
6762.19020438277,0.0
6782.230237372172,0.0
6802.270270361574,0.4272030171343457
6822.310303350976,0.0
6842.350336340378,1.7088120685373829
6862.390369329781,0.0
6882.430402319183,0.0
6902.4704353085845,0.8544060342686914
6922.510468297986,0.4272030171343457
6942.550501287388,0.4272030171343457
6962.590534276791,0.0
6982.630567266193,0.4272030171343457
7002.670600255595,0.8544060342686914
7022.710633244997,0.8544060342686914
7042.7506662343985,0.0
7062.790699223801,0.0
7082.830732213203,0.0
7102.870765202605,0.0
7122.910798192007,1.2816090514030372
7142.950831181409,0.0
7162.990864170812,0.4272030171343457
7183.0308971602135,0.0
7203.070930149615,0.4272030171343457
7223.110963139017,0.8544060342686914
7243.150996128419,0.4272030171343457
7263.191029117821,0.4272030171343457
7283.231062107224,0.0
7303.271095096626,1.2816090514030372
7323.311128086028,0.0
7343.351161075429,1.2816090514030372
7363.391194064831,0.4272030171343457
7383.431227054234,0.8544060342686914
7403.471260043636,0.4272030171343457
7423.511293033038,0.4272030171343457
7443.55132602244,0.8544060342686914
7463.591359011842,0.4272030171343457
7483.631392001244,0.8544060342686914
7503.671424990646,0.0
7523.711457980048,0.0
7543.75149096945,0.4272030171343457
7563.791523958852,0.0
7583.831556948255,0.0
7603.871589937657,0.0
7623.9116229270585,0.4272030171343457
7643.95165591646,0.4272030171343457
7663.991688905862,0.4272030171343457
7684.031721895265,0.8544060342686914
7704.071754884667,0.4272030171343457
7724.111787874069,0.0
7744.151820863471,1.7088120685373829
7764.191853852873,0.4272030171343457
7784.231886842274,0.8544060342686914
7804.271919831677,0.4272030171343457
7824.311952821079,0.4272030171343457
7844.351985810481,1.2816090514030372
7864.392018799883,1.2816090514030372
7884.432051789285,0.8544060342686914
7904.4720847786875,1.2816090514030372
7924.512117768089,0.4272030171343457
7944.552150757491,1.2816090514030372
7964.592183746893,2.99042111994042
7984.632216736295,1.7088120685373829
8004.672249725698,5.98084223988084
8024.7122827151,3.8448271542091117
8044.752315704502,2.136015085671729
8064.7923486939035,5.553639222746495
8084.832381683305,2.5632181028060743
8104.872414672708,0.8544060342686914
8124.91244766211,0.4272030171343457
8144.952480651512,0.8544060342686914
8164.992513640914,0.4272030171343457
8185.032546630316,0.0
8205.072579619717,0.0
8225.112612609119,0.0
8245.15264559852,0.4272030171343457
8265.192678587924,0.4272030171343457
8285.232711577326,0.8544060342686914
8305.272744566728,0.0
8325.31277755613,0.0
8345.352810545532,1.2816090514030372
8365.392843534933,0.4272030171343457
8385.432876524335,0.8544060342686914
8405.472909513737,1.2816090514030372
8425.51294250314,0.8544060342686914
8445.552975492541,0.8544060342686914
8465.593008481943,2.5632181028060743
8485.633041471347,3.8448271542091117
8505.673074460748,1.2816090514030372
8525.71310745015,4.699233188477803
8545.753140439552,7.689654308418223
8565.793173428954,7.2624512912838775
8585.833206418356,7.689654308418223
8605.873239407758,12.388887496896025
8625.91327239716,8.544060342686915
8645.953305386562,9.825669394089951
8665.993338375964,5.98084223988084
8686.033371365367,4.699233188477803
8706.073404354769,5.126436205612149
8726.113437344171,4.272030171343458
8746.153470333573,1.7088120685373829
8766.193503322975,2.99042111994042
8786.233536312377,1.2816090514030372
8806.273569301778,0.8544060342686914
8826.31360229118,1.2816090514030372
8846.353635280582,0.8544060342686914
8866.393668269984,0.8544060342686914
8886.433701259386,1.2816090514030372
8906.47373424879,0.8544060342686914
8926.513767238192,0.8544060342686914
8946.553800227593,0.4272030171343457
8966.593833216995,0.8544060342686914
8986.633866206397,0.8544060342686914
9006.6738991958,0.0
9026.713932185201,0.0
9046.753965174603,0.0
9066.793998164005,0.4272030171343457
9086.834031153407,0.0
9106.87406414281,0.4272030171343457
9126.914097132212,0.0
9146.954130121614,0.0
9166.994163111016,0.0
9187.034196100418,0.4272030171343457
9207.07422908982,0.4272030171343457
9227.114262079222,0.0
9247.154295068623,0.0
9267.194328058025,0.0
9287.234361047427,0.4272030171343457
9307.274394036831,0.8544060342686914
9327.314427026233,0.0
9347.354460015635,0.0
9367.394493005037,0.0
9387.434525994438,0.8544060342686914
9407.47455898384,0.4272030171343457
9427.514591973242,1.2816090514030372
9447.554624962644,1.7088120685373829
9467.594657952046,1.7088120685373829
9487.634690941448,0.8544060342686914
9507.67472393085,1.2816090514030372
9527.714756920253,1.7088120685373829
9547.754789909655,0.8544060342686914
9567.794822899057,2.99042111994042
9587.834855888459,1.2816090514030372
9607.874888877861,0.4272030171343457
9627.914921867263,0.4272030171343457
9647.954954856665,1.7088120685373829
9667.994987846067,0.0
9688.035020835468,0.0
9708.07505382487,0.4272030171343457
9728.115086814274,0.4272030171343457
9748.155119803676,0.0
9768.195152793078,0.0
9788.23518578248,0.4272030171343457
9808.275218771882,0.0
9828.315251761283,0.0
9848.355284750685,0.4272030171343457
9868.395317740087,0.0
9888.435350729489,0.8544060342686914
9908.475383718891,0.0
9928.515416708293,0.0
9948.555449697697,0.0
9968.595482687098,0.4272030171343457
9988.6355156765,0.8544060342686914
10008.675548665902,0.0
10028.715581655304,0.0
10048.755614644706,0.0
10068.795647634108,0.0
10088.83568062351,0.4272030171343457
10108.875713612912,0.0
10128.915746602313,0.0
10148.955779591717,0.4272030171343457
10168.995812581119,0.0
10189.03584557052,0.0
10209.075878559923,0.0
10229.115911549325,0.0
10249.155944538727,0.0
10269.195977528128,0.0
10289.23601051753,1.2816090514030372
10309.276043506932,0.0
10329.316076496334,0.0
10349.356109485736,0.0
10369.39614247514,0.0
10389.436175464542,0.4272030171343457
10409.476208453943,0.0
10429.516241443345,0.4272030171343457
10449.556274432747,0.8544060342686914
10469.596307422149,0.0
10489.636340411551,0.4272030171343457
10509.676373400953,0.4272030171343457
10529.716406390355,0.0
10549.756439379757,0.8544060342686914
10569.79647236916,0.0
10589.836505358562,0.0
10609.876538347964,0.4272030171343457
10629.916571337366,1.7088120685373829
10649.956604326768,1.2816090514030372
10669.99663731617,2.5632181028060743
10690.036670305572,4.272030171343458
10710.076703294973,1.7088120685373829
10730.116736284375,2.5632181028060743
10750.156769273777,8.97126335982126
10770.196802263179,8.11685732555257
10790.236835252583,11.534481462627335
10810.276868241985,13.243293531164717
10830.316901231387,10.252872411224297
10850.356934220788,11.534481462627335
10870.39696721019,10.252872411224297
10890.437000199592,8.544060342686915
10910.477033188994,7.2624512912838775
10930.517066178396,3.8448271542091117
10950.557099167798,5.126436205612149
10970.5971321572,2.5632181028060743
10990.637165146603,0.8544060342686914
11010.677198136005,1.2816090514030372
11030.717231125407,0.0
11050.757264114809,0.4272030171343457
11070.79729710421,0.4272030171343457
11090.837330093613,0.4272030171343457
11110.877363083015,0.0
11130.917396072417,0.0
11150.957429061818,0.8544060342686914
11170.99746205122,0.4272030171343457
11191.037495040622,0.0
11211.077528030026,0.0
11231.117561019428,0.4272030171343457
11251.15759400883,0.4272030171343457
11271.197626998231,0.0
11291.237659987633,0.4272030171343457
11311.277692977035,0.0
11331.317725966437,0.4272030171343457
11351.357758955839,0.0
11371.39779194524,0.0
11391.437824934643,0.0
11411.477857924046,0.4272030171343457
11431.517890913448,0.0
11451.55792390285,0.0
11471.597956892252,0.0
11491.637989881654,0.0
11511.678022871056,0.0
11531.718055860458,0.0
11551.75808884986,0.0
11571.798121839262,0.4272030171343457
11591.838154828663,0.0
11611.878187818067,0.4272030171343457
11631.918220807469,0.8544060342686914
11651.95825379687,0.0
11671.998286786273,1.2816090514030372
11692.038319775675,0.0
11712.078352765076,0.4272030171343457
11732.118385754478,0.4272030171343457
11752.15841874388,0.8544060342686914
11772.198451733282,0.0
11792.238484722684,0.4272030171343457
11812.278517712086,0.0
11832.31855070149,0.0
11852.358583690891,0.0
11872.398616680293,0.0
11892.438649669695,0.0
11912.478682659097,0.4272030171343457
11932.518715648499,0.0
11952.5587486379,0.0
11972.598781627303,0.0
11992.638814616705,0.4272030171343457
12012.678847606107,0.8544060342686914
12032.71888059551,0.0
12052.758913584912,0.0
12072.798946574314,0.0
12092.838979563716,0.0
12112.879012553118,0.0
12132.91904554252,0.0
12152.959078531921,0.0
12172.999111521323,0.0
12193.039144510725,0.0
12213.079177500127,0.0
12233.119210489529,0.0
12253.159243478933,0.4272030171343457
12273.199276468335,0.0
12293.239309457736,0.0
12313.279342447138,0.4272030171343457
12333.31937543654,1.2816090514030372
12353.359408425942,0.0
12373.399441415344,0.0
12393.439474404746,0.4272030171343457
12413.479507394148,0.4272030171343457
12433.51954038355,0.4272030171343457
12453.559573372953,0.4272030171343457
12473.599606362355,0.8544060342686914
12493.639639351757,1.2816090514030372
12513.679672341159,0.0
12533.71970533056,0.4272030171343457
12553.759738319963,0.4272030171343457
12573.799771309365,0.0
12593.839804298766,0.8544060342686914
12613.879837288168,0.0
12633.91987027757,1.7088120685373829
12653.959903266972,1.2816090514030372
12673.999936256376,0.4272030171343457
12694.039969245778,1.2816090514030372
12714.08000223518,0.8544060342686914
12734.120035224581,0.4272030171343457
12754.160068213983,0.8544060342686914
12774.200101203385,2.136015085671729
12794.240134192787,1.2816090514030372
12814.280167182189,1.2816090514030372
12834.32020017159,0.4272030171343457
12854.360233160993,1.2816090514030372
12874.400266150396,2.136015085671729
12894.440299139798,2.136015085671729
12914.4803321292,5.98084223988084
12934.520365118602,5.553639222746495
12954.560398108004,10.680075428358643
12974.600431097406,8.544060342686915
12994.640464086808,16.660917668239485
13014.68049707621,11.534481462627335
13034.720530065611,12.816090514030371
13054.760563055013,8.544060342686915
13074.800596044415,11.10727844549299
13094.840629033819,8.11685732555257
13114.88066202322,4.699233188477803
13134.920695012623,5.126436205612149
13154.960728002025,4.272030171343458
13175.000760991426,1.7088120685373829
13195.040793980828,2.136015085671729
13215.08082697023,2.99042111994042
13235.120859959632,1.7088120685373829
13255.160892949034,1.7088120685373829
13275.200925938436,0.8544060342686914
13295.24095892784,0.8544060342686914
13315.280991917241,2.136015085671729
13335.321024906643,3.4176241370747658
13355.361057896045,0.4272030171343457
13375.401090885447,1.2816090514030372
13395.441123874849,0.4272030171343457
13415.48115686425,1.2816090514030372
13435.521189853653,1.2816090514030372
13455.561222843055,0.4272030171343457
13475.601255832456,0.4272030171343457
13495.64128882186,0.0
13515.681321811262,0.8544060342686914
13535.721354800664,0.8544060342686914
13555.761387790066,0.8544060342686914
13575.801420779468,0.0
13595.84145376887,0.0
13615.881486758271,0.0
13635.921519747673,0.4272030171343457
13655.961552737075,0.4272030171343457
13676.001585726477,0.0
13696.041618715879,0.0
13716.081651705283,0.4272030171343457
13736.121684694685,0.4272030171343457
13756.161717684086,0.0
13776.201750673488,0.0
13796.24178366289,0.8544060342686914
13816.281816652292,0.0
13836.321849641694,0.0
13856.361882631096,0.0
13876.401915620498,0.0
13896.4419486099,0.4272030171343457
13916.481981599303,0.8544060342686914
13936.522014588705,0.4272030171343457
13956.562047578107,0.0
13976.602080567509,0.4272030171343457
13996.64211355691,0.8544060342686914
14016.682146546313,1.2816090514030372
14036.722179535715,0.4272030171343457
14056.762212525116,0.0
14076.802245514518,2.136015085671729
14096.84227850392,0.8544060342686914
14116.882311493322,1.7088120685373829
14136.922344482726,0.4272030171343457
14156.962377472128,0.8544060342686914
14177.00241046153,1.2816090514030372
14197.042443450931,1.2816090514030372
14217.082476440333,0.4272030171343457
14237.122509429735,0.0
14257.162542419137,0.8544060342686914
14277.202575408539,0.8544060342686914
14297.24260839794,0.4272030171343457
14317.282641387343,0.0
14337.322674376746,0.8544060342686914
14357.362707366148,0.0
14377.40274035555,0.0
14397.442773344952,0.0
14417.482806334354,0.0
14437.522839323756,0.4272030171343457
14457.562872313158,0.0
14477.60290530256,0.8544060342686914
14497.642938291961,0.4272030171343457
14517.682971281363,0.0
14537.723004270765,0.0
14557.763037260169,0.0
14577.80307024957,0.0
14597.843103238973,0.0
14617.883136228374,0.4272030171343457
14637.923169217776,0.0
14657.963202207178,0.4272030171343457
14678.00323519658,0.0
14698.043268185982,0.4272030171343457
14718.083301175384,0.0
14738.123334164786,0.0
14758.16336715419,0.0
14778.203400143591,0.0
14798.243433132993,0.0
14818.283466122395,0.0
14838.323499111797,0.4272030171343457
14858.363532101199,0.0
14878.4035650906,0.0
14898.443598080003,0.0
14918.483631069405,0.0
14938.523664058806,0.0
14958.563697048208,0.0
14978.603730037612,0.4272030171343457
14998.643763027014,1.2816090514030372
15018.683796016416,0.4272030171343457
15038.723829005818,0.4272030171343457
15058.76386199522,0.0
15078.803894984621,0.0
15098.843927974023,0.4272030171343457
15118.883960963425,0.4272030171343457
15138.923993952827,1.7088120685373829
15158.964026942229,0.4272030171343457
15179.004059931633,0.4272030171343457
15199.044092921034,0.8544060342686914
15219.084125910436,1.2816090514030372
15239.124158899838,1.2816090514030372
15259.16419188924,3.8448271542091117
15279.204224878642,0.8544060342686914
15299.244257868044,0.0
15319.284290857446,1.7088120685373829
15339.324323846848,0.8544060342686914
15359.36435683625,1.2816090514030372
15379.404389825653,0.8544060342686914
15399.444422815055,0.4272030171343457
15419.484455804457,0.4272030171343457
15439.524488793859,1.7088120685373829
15459.56452178326,0.8544060342686914
15479.604554772663,0.4272030171343457
15499.644587762064,0.4272030171343457
15519.684620751466,0.0
15539.724653740868,0.4272030171343457
15559.76468673027,0.8544060342686914
15579.804719719672,2.5632181028060743
15599.844752709076,2.5632181028060743
15619.884785698478,1.7088120685373829
15639.92481868788,2.5632181028060743
15659.964851677281,2.99042111994042
15680.004884666683,1.2816090514030372
15700.044917656085,2.5632181028060743
15720.084950645487,5.126436205612149
15740.124983634889,1.7088120685373829
15760.16501662429,2.136015085671729
15780.205049613693,0.8544060342686914
15800.245082603096,2.5632181028060743
15820.285115592498,0.4272030171343457
15840.3251485819,1.2816090514030372
15860.365181571302,1.2816090514030372
15880.405214560704,0.0
15900.445247550106,0.4272030171343457
15920.485280539508,0.8544060342686914
15940.52531352891,0.0
15960.565346518311,0.4272030171343457
15980.605379507713,0.4272030171343457
16000.645412497115,0.0
16020.685445486519,0.0
16040.72547847592,0.8544060342686914
16060.765511465323,0.4272030171343457
16080.805544454724,0.4272030171343457
16100.845577444126,0.8544060342686914
16120.885610433528,0.0
16140.92564342293,0.4272030171343457
16160.965676412332,0.0
16181.005709401734,0.8544060342686914
16201.045742391136,0.8544060342686914
16221.08577538054,0.4272030171343457
16241.125808369941,0.0
16261.165841359343,0.0
16281.205874348745,0.0
16301.245907338147,0.4272030171343457
16321.285940327549,0.4272030171343457
16341.32597331695,0.4272030171343457
16361.366006306353,0.4272030171343457
16381.406039295754,0.0
16401.446072285158,0.0
16421.48610527456,0.0
16441.526138263962,0.0
16461.566171253362,0.4272030171343457
16481.606204242766,0.4272030171343457
16501.646237232166,0.0
16521.68627022157,0.4272030171343457
16541.726303210973,0.4272030171343457
16561.766336200373,0.4272030171343457
16581.806369189777,0.0
16601.846402179177,0.8544060342686914
16621.88643516858,0.0
16641.92646815798,0.8544060342686914
16661.966501147384,0.8544060342686914
16682.006534136784,0.4272030171343457
16702.046567126188,0.0
16722.08660011559,0.0
16742.126633104992,0.4272030171343457
16762.166666094396,0.0
16782.206699083796,0.0
16802.2467320732,0.0
16822.2867650626,0.0
16842.326798052003,0.0
16862.366831041403,0.0
16882.406864030807,0.0
16902.446897020207,0.0
16922.48693000961,0.0
16942.52696299901,0.4272030171343457
16962.566995988414,0.0
16982.607028977818,0.0
17002.647061967218,0.4272030171343457
17022.687094956622,0.4272030171343457
17042.727127946022,0.0
17062.767160935426,0.0
17082.807193924826,0.4272030171343457
17102.84722691423,0.4272030171343457
17122.88725990363,0.0
17142.927292893033,0.0
17162.967325882437,0.8544060342686914
17183.007358871837,0.0
17203.04739186124,0.8544060342686914
17223.08742485064,0.8544060342686914
17243.127457840044,1.7088120685373829
17263.167490829444,2.5632181028060743
17283.207523818848,3.4176241370747658
17303.24755680825,6.8352482741495315
17323.287589797652,6.8352482741495315
17343.327622787052,8.544060342686915
17363.367655776456,10.680075428358643
17383.40768876586,10.252872411224297
17403.44772175526,11.96168447976168
17423.487754744663,11.534481462627335
17443.527787734063,16.660917668239485
17463.567820723467,11.10727844549299
17483.607853712867,8.97126335982126
17503.64788670227,8.97126335982126
17523.68791969167,9.398466376955605
17543.727952681074,10.680075428358643
17563.767985670474,6.408045257015186
17583.808018659878,6.8352482741495315
17603.848051649282,4.699233188477803
17623.888084638682,4.272030171343458
17643.928117628086,1.7088120685373829
17663.968150617486,2.99042111994042
17684.00818360689,2.99042111994042
17704.04821659629,0.8544060342686914
17724.088249585693,1.2816090514030372
17744.128282575093,0.0
17764.168315564497,0.0
17784.208348553897,0.4272030171343457
17804.2483815433,0.0
17824.288414532704,0.0
17844.328447522104,0.8544060342686914
17864.368480511508,0.8544060342686914
17884.408513500908,0.0
17904.448546490312,0.0
17924.488579479712,0.0
17944.528612469116,0.0
17964.568645458516,0.4272030171343457
17984.60867844792,0.0
18004.648711437323,0.0
18024.688744426723,0.0
18044.728777416127,0.0
18064.768810405527,0.0
18084.80884339493,0.0
18104.84887638433,0.4272030171343457
18124.888909373734,0.4272030171343457
18144.928942363134,0.0
18164.968975352538,0.0
18185.009008341938,0.0
18205.049041331342,0.0
18225.089074320746,0.4272030171343457
18245.129107310146,0.4272030171343457
18265.16914029955,0.0
18285.20917328895,0.0
18305.249206278353,0.4272030171343457
18325.289239267753,0.0
18345.329272257157,0.4272030171343457
18365.369305246557,0.0
18385.40933823596,0.8544060342686914
18405.44937122536,0.0
18425.489404214764,0.0
18445.529437204168,0.0
18465.569470193568,0.0
18485.609503182972,0.0
18505.649536172372,0.4272030171343457
18525.689569161776,0.4272030171343457
18545.729602151176,0.0
18565.76963514058,0.0
18585.80966812998,0.0
18605.849701119383,0.4272030171343457
18625.889734108787,0.0
18645.929767098187,0.0
18665.96980008759,0.0
18686.00983307699,0.0
18706.049866066394,0.0
18726.089899055794,0.0
18746.129932045198,0.0
18766.169965034598,0.4272030171343457
18786.209998024002,0.0
18806.250031013402,0.4272030171343457
18826.290064002806,0.0
18846.33009699221,0.0
18866.37012998161,0.4272030171343457
18886.410162971013,0.8544060342686914
18906.450195960413,0.0
18926.490228949817,0.0
18946.530261939217,0.0
18966.57029492862,0.8544060342686914
18986.61032791802,0.4272030171343457
19006.650360907424,0.0
19026.690393896824,0.0
19046.730426886228,0.0
19066.77045987563,0.0
19086.810492865032,0.0
19106.850525854436,0.0
19126.890558843836,0.0
19146.93059183324,0.0
19166.97062482264,0.0
19187.010657812043,0.0
19207.050690801443,0.8544060342686914
19227.090723790847,0.0
19247.130756780247,0.0
19267.17078976965,0.4272030171343457
19287.210822759054,0.0
19307.250855748454,0.0
19327.290888737858,0.0
19347.330921727258,0.0
19367.37095471666,0.4272030171343457
19387.410987706062,0.4272030171343457
19407.451020695466,0.0
19427.491053684866,0.4272030171343457
19447.53108667427,0.8544060342686914
19467.571119663673,0.4272030171343457
19487.611152653073,1.7088120685373829
19507.651185642477,1.2816090514030372
19527.691218631877,0.8544060342686914
19547.73125162128,3.4176241370747658
19567.77128461068,2.99042111994042
19587.811317600084,3.4176241370747658
19607.851350589484,1.2816090514030372
19627.891383578888,2.5632181028060743
19647.931416568288,2.99042111994042
19667.97144955769,1.2816090514030372
19688.011482547096,1.2816090514030372
19708.051515536496,0.8544060342686914
19728.0915485259,1.7088120685373829
19748.1315815153,1.7088120685373829
19768.171614504703,0.4272030171343457
19788.211647494103,0.4272030171343457
19808.251680483507,1.2816090514030372
19828.291713472907,0.0
19848.33174646231,1.7088120685373829
19868.37177945171,1.7088120685373829
19888.411812441114,0.4272030171343457
19908.451845430518,0.4272030171343457
19928.491878419918,1.7088120685373829
19948.53191140932,1.2816090514030372
19968.571944398722,0.4272030171343457
19988.611977388126,0.4272030171343457
20008.652010377526,0.0
20028.69204336693,1.2816090514030372
20048.73207635633,0.8544060342686914
20068.772109345733,1.7088120685373829
20088.812142335133,1.2816090514030372
20108.852175324537,0.4272030171343457
20128.89220831394,0.8544060342686914
20148.93224130334,0.4272030171343457
20168.972274292744,0.8544060342686914
20189.012307282144,0.0
20209.052340271548,0.0
20229.092373260948,0.0
20249.13240625035,0.0
20269.172439239752,0.0
20289.212472229156,0.0
20309.25250521856,0.4272030171343457
20329.29253820796,0.0
20349.332571197363,0.0
20369.372604186763,0.4272030171343457
20389.412637176167,0.4272030171343457
20409.452670165567,0.0
20429.49270315497,0.0
20449.53273614437,0.0
20469.572769133774,0.0
20489.612802123174,0.4272030171343457
20509.652835112578,0.0
20529.69286810198,1.2816090514030372
20549.73290109138,0.0
20569.772934080785,0.0
20589.812967070186,0.8544060342686914
20609.85300005959,0.0
20629.89303304899,0.0
20649.933066038393,0.0
20669.973099027793,0.4272030171343457
20690.013132017197,0.0
20710.053165006597,0.0
20730.093197996,0.0
20750.133230985404,0.4272030171343457
20770.173263974804,0.4272030171343457
20790.213296964208,0.0
20810.253329953608,0.4272030171343457
20830.29336294301,0.4272030171343457
20850.33339593241,0.0
20870.373428921816,0.0
20890.413461911216,0.0
20910.45349490062,0.4272030171343457
20930.493527890023,0.0
20950.533560879423,0.8544060342686914
20970.573593868827,0.8544060342686914
20990.613626858227,0.0
21010.65365984763,0.4272030171343457
21030.69369283703,0.0
21050.733725826434,0.4272030171343457
21070.773758815834,1.7088120685373829
21090.813791805238,0.4272030171343457
21110.853824794638,0.8544060342686914
21130.89385778404,0.0
21150.933890773445,0.0
21170.973923762846,0.4272030171343457
21191.01395675225,0.4272030171343457
21211.05398974165,0.4272030171343457
21231.094022731053,0.0
21251.134055720453,0.0
21271.174088709857,1.7088120685373829
21291.214121699257,0.0
21311.25415468866,1.2816090514030372
21331.29418767806,1.2816090514030372
21351.334220667464,0.0
21371.374253656868,0.4272030171343457
21391.414286646268,0.0
21411.45431963567,0.4272030171343457
21431.49435262507,0.0
21451.534385614475,0.4272030171343457
21471.574418603876,1.2816090514030372
21491.61445159328,0.0
21511.65448458268,0.4272030171343457
21531.694517572083,0.4272030171343457
21551.734550561483,1.2816090514030372
21571.774583550887,0.4272030171343457
21591.81461654029,0.0
21611.85464952969,1.7088120685373829
21631.894682519094,0.4272030171343457
21651.934715508494,0.4272030171343457
21671.974748497898,0.4272030171343457
21692.014781487298,0.0
21712.0548144767,0.0
21732.0948474661,0.8544060342686914
21752.134880455505,0.0
21772.17491344491,0.4272030171343457
21792.21494643431,0.8544060342686914
21812.254979423713,0.0
21832.295012413113,0.0
21852.335045402517,1.2816090514030372
21872.375078391917,0.0
21892.41511138132,1.2816090514030372
21912.45514437072,0.0
21932.495177360124,1.2816090514030372
21952.535210349524,0.4272030171343457
21972.575243338928,0.0
21992.61527632833,0.8544060342686914
22012.65530931773,0.4272030171343457
22032.695342307135,0.0
22052.735375296535,0.4272030171343457
22072.77540828594,1.2816090514030372
22092.81544127534,0.4272030171343457
22112.855474264743,0.0
22132.895507254143,0.0
22152.935540243547,1.2816090514030372
22172.975573232947,0.0
22193.01560622235,0.0
22213.055639211754,0.8544060342686914
22233.095672201154,0.8544060342686914
22253.135705190558,0.0
22273.175738179958,0.8544060342686914
22293.21577116936,0.4272030171343457
22313.25580415876,0.4272030171343457
22333.295837148165,0.4272030171343457
22353.335870137566,0.4272030171343457
22373.37590312697,0.4272030171343457
22393.41593611637,0.4272030171343457
22413.455969105773,0.8544060342686914
22433.496002095177,0.8544060342686914
22453.536035084577,0.4272030171343457
22473.57606807398,1.7088120685373829
22493.61610106338,0.4272030171343457
22513.656134052784,0.8544060342686914
22533.696167042184,0.0
22553.736200031588,1.2816090514030372
22573.776233020988,0.0
22593.81626601039,0.0
22613.856298999795,0.4272030171343457
22633.896331989195,0.4272030171343457
22653.9363649786,1.2816090514030372
22673.976397968,0.4272030171343457
22694.016430957403,1.2816090514030372
22714.056463946803,1.2816090514030372
22734.096496936207,0.0
22754.136529925607,0.4272030171343457
22774.17656291501,0.0
22794.21659590441,0.8544060342686914
22814.256628893814,0.4272030171343457
22834.296661883218,0.8544060342686914
22854.336694872618,0.4272030171343457
22874.37672786202,0.8544060342686914
22894.41676085142,0.4272030171343457
22914.456793840825,0.8544060342686914
22934.496826830225,1.7088120685373829
22954.53685981963,1.2816090514030372
22974.57689280903,0.0
22994.616925798433,0.4272030171343457
23014.656958787833,0.0
23034.696991777237,0.8544060342686914
23054.73702476664,0.8544060342686914
23074.77705775604,0.0
23094.817090745444,0.4272030171343457
23114.857123734844,1.2816090514030372
23134.897156724248,0.4272030171343457
23154.937189713648,0.0
23174.97722270305,0.8544060342686914
23195.01725569245,0.4272030171343457
23215.057288681855,1.2816090514030372
23235.09732167126,0.0
23255.13735466066,0.0
23275.177387650063,1.2816090514030372
23295.217420639463,0.8544060342686914
23315.257453628867,0.8544060342686914
23335.297486618267,0.8544060342686914
23355.33751960767,3.4176241370747658
23375.37755259707,0.8544060342686914
23395.417585586474,1.7088120685373829
23415.457618575874,1.2816090514030372
23435.497651565278,0.4272030171343457
23455.53768455468,0.4272030171343457
23475.57771754408,2.5632181028060743
23495.617750533485,2.5632181028060743
23515.657783522885,0.4272030171343457
23535.69781651229,1.2816090514030372
23555.73784950169,2.136015085671729
23575.777882491093,1.2816090514030372
23595.817915480493,1.2816090514030372
23615.857948469897,0.4272030171343457
23635.897981459297,0.4272030171343457
23655.9380144487,0.8544060342686914
23675.978047438104,1.2816090514030372
23696.018080427504,0.8544060342686914
23716.058113416908,0.8544060342686914
23736.098146406308,0.4272030171343457
23756.13817939571,0.4272030171343457
23776.17821238511,1.7088120685373829
23796.218245374515,1.2816090514030372
23816.258278363915,0.8544060342686914
23836.29831135332,0.4272030171343457
23856.33834434272,1.7088120685373829
23876.378377332123,1.7088120685373829
23896.418410321527,2.136015085671729
23916.458443310927,0.8544060342686914
23936.49847630033,0.4272030171343457
23956.53850928973,1.2816090514030372
23976.578542279134,1.2816090514030372
23996.618575268534,0.4272030171343457
24016.658608257938,1.7088120685373829
24036.698641247338,3.4176241370747658
24056.73867423674,0.4272030171343457
24076.778707226145,2.136015085671729
24096.818740215545,0.4272030171343457
24116.85877320495,1.7088120685373829
24136.89880619435,1.2816090514030372
24156.938839183753,0.0
24176.978872173153,0.4272030171343457
24197.018905162557,1.7088120685373829
24217.058938151957,1.7088120685373829
24237.09897114136,2.136015085671729
24257.13900413076,1.2816090514030372
24277.179037120164,1.7088120685373829
24297.219070109568,3.4176241370747658
24317.259103098968,0.8544060342686914
24337.29913608837,1.7088120685373829
24357.33916907777,1.7088120685373829
24377.379202067175,0.4272030171343457
24397.419235056575,1.2816090514030372
24417.45926804598,0.8544060342686914
24437.49930103538,0.8544060342686914
24457.539334024783,0.4272030171343457
24477.579367014183,1.7088120685373829
24497.619400003587,0.4272030171343457
24517.65943299299,1.2816090514030372
24537.69946598239,1.2816090514030372
24557.739498971794,1.7088120685373829
24577.779531961194,1.7088120685373829
24597.819564950598,0.8544060342686914
24617.859597939998,0.8544060342686914
24637.8996309294,2.136015085671729
24657.9396639188,1.2816090514030372
24677.979696908205,2.5632181028060743
24698.01972989761,1.2816090514030372
24718.05976288701,2.5632181028060743
24738.099795876413,1.2816090514030372
24758.139828865813,1.2816090514030372
24778.179861855217,1.2816090514030372
24798.219894844617,0.8544060342686914
24818.25992783402,1.2816090514030372
24838.29996082342,1.2816090514030372
24858.339993812824,5.126436205612149
24878.380026802224,2.99042111994042
24898.420059791628,1.7088120685373829
24918.46009278103,4.699233188477803
24938.50012577043,1.2816090514030372
24958.540158759835,2.136015085671729
24978.580191749235,0.4272030171343457
24998.62022473864,2.99042111994042
25018.66025772804,2.136015085671729
25038.700290717443,1.7088120685373829
25058.740323706843,3.8448271542091117
25078.780356696247,3.4176241370747658
25098.820389685647,3.4176241370747658
25118.86042267505,3.4176241370747658
25138.900455664454,5.553639222746495
25158.940488653854,5.98084223988084
25178.980521643258,4.699233188477803
25199.020554632658,3.4176241370747658
25219.06058762206,5.98084223988084
25239.10062061146,3.4176241370747658
25259.140653600865,4.272030171343458
25279.180686590265,5.98084223988084
25299.22071957967,5.553639222746495
25319.26075256907,3.4176241370747658
25339.300785558473,2.5632181028060743
25359.340818547877,3.4176241370747658
25379.380851537277,2.136015085671729
25399.42088452668,1.2816090514030372
25419.46091751608,1.7088120685373829
25439.500950505484,4.699233188477803
25459.540983494884,3.4176241370747658
25479.581016484288,2.5632181028060743
25499.621049473688,4.699233188477803
25519.66108246309,2.136015085671729
25539.701115452495,1.7088120685373829
25559.741148441895,3.8448271542091117
25579.7811814313,2.136015085671729
25599.8212144207,2.99042111994042
25619.861247410103,1.7088120685373829
25639.901280399503,3.4176241370747658
25659.941313388907,2.5632181028060743
25679.981346378307,2.136015085671729
25700.02137936771,2.136015085671729
25720.06141235711,3.8448271542091117
25740.101445346514,2.5632181028060743
25760.141478335918,0.8544060342686914
25780.181511325318,3.4176241370747658
25800.22154431472,2.5632181028060743
25820.26157730412,2.99042111994042
25840.301610293525,3.8448271542091117
25860.341643282925,2.136015085671729
25880.38167627233,4.699233188477803
25900.42170926173,1.7088120685373829
25920.461742251133,3.8448271542091117
25940.501775240533,3.8448271542091117
25960.541808229937,2.99042111994042
25980.58184121934,3.4176241370747658
26000.62187420874,2.5632181028060743
26020.661907198144,2.136015085671729
26040.701940187544,2.5632181028060743
26060.741973176948,4.699233188477803
26080.782006166348,1.7088120685373829
26100.82203915575,4.272030171343458
26120.86207214515,2.99042111994042
26140.902105134555,1.2816090514030372
26160.942138123955,2.99042111994042
26180.98217111336,3.8448271542091117
26201.022204102763,1.7088120685373829
26221.062237092163,2.99042111994042
26241.102270081567,2.99042111994042
26261.142303070967,3.4176241370747658
26281.18233606037,5.98084223988084
26301.22236904977,2.136015085671729
26321.262402039174,2.5632181028060743
26341.302435028574,3.4176241370747658
26361.342468017978,2.99042111994042
26381.38250100738,2.136015085671729
26401.42253399678,2.136015085671729
26421.462566986185,5.126436205612149
26441.502599975585,3.4176241370747658
26461.54263296499,4.272030171343458
26481.58266595439,2.5632181028060743
26501.622698943793,3.8448271542091117
26521.662731933193,2.5632181028060743
26541.702764922597,1.7088120685373829
26561.742797911997,2.136015085671729
26581.7828309014,3.4176241370747658
26601.822863890804,4.272030171343458
26621.862896880204,2.136015085671729
26641.902929869608,4.272030171343458
26661.942962859008,2.136015085671729
26681.98299584841,1.2816090514030372
26702.02302883781,3.8448271542091117
26722.063061827215,2.5632181028060743
26742.103094816615,2.5632181028060743
26762.14312780602,5.98084223988084
26782.18316079542,1.7088120685373829
26802.223193784823,4.272030171343458
26822.263226774226,5.553639222746495
26842.303259763627,3.4176241370747658
26862.34329275303,0.4272030171343457
26882.38332574243,2.99042111994042
26902.423358731834,5.126436205612149
26922.463391721234,4.699233188477803
26942.503424710638,6.8352482741495315
26962.543457700038,4.272030171343458
26982.58349068944,3.8448271542091117
27002.623523678845,2.136015085671729
27022.663556668245,2.99042111994042
27042.70358965765,3.4176241370747658
27062.74362264705,1.2816090514030372
27082.783655636453,3.8448271542091117
27102.823688625853,4.272030171343458
27122.863721615257,3.4176241370747658
27142.903754604657,5.98084223988084
27162.94378759406,5.126436205612149
27182.98382058346,2.99042111994042
27203.023853572864,5.126436205612149
27223.063886562268,2.136015085671729
27243.103919551668,4.272030171343458
27263.14395254107,4.272030171343458
27283.18398553047,2.99042111994042
27303.224018519875,4.272030171343458
27323.264051509275,2.99042111994042
27343.30408449868,2.136015085671729
27363.34411748808,2.99042111994042
27383.384150477483,4.272030171343458
27403.424183466883,4.699233188477803
27423.464216456287,5.126436205612149
27443.50424944569,5.98084223988084
27463.54428243509,2.136015085671729
27483.584315424494,7.689654308418223
27503.624348413894,3.4176241370747658
27523.664381403298,3.4176241370747658
27543.704414392698,4.699233188477803
27563.7444473821,1.7088120685373829
27583.7844803715,3.4176241370747658
27603.824513360905,4.699233188477803
27623.864546350305,5.126436205612149
27643.90457933971,3.8448271542091117
27663.944612329113,7.2624512912838775
27683.984645318513,5.126436205612149
27704.024678307916,5.98084223988084
27724.064711297317,2.5632181028060743
27744.10474428672,3.4176241370747658
27764.14477727612,4.699233188477803
27784.184810265524,3.8448271542091117
27804.224843254924,3.8448271542091117
27824.264876244328,4.272030171343458
27844.30490923373,4.272030171343458
27864.34494222313,2.5632181028060743
27884.384975212535,3.8448271542091117
27904.425008201935,3.8448271542091117
27924.46504119134,3.8448271542091117
27944.50507418074,3.4176241370747658
27964.545107170143,3.8448271542091117
27984.585140159543,5.98084223988084
28004.625173148946,3.4176241370747658
28024.665206138347,5.126436205612149
28044.70523912775,2.136015085671729
28064.745272117154,3.8448271542091117
28084.785305106554,5.98084223988084
28104.825338095958,2.99042111994042
28124.865371085358,8.11685732555257
28144.90540407476,4.699233188477803
28164.94543706416,7.2624512912838775
28184.985470053565,2.99042111994042
28205.025503042965,4.272030171343458
28225.06553603237,4.699233188477803
28245.10556902177,4.272030171343458
28265.145602011173,6.8352482741495315
28285.185635000576,4.699233188477803
28305.225667989977,4.699233188477803
28325.26570097938,2.99042111994042
28345.30573396878,5.126436205612149
28365.345766958184,2.5632181028060743
28385.385799947584,5.553639222746495
28405.425832936988,7.689654308418223
28425.465865926388,6.408045257015186
28445.50589891579,4.699233188477803
28465.54593190519,5.553639222746495
28485.585964894595,6.8352482741495315
28505.625997884,5.553639222746495
28525.6660308734,4.699233188477803
28545.706063862803,5.553639222746495
28565.746096852203,3.8448271542091117
28585.786129841606,7.689654308418223
28605.826162831007,2.99042111994042
28625.86619582041,3.4176241370747658
28645.90622880981,1.7088120685373829
28665.946261799214,5.126436205612149
28685.986294788618,7.689654308418223
28706.026327778018,2.5632181028060743
28726.06636076742,4.272030171343458
28746.10639375682,5.126436205612149
28766.146426746225,3.4176241370747658
28786.186459735625,4.699233188477803
28806.22649272503,4.272030171343458
28826.26652571443,5.553639222746495
28846.306558703833,6.408045257015186
28866.346591693233,4.699233188477803
28886.386624682636,6.408045257015186
28906.42665767204,9.398466376955605
28926.46669066144,8.97126335982126
28946.506723650844,5.553639222746495
28966.546756640244,5.126436205612149
28986.586789629648,2.99042111994042
29006.626822619048,5.126436205612149
29026.66685560845,5.126436205612149
29046.70688859785,7.2624512912838775
29066.746921587255,5.98084223988084
29086.786954576655,8.97126335982126
29106.82698756606,9.398466376955605
29126.867020555463,6.408045257015186
29146.907053544863,6.8352482741495315
29166.947086534266,8.11685732555257
29186.987119523666,6.408045257015186
29207.02715251307,6.408045257015186
29227.06718550247,4.699233188477803
29247.107218491874,5.126436205612149
29267.147251481274,7.689654308418223
29287.187284470678,4.272030171343458
29307.22731746008,5.553639222746495
29327.26735044948,5.98084223988084
29347.307383438885,4.699233188477803
29367.347416428285,6.8352482741495315
29387.38744941769,4.699233188477803
29407.42748240709,6.8352482741495315
29427.467515396493,5.553639222746495
29447.507548385893,6.8352482741495315
29467.547581375296,3.4176241370747658
29487.587614364696,5.98084223988084
29507.6276473541,3.8448271542091117
29527.667680343504,8.97126335982126
29547.707713332904,5.126436205612149
29567.747746322308,4.272030171343458
29587.787779311708,6.408045257015186
29607.82781230111,4.272030171343458
29627.86784529051,3.8448271542091117
29647.907878279915,6.8352482741495315
29667.947911269315,5.553639222746495
29687.98794425872,4.272030171343458
29708.02797724812,4.699233188477803
29728.068010237523,7.2624512912838775
29748.108043226926,7.689654308418223
29768.148076216326,5.553639222746495
29788.18810920573,6.8352482741495315
29808.22814219513,6.408045257015186
29828.268175184534,10.680075428358643
29848.308208173934,7.689654308418223
29868.348241163338,7.689654308418223
29888.388274152738,3.4176241370747658
29908.42830714214,6.8352482741495315
29928.46834013154,3.8448271542091117
29948.508373120945,8.97126335982126
29968.54840611035,7.689654308418223
29988.58843909975,6.408045257015186
30008.628472089153,6.8352482741495315
30028.668505078553,4.699233188477803
30048.708538067956,8.544060342686915
30068.748571057356,5.553639222746495
30088.78860404676,6.408045257015186
30108.82863703616,5.553639222746495
30128.868670025564,6.408045257015186
30148.908703014968,7.689654308418223
30168.948736004368,3.8448271542091117
30188.98876899377,3.8448271542091117
30209.02880198317,6.408045257015186
30229.068834972575,5.553639222746495
30249.108867961975,6.8352482741495315
30269.14890095138,8.544060342686915
30289.18893394078,8.11685732555257
30309.228966930183,6.408045257015186
30329.268999919583,6.8352482741495315
30349.309032908986,6.8352482741495315
30369.34906589839,6.8352482741495315
30389.38909888779,6.8352482741495315
30409.429131877194,6.408045257015186
30429.469164866594,4.699233188477803
30449.509197855998,6.8352482741495315
30469.549230845398,5.553639222746495
30489.5892638348,5.553639222746495
30509.6292968242,7.2624512912838775
30529.669329813605,8.544060342686915
30549.709362803005,5.98084223988084
30569.74939579241,8.544060342686915
30589.789428781813,3.8448271542091117
30609.829461771213,12.388887496896025
30629.869494760616,5.553639222746495
30649.909527750016,7.2624512912838775
30669.94956073942,6.408045257015186
30689.98959372882,5.98084223988084
30710.029626718224,5.126436205612149
30730.069659707624,6.408045257015186
30750.109692697028,5.98084223988084
30770.14972568643,4.272030171343458
30790.18975867583,8.11685732555257
30810.229791665235,11.534481462627335
30830.269824654635,10.680075428358643
30850.30985764404,8.11685732555257
30870.34989063344,7.2624512912838775
30890.389923622843,6.408045257015186
30910.429956612243,7.2624512912838775
30930.469989601646,9.398466376955605
30950.510022591046,7.2624512912838775
30970.55005558045,8.11685732555257
30990.590088569854,8.544060342686915
31010.630121559254,8.11685732555257
31030.670154548658,7.2624512912838775
31050.710187538058,4.272030171343458
31070.75022052746,5.126436205612149
31090.79025351686,4.272030171343458
31110.830286506265,7.689654308418223
31130.870319495665,4.699233188477803
31150.91035248507,6.8352482741495315
31170.95038547447,5.98084223988084
31190.990418463873,7.689654308418223
31211.030451453276,6.8352482741495315
31231.070484442676,9.825669394089951
31251.11051743208,5.98084223988084
31271.15055042148,5.553639222746495
31291.190583410884,7.689654308418223
31311.230616400284,7.689654308418223
31331.270649389688,5.126436205612149
31351.310682379088,6.8352482741495315
31371.35071536849,9.825669394089951
31391.39074835789,10.680075428358643
31411.430781347295,10.680075428358643
31431.4708143367,5.98084223988084
31451.5108473261,9.825669394089951
31471.550880315503,7.2624512912838775
31491.590913304903,6.408045257015186
31511.630946294306,5.553639222746495
31531.670979283706,9.825669394089951
31551.71101227311,7.689654308418223
31571.75104526251,9.825669394089951
31591.791078251914,4.699233188477803
31611.831111241318,8.544060342686915
31631.871144230718,9.398466376955605
31651.91117722012,8.11685732555257
31671.95121020952,11.534481462627335
31691.991243198925,8.11685732555257
31712.031276188325,11.10727844549299
31732.07130917773,9.398466376955605
31752.11134216713,5.98084223988084
31772.151375156533,8.544060342686915
31792.191408145933,8.97126335982126
31812.231441135336,10.680075428358643
31832.27147412474,9.398466376955605
31852.31150711414,6.8352482741495315
31872.351540103544,5.126436205612149
31892.391573092944,6.408045257015186
31912.431606082348,7.689654308418223
31932.471639071748,11.10727844549299
31952.51167206115,8.97126335982126
31972.55170505055,9.398466376955605
31992.591738039955,8.11685732555257
32012.631771029355,8.97126335982126
32032.67180401876,8.97126335982126
32052.711837008163,9.825669394089951
32072.751869997563,12.388887496896025
32092.791902986966,12.388887496896025
32112.831935976366,9.825669394089951
32132.87196896577,8.544060342686915
32152.91200195517,8.97126335982126
32172.952034944574,9.825669394089951
32192.992067933974,7.689654308418223
32213.032100923378,6.408045257015186
32233.072133912778,7.2624512912838775
32253.11216690218,7.689654308418223
32273.152199891585,8.544060342686915
32293.192232880985,8.544060342686915
32313.23226587039,8.11685732555257
32333.27229885979,8.544060342686915
32353.312331849193,6.408045257015186
32373.352364838593,9.825669394089951
32393.392397827996,10.680075428358643
32413.432430817396,9.398466376955605
32433.4724638068,7.2624512912838775
32453.512496796204,5.553639222746495
32473.552529785604,7.2624512912838775
32493.592562775008,5.98084223988084
32513.632595764408,7.2624512912838775
32533.67262875381,7.2624512912838775
32553.71266174321,6.8352482741495315
32573.752694732615,6.408045257015186
32593.792727722015,10.680075428358643
32613.83276071142,7.689654308418223
32633.87279370082,7.2624512912838775
32653.912826690223,8.544060342686915
32673.952859679626,7.2624512912838775
32693.992892669026,7.689654308418223
32714.03292565843,7.2624512912838775
32734.07295864783,5.98084223988084
32754.112991637234,5.553639222746495
32774.153024626634,7.689654308418223
32794.19305761604,8.11685732555257
32814.23309060544,6.8352482741495315
32834.27312359484,6.408045257015186
32854.31315658424,5.553639222746495
32874.353189573645,10.252872411224297
32894.39322256305,8.97126335982126
32914.43325555245,11.96168447976168
32934.47328854185,7.2624512912838775
32954.51332153125,11.10727844549299
32974.553354520656,9.825669394089951
32994.59338751006,8.97126335982126
33014.63342049946,7.2624512912838775
33034.67345348886,8.11685732555257
33054.713486478264,7.689654308418223
33074.75351946767,7.689654308418223
33094.79355245707,8.544060342686915
33114.83358544647,8.97126335982126
33134.87361843587,13.243293531164717
33154.913651425275,5.98084223988084
33174.95368441468,7.689654308418223
33194.993717404075,5.98084223988084
33215.03375039348,5.98084223988084
33235.07378338288,8.544060342686915
33255.113816372286,8.544060342686915
33275.15384936168,7.689654308418223
33295.193882351086,8.11685732555257
33315.23391534049,5.126436205612149
33335.273948329894,11.10727844549299
33355.3139813193,10.680075428358643
33375.354014308694,5.126436205612149
33395.3940472981,11.10727844549299
33415.4340802875,11.96168447976168
33435.474113276905,5.98084223988084
33455.5141462663,5.553639222746495
33475.554179255705,8.11685732555257
33495.59421224511,4.699233188477803
33515.63424523451,11.96168447976168
33535.674278223916,11.534481462627335
33555.71431121331,10.252872411224297
33575.754344202716,9.398466376955605
33595.79437719212,11.534481462627335
33615.834410181524,8.544060342686915
33635.87444317092,7.2624512912838775
33655.914476160324,4.699233188477803
33675.95450914973,11.534481462627335
33695.99454213913,9.825669394089951
33716.034575128535,11.10727844549299
33736.07460811793,5.553639222746495
33756.114641107335,8.97126335982126
33776.15467409674,6.8352482741495315
33796.19470708614,9.825669394089951
33816.23474007554,8.97126335982126
33836.27477306494,6.408045257015186
33856.314806054346,8.11685732555257
33876.35483904375,8.97126335982126
33896.39487203315,9.825669394089951
33916.43490502255,8.97126335982126
33936.474938011954,6.8352482741495315
33956.51497100136,10.252872411224297
33976.55500399076,10.680075428358643
33996.59503698016,5.98084223988084
34016.63506996956,8.544060342686915
34036.675102958965,6.8352482741495315
34056.71513594837,8.11685732555257
34076.755168937765,10.252872411224297
34096.79520192717,8.97126335982126
34116.83523491657,5.553639222746495
34136.875267905976,8.97126335982126
34156.91530089538,5.553639222746495
34176.955333884776,6.8352482741495315
34196.99536687418,5.553639222746495
34217.035399863584,8.544060342686915
34237.07543285299,10.252872411224297
34257.115465842384,9.398466376955605
34277.15549883179,8.11685732555257
34297.19553182119,8.544060342686915
34317.235564810595,7.689654308418223
34337.2755978,9.825669394089951
34357.315630789395,7.689654308418223
34377.3556637788,10.252872411224297
34397.3956967682,6.8352482741495315
34417.435729757606,8.11685732555257
34437.475762747,9.398466376955605
34457.515795736406,8.11685732555257
34477.55582872581,10.252872411224297
34497.595861715214,9.825669394089951
34517.63589470461,9.398466376955605
34537.675927694014,7.689654308418223
34557.71596068342,10.680075428358643
34577.75599367282,7.2624512912838775
34597.796026662225,9.825669394089951
34617.83605965162,7.2624512912838775
34637.876092641025,10.680075428358643
34657.91612563043,8.544060342686915
34677.95615861983,11.534481462627335
34697.99619160923,6.408045257015186
34718.03622459863,9.398466376955605
34738.076257588036,8.11685732555257
34758.11629057744,8.97126335982126
34778.156323566844,6.408045257015186
34798.19635655624,5.98084223988084
34818.236389545644,7.689654308418223
34838.27642253505,8.544060342686915
34858.31645552445,6.8352482741495315
34878.35648851385,7.2624512912838775
34898.39652150325,8.544060342686915
34918.436554492655,9.398466376955605
34938.47658748206,9.825669394089951
34958.51662047146,10.680075428358643
34978.55665346086,8.97126335982126
34998.59668645026,9.825669394089951
35018.636719439666,8.544060342686915
35038.67675242907,8.97126335982126
35058.716785418466,9.825669394089951
35078.75681840787,6.408045257015186
35098.796851397274,7.689654308418223
35118.83688438668,9.398466376955605
35138.876917376074,8.97126335982126
35158.91695036548,5.553639222746495
35178.95698335488,7.689654308418223
35198.997016344285,9.398466376955605
35219.03704933369,7.2624512912838775
35239.077082323085,9.825669394089951
35259.11711531249,7.689654308418223
35279.15714830189,6.8352482741495315
35299.197181291296,9.398466376955605
35319.23721428069,7.689654308418223
35339.277247270096,8.544060342686915
35359.3172802595,6.408045257015186
35379.357313248904,9.398466376955605
35399.39734623831,6.8352482741495315
35419.437379227704,11.534481462627335
35439.47741221711,7.689654308418223
35459.51744520651,5.98084223988084
35479.557478195915,8.97126335982126
35499.59751118531,6.408045257015186
35519.637544174715,8.97126335982126
35539.67757716412,6.408045257015186
35559.71761015352,7.689654308418223
35579.75764314292,9.398466376955605
35599.79767613232,7.2624512912838775
35619.837709121726,9.825669394089951
35639.87774211113,7.689654308418223
35659.91777510053,12.388887496896025
35679.95780808993,6.8352482741495315
35699.997841079334,8.97126335982126
35720.03787406874,7.2624512912838775
35740.07790705814,8.544060342686915
35760.11794004754,8.544060342686915
35780.15797303694,8.11685732555257
35800.198006026345,10.680075428358643
35820.23803901575,5.126436205612149
35840.27807200515,10.252872411224297
35860.31810499455,5.98084223988084
35880.35813798395,8.97126335982126
35900.398170973356,11.534481462627335
35920.43820396276,6.8352482741495315
35940.478236952156,5.126436205612149
35960.51826994156,8.97126335982126
35980.558302930964,12.388887496896025
36000.59833592037,8.97126335982126
36020.63836890977,8.544060342686915
36040.67840189917,7.2624512912838775
36060.71843488857,8.11685732555257
36080.758467877975,7.689654308418223
36100.79850086738,6.8352482741495315
36120.838533856775,10.680075428358643
36140.87856684618,5.98084223988084
36160.91859983558,5.98084223988084
36180.958632824986,11.96168447976168
36200.99866581438,7.2624512912838775
36221.038698803786,9.825669394089951
36241.07873179319,9.398466376955605
36261.118764782594,8.97126335982126
36281.158797772,13.243293531164717
36301.198830761394,10.252872411224297
36321.2388637508,10.680075428358643
36341.2788967402,6.408045257015186
36361.318929729605,5.98084223988084
36381.358962719,10.680075428358643
36401.398995708405,7.2624512912838775
36421.43902869781,11.10727844549299
36441.47906168721,6.408045257015186
36461.519094676616,6.8352482741495315
36481.55912766601,7.2624512912838775
36501.599160655416,10.252872411224297
36521.63919364482,14.524902582567755
36541.67922663422,9.398466376955605
36561.71925962362,8.544060342686915
36581.759292613024,8.544060342686915
36601.79932560243,9.398466376955605
36621.83935859183,8.11685732555257
36641.879391581235,8.11685732555257
36661.91942457063,9.398466376955605
36681.959457560035,7.2624512912838775
36701.99949054944,6.408045257015186
36722.03952353884,8.97126335982126
36742.07955652824,8.544060342686915
36762.11958951764,6.8352482741495315
36782.159622507046,6.8352482741495315
36802.19965549645,7.2624512912838775
36822.239688485846,5.126436205612149
36842.27972147525,6.408045257015186
36862.319754464654,8.544060342686915
36882.35978745406,6.408045257015186
36902.39982044346,5.553639222746495
36922.43985343286,4.699233188477803
36942.47988642226,6.408045257015186
36962.519919411665,6.408045257015186
36982.55995240107,8.11685732555257
37002.599985390465,12.388887496896025
37022.64001837987,8.544060342686915
37042.68005136927,7.2624512912838775
37062.720084358676,7.689654308418223
37082.76011734808,5.553639222746495
37102.800150337476,8.11685732555257
37122.84018332688,5.98084223988084
37142.88021631628,10.252872411224297
37162.92024930569,9.398466376955605
37182.960282295084,5.126436205612149
37203.00031528449,8.97126335982126
37223.04034827389,8.97126335982126
37243.080381263295,8.97126335982126
37263.1204142527,5.98084223988084
37283.160447242095,9.398466376955605
37303.2004802315,11.534481462627335
37323.2405132209,8.97126335982126
37343.280546210306,11.10727844549299
37363.3205791997,6.8352482741495315
37383.360612189106,8.97126335982126
37403.40064517851,12.388887496896025
37423.44067816791,7.2624512912838775
37443.48071115731,7.2624512912838775
37463.520744146714,2.99042111994042
37483.56077713612,6.8352482741495315
37503.60081012552,8.544060342686915
37523.640843114925,6.408045257015186
37543.68087610432,9.825669394089951
37563.720909093725,5.553639222746495
37583.76094208313,8.544060342686915
37603.80097507253,10.252872411224297
37623.84100806193,7.2624512912838775
37643.88104105133,9.825669394089951
37663.921074040736,7.2624512912838775
37683.96110703014,7.689654308418223
37704.00114001954,8.11685732555257
37724.04117300894,5.553639222746495
37744.081205998344,13.243293531164717
37764.12123898775,7.2624512912838775
37784.16127197715,7.689654308418223
37804.20130496655,6.8352482741495315
37824.24133795595,7.689654308418223
37844.281370945355,10.680075428358643
37864.32140393476,10.252872411224297
37884.361436924155,5.553639222746495
37904.40146991356,8.544060342686915
37924.44150290296,8.11685732555257
37944.481535892366,5.126436205612149
37964.52156888177,7.2624512912838775
37984.561601871166,6.8352482741495315
38004.60163486057,7.2624512912838775
38024.64166784997,9.398466376955605
38044.68170083938,6.408045257015186
38064.721733828774,6.408045257015186
38084.76176681818,10.680075428358643
38104.80179980758,5.126436205612149
38124.841832796985,9.825669394089951
38144.88186578639,8.11685732555257
38164.921898775785,7.2624512912838775
38184.96193176519,7.2624512912838775
38205.00196475459,10.252872411224297
38225.041997743996,5.553639222746495
38245.08203073339,9.398466376955605
38265.122063722796,3.8448271542091117
38285.1620967122,5.553639222746495
38305.2021297016,9.825669394089951
38325.24216269101,7.689654308418223
38345.282195680404,5.98084223988084
38365.32222866981,4.272030171343458
38385.36226165921,8.544060342686915
38405.402294648615,7.2624512912838775
38425.44232763801,6.8352482741495315
38445.482360627415,7.689654308418223
38465.52239361682,7.2624512912838775
38485.56242660622,5.98084223988084
38505.60245959562,7.2624512912838775
38525.64249258502,8.97126335982126
38545.682525574426,5.553639222746495
38565.72255856383,5.126436205612149
38585.76259155323,5.553639222746495
38605.80262454263,5.98084223988084
38625.84265753203,8.544060342686915
38645.88269052144,8.97126335982126
38665.92272351084,6.8352482741495315
38685.96275650024,5.98084223988084
38706.00278948964,8.11685732555257
38726.042822479045,7.689654308418223
38746.08285546845,4.272030171343458
38766.12288845785,6.8352482741495315
38786.16292144725,5.98084223988084
38806.20295443665,7.2624512912838775
38826.242987426056,8.11685732555257
38846.28302041546,3.8448271542091117
38866.323053404856,8.11685732555257
38886.36308639426,6.8352482741495315
38906.40311938366,7.2624512912838775
38926.44315237307,5.553639222746495
38946.48318536247,8.544060342686915
38966.52321835187,8.544060342686915
38986.56325134127,8.97126335982126
39006.603284330675,4.272030171343458
39026.64331732008,6.408045257015186
39046.683350309475,8.97126335982126
39066.72338329888,6.408045257015186
39086.76341628828,4.699233188477803
39106.803449277686,7.689654308418223
39126.84348226708,5.553639222746495
39146.883515256486,5.126436205612149
39166.92354824589,6.408045257015186
39186.96358123529,8.11685732555257
39207.0036142247,5.553639222746495
39227.043647214094,6.408045257015186
39247.0836802035,5.553639222746495
39267.1237131929,2.99042111994042
39287.163746182305,9.398466376955605
39307.2037791717,6.8352482741495315
39327.243812161105,8.97126335982126
39347.28384515051,5.98084223988084
39367.32387813991,3.4176241370747658
39387.363911129316,5.98084223988084
39407.40394411871,3.4176241370747658
39427.443977108116,3.8448271542091117
39447.48401009752,8.11685732555257
39467.52404308692,2.99042111994042
39487.56407607632,5.98084223988084
39507.60410906572,5.98084223988084
39527.64414205513,10.252872411224297
39547.68417504453,5.98084223988084
39567.724208033935,5.98084223988084
39587.76424102333,5.553639222746495
39607.804274012735,4.272030171343458
39627.84430700214,5.126436205612149
39647.88433999154,7.689654308418223
39667.92437298094,6.8352482741495315
39687.96440597034,5.553639222746495
39708.004438959746,5.98084223988084
39728.04447194915,5.98084223988084
39748.084504938546,3.8448271542091117
39768.12453792795,6.8352482741495315
39788.16457091735,7.2624512912838775
39808.20460390676,6.408045257015186
39828.24463689616,5.98084223988084
39848.28466988556,3.8448271542091117
39868.32470287496,7.2624512912838775
39888.364735864365,3.8448271542091117
39908.40476885377,3.4176241370747658
39928.444801843165,4.699233188477803
39948.48483483257,10.252872411224297
39968.52486782197,6.8352482741495315
39988.564900811376,5.553639222746495
40008.60493380078,5.126436205612149
40028.644966790176,5.98084223988084
40048.68499977958,5.553639222746495
40068.72503276898,4.272030171343458
40088.76506575839,2.5632181028060743
40108.80509874778,1.2816090514030372
40128.84513173719,8.11685732555257
40148.88516472659,6.408045257015186
40168.925197715995,4.699233188477803
40188.96523070539,5.553639222746495
40209.005263694795,3.8448271542091117
40229.0452966842,5.553639222746495
40249.0853296736,7.2624512912838775
40269.125362663006,5.126436205612149
40289.1653956524,5.98084223988084
40309.205428641806,4.699233188477803
40329.24546163121,5.126436205612149
40349.28549462061,6.408045257015186
40369.32552761001,2.136015085671729
40389.36556059941,5.98084223988084
40409.40559358882,3.4176241370747658
40429.44562657822,5.126436205612149
40449.485659567625,6.8352482741495315
40469.52569255702,3.4176241370747658
40489.565725546425,7.689654308418223
40509.60575853583,5.553639222746495
40529.64579152523,5.98084223988084
40549.68582451463,5.126436205612149
40569.72585750403,3.8448271542091117
40589.765890493436,3.4176241370747658
40609.80592348284,5.98084223988084
40629.84595647224,4.272030171343458
40649.88598946164,1.7088120685373829
40669.92602245104,2.99042111994042
40689.96605544045,1.7088120685373829
40710.00608842985,3.4176241370747658
40730.04612141925,3.4176241370747658
40750.08615440865,4.272030171343458
40770.126187398055,2.99042111994042
40790.16622038746,5.553639222746495
40810.206253376855,4.699233188477803
40830.24628636626,3.4176241370747658
40850.28631935566,5.553639222746495
40870.326352345066,3.4176241370747658
40890.36638533447,5.126436205612149
40910.406418323866,0.8544060342686914
40930.44645131327,3.8448271542091117
40950.48648430267,2.5632181028060743
40970.52651729208,3.4176241370747658
40990.56655028147,5.126436205612149
41010.60658327088,3.8448271542091117
