Energy (keV),Intensity (CPS)
-10.960054948596357,0.0
9.078175824877073,0.0
29.1164065983505,0.0
49.15463737182393,0.0
69.19286814529737,0.0
89.2310989187708,0.0
109.26932969224423,0.0
129.30756046571764,0.0
149.34579123919107,0.0
169.3840220126645,0.0
189.42225278613793,0.0
209.46048355961136,0.0
229.4987143330848,0.0
249.5369451065582,0.0
269.5751758800317,0.0
289.61340665350514,0.0
309.65163742697854,0.0
329.68986820045194,0.0
349.7280989739254,0.0
369.76632974739886,0.0
389.80456052087226,0.0
409.84279129434566,0.7708650311140223
429.8810220678191,0.38543251555701113
449.9192528412926,0.38543251555701113
469.957483614766,0.7708650311140223
489.9957143882394,1.1562975466710335
510.0339451617128,0.7708650311140223
530.0721759351862,1.9271625777850556
550.1104067086596,1.1562975466710335
570.148637482133,1.1562975466710335
590.1868682556066,1.9271625777850556
610.22509902908,0.7708650311140223
630.2633298025534,1.5417300622280445
650.3015605760268,3.8543251555701112
670.3397913495002,1.9271625777850556
690.3780221229737,2.312595093342067
710.4162528964471,1.5417300622280445
730.4544836699205,1.9271625777850556
750.492714443394,4.239757671127123
770.5309452168674,3.083460124456089
790.5691759903408,5.396055217798156
810.6074067638142,6.166920248912178
830.6456375372876,3.8543251555701112
850.6838683107611,9.635812888925278
870.7220990842345,5.010622702241145
890.7603298577079,7.323217795583211
910.7985606311814,17.72989571562251
930.8367914046548,32.76176382234595
950.8750221781282,37.00152149347307
970.9132529516016,25.438546026762737
990.951483725075,15.417300622280445
1010.9897144985486,4.625190186684134
1031.027945272022,8.479515342254246
1051.0661760454955,11.948407982267344
1071.104406818969,16.573598168951477
1091.1426375924423,22.740518417863658
1111.1808683659158,14.646435591166423
1131.2190991393893,8.479515342254246
1151.2573299128626,6.9377852800262
1171.295560686336,11.562975466710334
1191.3337914598096,11.562975466710334
1211.372022233283,13.49013804449539
1231.4102530067564,10.792110435596312
1251.4484837802297,6.552352764469189
1271.4867145537032,9.250380373368268
1291.5249453271767,5.010622702241145
1311.56317610065,4.625190186684134
1331.6014068741235,4.239757671127123
1351.6396376475968,3.8543251555701112
1371.6778684210703,3.4688926400131
1391.7160991945439,5.396055217798156
1411.7543299680171,3.4688926400131
1431.7925607414907,7.7086503111402225
1451.8307915149642,14.646435591166423
1471.8690222884375,10.792110435596312
1491.907253061911,9.250380373368268
1511.9454838353845,10.02124540448229
1531.9837146088578,5.781487733355167
1552.0219453823313,6.552352764469189
1572.0601761558046,4.239757671127123
1592.098406929278,5.781487733355167
1612.1366377027516,6.166920248912178
1632.174868476225,3.4688926400131
1652.2130992496984,6.9377852800262
1672.2513300231717,9.250380373368268
1692.2895607966452,22.740518417863658
1712.3277915701187,36.61608897791606
1732.366022343592,45.481036835727316
1752.4042531170655,36.61608897791606
1772.442483890539,24.667680995648713
1792.4807146640123,15.031868106723435
1812.5189454374859,10.4066779200393
1832.5571762109594,9.250380373368268
1852.5954069844327,10.02124540448229
1872.6336377579062,8.864947857811256
1892.6718685313795,9.250380373368268
1912.710099304853,13.104705528938378
1932.7483300783265,12.719273013381368
1952.7865608517998,19.271625777850556
1972.8247916252733,30.44916872900388
1992.8630223987466,38.157819040144105
2012.90125317222,36.61608897791606
2032.9394839456936,33.53262885345997
2052.977714719167,33.147196337902955
2073.01594549264,28.907438666775835
2093.0541762661137,26.209411057876757
2113.092407039587,30.83460124456089
2133.1306378130607,28.522006151218825
2153.1688685865342,20.42792332452159
2173.2070993600078,31.990898791231924
2193.245330133481,32.376331306788934
2213.2835609069543,27.36570860454779
2233.321791680428,40.470414133486166
2253.3600224539014,40.85584664904318
2273.398253227375,58.971174880222705
2293.436484000848,68.99242028470499
2313.4747147743215,66.67982519136292
2333.512945547795,75.54477304917418
2353.5511763212685,75.54477304917418
2373.589407094742,77.08650311140222
2393.6276378682155,58.971174880222705
2413.6658686416886,62.44006752023581
2433.704099415162,56.65857978688064
2453.7423301886356,50.106227022411446
2473.780560962109,57.42944481799466
2493.8187917355826,65.13809512913488
2513.8570225090557,66.67982519136292
2533.895253282529,74.38847550250316
2553.9334840560027,90.96207367145463
2573.9717148294762,111.77542951153323
2594.0099456029498,187.70563507626443
2614.048176376423,339.1806136901698
2634.0864071498963,657.933304055818
2654.12463792337,1095.0137766974685
2674.1628686968434,1494.7072953300892
2694.201099470317,1692.434175810836
2714.23933024379,1491.623835205633
2734.2775610172635,1075.356718404061
2754.315791790737,725.383994278295
2774.3540225642105,573.1381506332756
2794.392253337684,691.465932909278
2814.4304841111575,852.5767244121087
2834.4687148846306,938.1427428657651
2854.506945658104,844.4826415854114
2874.5451764315776,732.7072120738782
2894.583407205051,659.4750341180461
2914.6216379785246,664.1002243047302
2934.6598687519977,757.3748930695269
2954.698099525471,794.3764145629999
2974.7363302989447,720.7588040916108
2994.7745610724182,559.6480125887801
3014.8127918458918,379.65102782365597
3034.8510226193653,232.0303743653207
3054.8892533928383,152.63127616057642
3074.927484166312,127.19273013381367
3094.9657149397854,127.57816264937068
3115.003945713259,142.61003075609412
3135.0421764867324,150.31868106723434
3155.0804072602054,146.84978842722126
3175.118638033679,164.19425162728675
3195.1568688071525,135.67224547606793
3215.195099580626,133.74508289828287
3235.2333303540995,107.92110435596312
3255.2715611275726,100.5978865603799
3275.309791901046,105.22307674706404
3295.3480226745196,92.11837121812566
3315.386253447993,109.46283441819116
3335.4244842214666,128.7344601960417
3355.4627149949397,126.42186510269966
3375.500945768413,115.62975466710334
3395.5391765418867,108.30653687152012
3415.5774073153602,101.36875159149393
3435.6156380888337,98.28529146703784
3455.6538688623073,95.20183134258176
3475.6920996357803,99.82702152926588
3495.730330409254,100.98331907593692
3515.7685611827274,88.64947857811256
3535.806791956201,95.58726385813875
3555.8450227296744,94.43096631146773
3575.8832535031474,105.60850926262106
3595.921484276621,96.7435614048098
3615.9597150500945,122.18210743157253
3635.997945823568,121.02580988490149
3656.0361765970415,151.08954609834836
3676.074407370515,160.33992647171664
3696.112638143988,152.63127616057642
3716.1508689174616,151.47497861390536
3736.189099690935,144.53719333387917
3756.2273304644086,129.50532522715574
3776.265561237882,127.19273013381367
3796.303792011355,127.19273013381367
3816.3420227848287,110.61913196486219
3836.3802535583022,137.21397553829595
3856.4184843317757,122.18210743157253
3876.4567151052493,118.32778227600242
3896.4949458787223,133.74508289828287
3916.533176652196,136.82854302273896
3936.5714074256693,136.44311050718196
3956.609638199143,137.98484056940998
3976.6478689726164,131.0470552893838
3996.6860997460894,138.370273084967
4016.724330519563,144.53719333387917
4036.7625612930365,130.66162277382676
4056.80079206651,153.01670867613342
4076.8390228399835,142.61003075609412
4096.877253613457,136.44311050718196
4116.91548438693,151.08954609834836
4136.953715160404,149.1623835205633
4156.991945933876,147.23522094277826
4177.03017670735,148.7769510050063
4197.068407480823,138.370273084967
4217.106638254297,151.8604111294624
4237.14486902777,159.9544939561596
4257.183099801244,152.2458436450194
4277.221330574717,141.8391657249801
4297.259561348191,162.6525215650587
4317.297792121664,167.66314426729986
4337.336022895138,169.20487432952788
4357.374253668611,166.1214142050718
4377.412484442084,156.48560131614653
4397.4507152155575,164.96511665840077
4417.488945989031,167.27771175174283
4437.5271767625045,166.5068467206288
4457.565407535978,171.90290193842696
4477.6036383094515,183.0804448895803
4497.641869082925,172.673766969541
4517.680099856399,183.85130992069432
4537.718330629872,180.3824172806812
4557.756561403346,187.3202025607074
4577.794792176819,157.64189886281756
4597.833022950292,181.15328231179524
4617.871253723765,185.00760746736535
4637.909484497239,191.55996023183454
4657.947715270712,175.75722709399707
4677.985946044186,187.3202025607074
4698.024176817659,176.5280921251111
4718.062407591133,191.1745277162775
4738.100638364606,193.4871228096196
4758.13886913808,190.7890952007205
4778.177099911553,200.8103406052028
4798.215330685027,208.90442343190003
4818.2535614584995,210.06072097857106
4838.291792231973,213.52961361858416
4858.3300230054465,203.8938007296589
4878.36825377892,219.69653386749636
4898.4064845523935,205.82096330744395
4918.444715325867,200.8103406052028
4938.482946099341,216.99850625859727
4958.521176872814,215.07134368081222
4978.559407646288,210.06072097857106
4998.597638419761,214.3004786496982
5018.635869193234,219.31110135193933
5038.674099966707,229.71777927197863
5058.712330740181,218.92566883638233
5078.750561513654,208.90442343190003
5098.788792287128,237.81186209867587
5118.827023060601,234.34296945866276
5138.865253834075,222.0091289608384
5158.903484607548,229.33234675642163
5178.941715381022,240.12445719201793
5198.979946154495,255.9271903298554
5219.018176927969,268.26103082767975
5239.0564077014415,263.2504081254386
5259.094638474915,277.896843716605
5279.1328692483885,287.9180891210873
5299.171100021862,284.0637639655172
5319.2093307953355,321.8361504901043
5339.247561568809,303.3353897433678
5359.285792342283,332.6282609257006
5379.324023115756,330.70109834791555
5399.36225388923,344.19123639241093
5419.400484662703,343.80580387685393
5439.438715436176,313.35663514785006
5459.476946209649,326.46134067678844
5479.515176983123,289.45981918331535
5499.553407756596,315.6692302411921
5519.59163853007,277.125978685491
5539.629869303543,264.79213818766664
5559.668100077017,287.5326566055303
5579.70633085049,287.5326566055303
5599.744561623964,285.22006151218824
5619.782792397437,312.97120263229306
5639.821023170911,295.62673943222757
5659.859253944383,312.200337601179
5679.897484717857,302.17909219669673
5699.9357154913305,318.7526903656482
5719.973946264804,309.11687747672295
5740.0121770382775,311.814905085622
5760.050407811751,306.41884986782384
5780.0886385852245,317.59639281897717
5800.126869358698,329.54480080124455
5820.165100132172,340.7223437523978
5840.203330905645,311.429472570065
5860.241561679119,366.1608897791606
5880.279792452591,338.02431614349877
5900.318023226065,342.2640738146259
5920.356253999538,349.9727241257661
5940.394484773012,346.118398970196
5960.432715546485,359.22310449913437
5980.470946319959,328.3885032545735
6000.509177093432,363.84829468581853
6020.547407866906,339.9514787212838
6040.585638640379,339.1806136901698
6060.623869413853,363.4628621702615
6080.662100187326,384.66165052589713
6100.700330960799,364.61915971693253
6120.7385617342725,371.17151248140175
6140.776792507746,346.118398970196
6160.8150232812195,402.7769787570766
6180.853254054693,368.85891738805964
6200.8914848281665,395.83919347705046
6220.92971560164,417.80884686380006
6240.967946375114,398.5372210859495
6261.006177148587,441.32023031277777
6281.044407922061,449.414313139475
6301.082638695533,429.3718223305104
6321.120869469007,476.78002174402275
6341.15910024248,499.52054016188646
6361.197331015954,496.43708003743035
6381.235561789427,514.5524082686098
6401.273792562901,512.6252456908248
6421.312023336374,518.021300908623
6441.350254109848,482.94694199293497
6461.388484883321,460.5918560906283
6481.426715656795,404.3187088193047
6501.464946430268,392.37030083703735
6521.503177203741,400.84981617929157
6541.5414079772145,377.3384327303139
6561.579638750688,368.85891738805964
6581.6178695241615,365.7754572636036
6601.656100297635,382.7344879481121
6621.6943310711085,365.7754572636036
6641.732561844582,375.41127015252886
6661.770792618056,371.55694499695875
6681.809023391529,410.10019655265984
6701.847254165003,385.04708304145413
6721.885484938475,361.1502670769194
6741.923715711949,371.55694499695875
6761.961946485422,367.31718732583164
6782.000177258896,370.4006474502877
6802.038408032369,383.1199204636691
6822.076638805843,401.6206812104056
6842.114869579316,401.6206812104056
6862.15310035279,394.6828959303794
6882.191331126263,347.27469651686704
6902.229561899737,368.08805235694564
6922.26779267321,371.17151248140175
6942.306023446683,391.98486832148035
6962.3442542201565,377.7238652458709
6982.38248499363,370.7860799658447
7002.4207157671035,373.8695400903008
7022.458946540577,372.32781002807275
7042.4971773140505,372.71324254362975
7062.535408087524,374.6404051214148
7082.573638860998,401.6206812104056
7102.611869634471,376.9530002147569
7122.650100407945,360.3794020458054
7142.688331181418,349.2018590946521
7162.726561954891,338.40974865905577
7182.764792728364,357.6813744369063
7202.803023501838,373.0986750591868
7222.841254275311,344.19123639241093
7242.879485048785,349.5872916102091
7262.917715822258,339.9514787212838
7282.955946595732,347.66012903242404
7302.994177369205,357.2959419213493
7323.032408142679,336.8680185968277
7343.070638916152,339.1806136901698
7363.108869689626,352.2853192191082
7383.1471004630985,342.6495063301829
7403.185331236572,348.04556154798104
7423.2235620100455,333.0136934412576
7443.261792783519,326.07590816123144
7463.3000235569925,345.347533939082
7483.338254330466,336.0971535657137
7503.37648510394,344.19123639241093
7523.414715877413,328.7739357701305
7543.452946650887,342.2640738146259
7563.49117742436,310.27317502339395
7583.529408197833,331.08653086347255
7603.567638971306,333.0136934412576
7623.60586974478,316.44009527230617
7643.644100518253,308.7314449611659
7663.682331291727,317.59639281897717
7683.7205620652,304.4916872900388
7703.758792838674,293.6995768544425
7723.797023612147,302.9499572278107
7743.835254385621,308.3460124456089
7763.873485159094,302.56452471225373
7783.911715932568,303.3353897433678
7803.9499467060405,300.2519296189117
7823.988177479514,287.1472240899733
7844.0264082529875,290.6161167299864
7864.064639026461,291.0015492455434
7884.1028697999345,287.5326566055303
7904.141100573408,310.27317502339395
7924.179331346882,291.3869817611004
7944.217562120355,295.2413069166705
7964.255792893829,296.39760446334157
7984.294023667302,284.0637639655172
8004.332254440775,311.044040054508
8024.370485214248,294.0850093699995
8044.408715987722,285.60549402774524
8064.446946761195,311.814905085622
8084.485177534669,286.7617915744163
8104.523408308142,295.62673943222757
8124.561639081616,287.5326566055303
8144.599869855089,284.83462899663124
8164.638100628563,277.125978685491
8184.676331402035,264.79213818766664
8204.71456217551,272.50078849880686
8224.752792948982,269.03189585879375
8244.791023722457,269.4173283743508
8264.82925449593,259.3960829698685
8284.867485269404,265.5630032187807
8304.905716042877,250.91656762761426
8324.94394681635,243.20791731647404
8344.982177589824,264.79213818766664
8365.020408363296,269.4173283743508
8385.05863913677,229.33234675642163
8405.096869910243,255.9271903298554
8425.135100683718,227.79061669419357
8445.17333145719,244.74964737870206
8465.211562230665,248.9894050498292
8485.249793004137,251.68743265872828
8505.288023777612,269.03189585879375
8525.326254551084,240.50988970757496
8545.364485324557,242.822484800917
8565.402716098031,250.53113511205723
8585.440946871504,242.822484800917
8605.479177644978,246.67680995648712
8625.517408418451,261.3232455476535
8645.555639191925,237.81186209867587
8665.593869965398,239.73902467646093
8685.632100738872,237.04099706756185
8705.670331512345,239.3535921609039
8725.70856228582,229.33234675642163
8745.746793059292,238.19729461423287
8765.785023832765,206.20639582300095
8785.823254606239,201.96663815187384
8805.861485379712,196.18515041851867
8825.899716153186,201.1957731207598
8845.937946926659,197.3414479651897
8865.976177700133,188.47650010737846
8886.014408473606,203.12293569854486
8906.05263924708,192.71625777850556
8926.090870020553,196.18515041851867
8946.129100794027,183.85130992069432
8966.1673315675,180.7678497962382
8986.205562340972,189.63279765404948
9006.243793114447,169.20487432952788
9026.28202388792,172.28833445398396
9046.320254661394,170.3611718761989
9066.358485434866,165.35054917395777
9086.39671620834,169.20487432952788
9106.434946981813,142.99546327165112
9126.473177755288,160.33992647171664
9146.51140852876,151.08954609834836
9166.549639302235,148.7769510050063
9186.587870075708,153.01670867613342
9206.62610084918,140.68286817830906
9226.664331622655,132.97421786716885
9246.702562396127,119.86951233823046
9266.740793169602,139.141138116081
9286.779023943074,122.95297246268655
9306.817254716549,119.48407982267345
9326.855485490021,113.70259208931829
9346.893716263496,114.4734571204323
9366.931947036968,95.58726385813875
9386.970177810443,109.84826693374818
9407.008408583915,87.87861354699854
9427.046639357388,85.95145096921348
9447.084870130862,84.02428839142843
9467.123100904335,87.49318103144152
9487.16133167781,88.64947857811256
9507.199562451282,72.8467454402751
9527.237793224756,87.49318103144152
9547.276023998229,76.70107059584521
9567.314254771703,75.15934053361717
9587.352485545176,65.5235276446919
9607.39071631865,66.29439267580591
9627.428947092123,63.596365066906834
9647.467177865596,51.26252456908248
9667.50540863907,57.04401230243765
9687.543639412543,49.72079450685444
9707.581870186017,59.35660739577971
9727.62010095949,42.783009226828234
9747.658331732964,42.39757671127123
9767.696562506437,39.699549102372146
9787.734793279911,39.31411658681514
9807.773024053384,33.53262885345997
9827.811254826856,32.76176382234595
9847.84948560033,29.678303697889856
9867.887716373803,26.209411057876757
9887.925947147278,24.282248480091702
9907.96417792075,24.667680995648713
9928.002408694225,30.44916872900388
9948.040639467697,15.417300622280445
9968.078870241172,18.500760746736535
9988.117101014645,18.886193262293546
10008.155331788119,16.573598168951477
10028.193562561592,10.4066779200393
10048.231793335064,13.49013804449539
10068.270024108539,8.864947857811256
10088.308254882011,8.479515342254246
10108.346485655486,8.479515342254246
10128.384716428958,8.479515342254246
10148.422947202433,7.323217795583211
10168.461177975905,7.7086503111402225
10188.49940874938,5.010622702241145
10208.537639522852,5.396055217798156
10228.575870296327,3.083460124456089
10248.6141010698,5.010622702241145
10268.652331843272,2.698027608899078
10288.690562616746,1.9271625777850556
10308.728793390219,1.9271625777850556
10328.767024163693,1.1562975466710335
10348.805254937166,2.312595093342067
10368.84348571064,1.9271625777850556
10388.881716484113,0.7708650311140223
10408.919947257587,0.7708650311140223
10428.95817803106,1.9271625777850556
10448.996408804534,0.38543251555701113
10469.034639578007,1.5417300622280445
10489.07287035148,1.1562975466710335
10509.111101124954,1.5417300622280445
10529.149331898427,1.1562975466710335
10549.187562671901,1.1562975466710335
10569.225793445374,0.7708650311140223
10589.264024218848,0.38543251555701113
10609.30225499232,0.38543251555701113
10629.340485765795,2.312595093342067
10649.378716539268,1.9271625777850556
10669.416947312742,2.312595093342067
10689.455178086215,0.7708650311140223
10709.493408859687,2.698027608899078
10729.531639633162,1.5417300622280445
10749.569870406634,1.5417300622280445
10769.608101180109,1.1562975466710335
10789.646331953581,1.1562975466710335
10809.684562727056,1.5417300622280445
10829.722793500528,0.7708650311140223
10849.761024274003,1.1562975466710335
10869.799255047476,1.9271625777850556
10889.837485820948,1.5417300622280445
10909.875716594423,0.38543251555701113
10929.913947367895,1.1562975466710335
10949.95217814137,1.1562975466710335
10969.990408914842,1.9271625777850556
10990.028639688317,0.7708650311140223
11010.06687046179,1.5417300622280445
11030.105101235264,2.698027608899078
11050.143332008736,0.0
11070.18156278221,1.1562975466710335
11090.219793555683,1.5417300622280445
11110.258024329156,2.312595093342067
11130.29625510263,1.9271625777850556
11150.334485876103,1.5417300622280445
11170.372716649577,3.4688926400131
11190.41094742305,1.1562975466710335
11210.449178196524,0.38543251555701113
11230.487408969997,0.7708650311140223
11250.525639743471,0.7708650311140223
11270.563870516944,0.38543251555701113
11290.602101290418,1.5417300622280445
11310.640332063891,0.38543251555701113
11330.678562837364,1.9271625777850556
11350.716793610838,1.9271625777850556
11370.75502438431,0.7708650311140223
11390.793255157785,0.7708650311140223
11410.831485931258,0.38543251555701113
11430.869716704732,1.1562975466710335
11450.907947478205,0.7708650311140223
11470.94617825168,1.5417300622280445
11490.984409025152,2.312595093342067
11511.022639798626,2.698027608899078
11531.060870572099,0.0
11551.099101345571,0.7708650311140223
11571.137332119046,0.7708650311140223
11591.175562892518,0.7708650311140223
11611.213793665993,1.9271625777850556
11631.252024439465,1.9271625777850556
11651.29025521294,1.1562975466710335
11671.328485986412,1.9271625777850556
11691.366716759887,0.7708650311140223
11711.40494753336,1.9271625777850556
11731.443178306834,0.7708650311140223
11751.481409080307,1.9271625777850556
11771.51963985378,0.7708650311140223
11791.557870627254,1.9271625777850556
11811.596101400726,1.5417300622280445
11831.6343321742,1.1562975466710335
11851.672562947673,1.5417300622280445
11871.710793721148,1.1562975466710335
11891.74902449462,1.5417300622280445
11911.787255268095,0.7708650311140223
11931.825486041567,0.7708650311140223
11951.863716815042,0.38543251555701113
11971.901947588514,0.38543251555701113
11991.940178361987,0.38543251555701113
12011.978409135461,1.5417300622280445
12032.016639908934,1.5417300622280445
12052.054870682408,1.1562975466710335
12072.093101455881,1.1562975466710335
12092.131332229355,1.5417300622280445
12112.169563002828,1.1562975466710335
12132.207793776302,0.7708650311140223
12152.246024549775,1.9271625777850556
12172.28425532325,2.312595093342067
12192.322486096722,1.5417300622280445
12212.360716870195,1.1562975466710335
12232.398947643669,0.7708650311140223
12252.437178417142,0.7708650311140223
12272.475409190616,0.7708650311140223
12292.513639964089,1.5417300622280445
12312.551870737563,0.7708650311140223
12332.590101511036,0.7708650311140223
12352.62833228451,0.38543251555701113
12372.666563057983,1.5417300622280445
12392.704793831455,1.1562975466710335
12412.74302460493,0.38543251555701113
12432.781255378402,0.0
12452.819486151877,1.5417300622280445
12472.85771692535,1.5417300622280445
12492.895947698824,0.7708650311140223
12512.934178472296,1.9271625777850556
12532.97240924577,2.698027608899078
12553.010640019244,1.1562975466710335
12573.048870792718,0.38543251555701113
12593.08710156619,0.38543251555701113
12613.125332339663,0.7708650311140223
12633.163563113138,1.9271625777850556
12653.20179388661,0.7708650311140223
12673.240024660085,2.312595093342067
12693.278255433557,2.312595093342067
12713.316486207032,2.698027608899078
12733.354716980504,1.1562975466710335
12753.392947753979,0.38543251555701113
12773.431178527451,1.1562975466710335
12793.469409300926,0.0
12813.507640074398,0.7708650311140223
12833.54587084787,1.9271625777850556
12853.584101621345,1.9271625777850556
12873.622332394818,1.5417300622280445
12893.660563168292,0.38543251555701113
12913.698793941765,0.0
12933.73702471524,1.5417300622280445
12953.775255488712,2.312595093342067
12973.813486262186,0.7708650311140223
12993.851717035659,0.38543251555701113
13013.889947809133,1.9271625777850556
13033.928178582606,1.9271625777850556
13053.966409356079,0.7708650311140223
13074.004640129553,1.1562975466710335
13094.042870903026,0.7708650311140223
13114.0811016765,1.1562975466710335
13134.119332449973,0.7708650311140223
13154.157563223447,1.9271625777850556
13174.19579399692,0.7708650311140223
13194.234024770394,1.9271625777850556
13214.272255543867,0.7708650311140223
13234.310486317341,1.5417300622280445
13254.348717090814,0.7708650311140223
13274.386947864286,1.5417300622280445
13294.42517863776,1.5417300622280445
13314.463409411233,3.083460124456089
13334.501640184708,1.9271625777850556
13354.53987095818,1.9271625777850556
13374.578101731655,0.7708650311140223
13394.616332505128,1.9271625777850556
13414.654563278602,1.1562975466710335
13434.692794052075,0.38543251555701113
13454.731024825547,1.1562975466710335
13474.769255599022,0.7708650311140223
13494.807486372494,1.1562975466710335
13514.845717145969,0.7708650311140223
13534.883947919441,2.312595093342067
13554.922178692916,1.1562975466710335
13574.960409466388,0.0
13594.998640239863,1.9271625777850556
13615.036871013335,1.5417300622280445
13635.07510178681,1.5417300622280445
13655.113332560282,0.7708650311140223
13675.151563333755,1.1562975466710335
13695.18979410723,1.5417300622280445
13715.228024880702,2.698027608899078
13735.266255654176,1.1562975466710335
13755.304486427649,3.083460124456089
13775.342717201123,1.1562975466710335
13795.380947974596,0.7708650311140223
13815.41917874807,0.0
13835.457409521543,1.5417300622280445
13855.495640295017,2.312595093342067
13875.53387106849,2.312595093342067
13895.572101841963,0.38543251555701113
13915.610332615437,1.1562975466710335
13935.64856338891,1.1562975466710335
13955.686794162384,1.5417300622280445
13975.725024935857,1.1562975466710335
13995.763255709331,0.0
14015.801486482804,0.7708650311140223
14035.839717256278,1.1562975466710335
14055.87794802975,0.7708650311140223
14075.916178803225,1.5417300622280445
14095.954409576698,1.1562975466710335
14115.99264035017,1.1562975466710335
14136.030871123645,0.7708650311140223
14156.069101897117,1.5417300622280445
14176.107332670592,0.38543251555701113
14196.145563444064,0.38543251555701113
14216.183794217539,1.1562975466710335
14236.222024991011,1.1562975466710335
14256.260255764486,1.1562975466710335
14276.298486537959,3.083460124456089
14296.336717311433,2.312595093342067
14316.374948084906,2.312595093342067
14336.413178858378,1.9271625777850556
14356.451409631853,0.38543251555701113
14376.489640405325,1.5417300622280445
14396.5278711788,0.38543251555701113
14416.566101952272,0.7708650311140223
14436.604332725747,1.1562975466710335
14456.64256349922,1.1562975466710335
14476.680794272694,1.1562975466710335
14496.719025046166,1.1562975466710335
14516.75725581964,1.1562975466710335
14536.795486593113,0.38543251555701113
14556.833717366586,1.5417300622280445
14576.87194814006,1.5417300622280445
14596.910178913533,0.7708650311140223
14616.948409687007,1.1562975466710335
14636.98664046048,1.9271625777850556
14657.024871233954,0.38543251555701113
14677.063102007427,0.7708650311140223
14697.101332780901,0.7708650311140223
14717.139563554374,0.38543251555701113
14737.177794327848,1.1562975466710335
14757.216025101321,0.38543251555701113
14777.254255874794,1.1562975466710335
14797.292486648268,1.9271625777850556
14817.33071742174,1.1562975466710335
14837.368948195215,0.38543251555701113
14857.407178968688,1.5417300622280445
14877.445409742162,0.38543251555701113
14897.483640515635,1.1562975466710335
14917.52187128911,0.38543251555701113
14937.560102062582,1.1562975466710335
14957.598332836054,1.5417300622280445
14977.636563609529,0.7708650311140223
14997.674794383001,1.9271625777850556
15017.713025156476,0.7708650311140223
15037.751255929948,0.7708650311140223
15057.789486703423,1.1562975466710335
15077.827717476895,0.7708650311140223
15097.86594825037,0.7708650311140223
15117.904179023843,0.0
15137.942409797317,1.1562975466710335
15157.98064057079,0.7708650311140223
15178.018871344262,1.5417300622280445
15198.057102117737,0.7708650311140223
15218.09533289121,1.1562975466710335
15238.133563664684,0.7708650311140223
15258.171794438156,1.5417300622280445
15278.21002521163,0.38543251555701113
15298.248255985103,0.38543251555701113
15318.286486758578,1.1562975466710335
15338.32471753205,0.38543251555701113
15358.362948305525,0.7708650311140223
15378.401179078997,0.38543251555701113
15398.43940985247,0.7708650311140223
15418.477640625944,0.0
15438.515871399417,0.38543251555701113
15458.554102172891,0.38543251555701113
15478.592332946364,0.38543251555701113
15498.630563719838,1.1562975466710335
15518.668794493311,0.7708650311140223
15538.707025266785,0.0
15558.745256040258,0.0
15578.783486813732,1.1562975466710335
15598.821717587205,0.0
15618.859948360678,0.38543251555701113
15638.898179134152,1.5417300622280445
15658.936409907625,1.1562975466710335
15678.9746406811,0.7708650311140223
15699.012871454572,0.38543251555701113
15719.051102228046,1.5417300622280445
15739.089333001519,0.7708650311140223
15759.127563774993,0.38543251555701113
15779.165794548466,0.0
15799.20402532194,1.5417300622280445
15819.242256095413,0.38543251555701113
15839.280486868885,1.1562975466710335
15859.31871764236,0.7708650311140223
15879.356948415832,1.9271625777850556
15899.395179189307,0.38543251555701113
15919.43340996278,0.7708650311140223
15939.471640736254,0.38543251555701113
15959.509871509727,0.38543251555701113
15979.548102283201,1.1562975466710335
15999.586333056674,0.38543251555701113
16019.624563830146,0.7708650311140223
16039.66279460362,0.38543251555701113
16059.701025377093,1.1562975466710335
16079.739256150568,0.7708650311140223
16099.77748692404,1.1562975466710335
16119.815717697515,0.7708650311140223
16139.853948470987,0.38543251555701113
16159.892179244462,0.0
16179.930410017934,0.38543251555701113
16199.968640791409,0.7708650311140223
16220.006871564881,1.1562975466710335
16240.045102338354,0.38543251555701113
16260.083333111828,0.38543251555701113
16280.121563885301,0.7708650311140223
16300.159794658775,0.0
16320.198025432248,0.0
16340.236256205722,0.38543251555701113
16360.274486979195,0.7708650311140223
16380.312717752668,0.38543251555701113
16400.350948526146,0.0
16420.38917929962,0.0
16440.42741007309,0.0
16460.465640846563,0.38543251555701113
16480.503871620036,0.0
16500.542102393512,0.0
16520.580333166985,0.0
16540.618563940458,1.1562975466710335
16560.65679471393,0.38543251555701113
16580.695025487406,0.7708650311140223
16600.73325626088,0.0
16620.77148703435,0.38543251555701113
16640.809717807824,0.0
16660.847948581297,0.0
16680.886179354773,1.1562975466710335
16700.924410128246,0.38543251555701113
16720.96264090172,0.0
16741.00087167519,1.1562975466710335
16761.039102448667,0.0
16781.07733322214,0.0
16801.115563995612,0.0
16821.153794769085,0.38543251555701113
16841.19202554256,0.38543251555701113
16861.230256316034,0.38543251555701113
16881.268487089506,0.38543251555701113
16901.30671786298,0.0
16921.34494863645,0.38543251555701113
16941.383179409928,0.0
16961.4214101834,0.0
16981.459640956873,0.0
17001.497871730346,0.38543251555701113
17021.536102503822,1.1562975466710335
17041.574333277294,0.0
17061.612564050767,0.0
17081.65079482424,0.38543251555701113
17101.689025597712,0.0
17121.72725637119,0.0
17141.76548714466,0.0
17161.803717918134,0.38543251555701113
17181.841948691606,0.0
17201.880179465083,0.0
17221.918410238555,0.38543251555701113
17241.956641012028,0.0
17261.9948717855,0.38543251555701113
17282.033102558977,0.38543251555701113
17302.07133333245,0.0
17322.109564105922,0.38543251555701113
17342.147794879394,0.0
17362.186025652867,0.0
17382.224256426343,1.1562975466710335
17402.262487199816,0.0
17422.30071797329,0.0
17442.33894874676,0.38543251555701113
17462.377179520237,0.0
17482.41541029371,0.0
17502.453641067183,0.38543251555701113
17522.491871840655,0.7708650311140223
17542.530102614128,0.0
17562.568333387604,0.0
17582.606564161077,0.38543251555701113
17602.64479493455,0.0
17622.683025708022,0.38543251555701113
17642.721256481498,0.38543251555701113
17662.75948725497,0.0
17682.797718028443,0.0
17702.835948801916,0.0
17722.874179575392,0.0
17742.912410348865,0.38543251555701113
17762.950641122337,0.0
17782.98887189581,0.0
17803.027102669283,0.0
17823.06533344276,0.0
17843.10356421623,0.0
17863.141794989704,0.0
17883.180025763177,0.38543251555701113
17903.218256536653,0.0
17923.256487310126,0.0
17943.294718083598,0.0
17963.33294885707,0.0
17983.371179630543,0.38543251555701113
18003.40941040402,0.0
18023.447641177492,0.0
18043.485871950965,0.0
18063.524102724437,0.0
18083.562333497914,0.0
18103.600564271386,0.0
18123.63879504486,0.38543251555701113
18143.67702581833,0.0
18163.715256591804,0.0
18183.75348736528,0.38543251555701113
18203.791718138753,0.38543251555701113
18223.829948912226,0.0
18243.868179685698,0.0
18263.906410459174,0.0
18283.944641232647,0.0
18303.98287200612,0.0
18324.021102779592,0.0
18344.05933355307,0.0
18364.09756432654,0.0
18384.135795100014,0.0
18404.174025873486,0.0
18424.21225664696,0.38543251555701113
18444.250487420435,0.0
18464.288718193908,0.0
18484.32694896738,0.0
18504.365179740853,0.0
18524.40341051433,0.0
18544.4416412878,0.0
18564.479872061274,0.0
18584.518102834747,0.0
18604.55633360822,0.0
18624.594564381696,0.0
18644.63279515517,0.0
18664.67102592864,0.0
18684.709256702114,0.0
18704.74748747559,0.0
18724.785718249062,0.38543251555701113
18744.823949022535,0.38543251555701113
18764.862179796008,0.0
18784.900410569484,0.0
18804.938641342957,0.0
18824.97687211643,0.0
18845.0151028899,0.0
18865.053333663374,0.0
18885.09156443685,0.0
18905.129795210323,0.0
18925.168025983796,0.0
18945.20625675727,0.0
18965.244487530745,0.0
18985.282718304217,0.0
19005.32094907769,0.0
19025.359179851162,0.0
19045.397410624635,0.0
19065.43564139811,0.0
19085.473872171584,0.0
19105.512102945057,0.0
19125.55033371853,0.0
19145.588564492005,0.0
19165.626795265478,0.0
19185.66502603895,0.0
19205.703256812423,0.0
19225.7414875859,0.0
19245.779718359372,0.0
19265.817949132845,0.0
19285.856179906317,0.0
19305.89441067979,0.0
19325.932641453266,0.0
19345.97087222674,0.0
19366.00910300021,0.0
19386.047333773684,0.0
19406.08556454716,0.0
19426.123795320633,0.0
19446.162026094105,0.0
19466.200256867578,0.0
19486.23848764105,0.0
19506.276718414527,0.0
19526.314949188,0.0
19546.353179961472,0.0
19566.391410734945,0.0
19586.42964150842,0.0
19606.467872281894,0.0
19626.506103055366,0.0
19646.54433382884,0.0
19666.58256460231,0.0
19686.620795375788,0.0
19706.65902614926,0.0
19726.697256922733,0.0
19746.735487696205,0.0
19766.77371846968,0.0
19786.811949243154,0.0
19806.850180016627,0.0
19826.8884107901,0.0
19846.926641563576,0.0
19866.96487233705,0.0
19887.00310311052,0.0
19907.041333883994,0.0
19927.079564657466,0.0
19947.117795430942,0.0
19967.156026204415,0.0
19987.194256977888,0.0
20007.23248775136,0.0
20027.270718524836,0.0
20047.30894929831,0.38543251555701113
20067.34718007178,0.0
20087.385410845254,0.0
20107.423641618727,0.0
20127.461872392203,0.0
20147.500103165676,0.0
20167.53833393915,0.0
20187.57656471262,0.0
20207.614795486097,0.0
20227.65302625957,0.0
20247.691257033042,0.0
20267.729487806515,0.0
20287.76771857999,0.0
20307.805949353464,0.0
20327.844180126936,0.0
20347.88241090041,0.0
20367.92064167388,0.0
20387.958872447358,0.0
20407.99710322083,0.0
20428.035333994303,0.0
20448.073564767776,0.0
20468.111795541252,0.0
20488.150026314725,0.0
20508.188257088197,0.0
20528.22648786167,0.0
20548.264718635142,0.0
20568.30294940862,0.0
20588.34118018209,0.0
20608.379410955564,0.0
20628.417641729036,0.0
20648.455872502513,0.0
20668.494103275985,0.0
20688.532334049458,0.0
20708.57056482293,0.0
20728.608795596403,0.0
20748.64702636988,0.0
20768.685257143352,0.0
20788.723487916825,0.0
20808.761718690297,0.0
20828.799949463773,0.0
20848.838180237246,0.0
20868.87641101072,0.0
20888.91464178419,0.0
20908.952872557667,0.0
20928.99110333114,0.0
20949.029334104613,0.0
20969.067564878085,0.0
20989.105795651558,0.0
21009.144026425034,0.0
21029.182257198507,0.0
21049.22048797198,0.0
21069.258718745452,0.0
21089.296949518928,0.0
21109.3351802924,0.0
21129.373411065873,0.0
21149.411641839346,0.0
21169.44987261282,0.0
21189.488103386295,0.0
21209.526334159767,0.0
21229.56456493324,0.0
21249.602795706713,0.0
21269.64102648019,0.0
21289.67925725366,0.0
21309.717488027134,0.0
21329.755718800607,0.0
21349.793949574083,0.0
21369.832180347556,0.0
21389.870411121028,0.0
21409.9086418945,0.0
21429.946872667973,0.0
21449.98510344145,0.0
21470.023334214922,0.0
21490.061564988395,0.0
21510.099795761867,0.0
21530.138026535344,0.0
21550.176257308816,0.0
21570.21448808229,0.0
21590.25271885576,0.0
21610.290949629234,0.0
21630.32918040271,0.0
21650.367411176183,0.0
21670.405641949656,0.0
21690.443872723128,0.0
21710.482103496604,0.0
21730.520334270077,0.0
21750.55856504355,0.0
21770.596795817022,0.0
21790.635026590495,0.0
21810.67325736397,0.0
21830.711488137444,0.0
21850.749718910916,0.0
21870.78794968439,0.0
21890.826180457865,0.0
21910.864411231338,0.0
21930.90264200481,0.0
21950.940872778283,0.0
21970.97910355176,0.0
21991.01733432523,0.0
22011.055565098704,0.0
22031.093795872177,0.0
22051.13202664565,0.38543251555701113
22071.170257419126,0.0
22091.2084881926,0.0
22111.24671896607,0.0
22131.284949739544,0.0
22151.32318051302,0.0
22171.361411286493,0.0
22191.399642059965,0.0
22211.437872833438,0.0
22231.47610360691,0.0
22251.514334380387,0.0
22271.55256515386,0.0
22291.59079592733,0.0
22311.629026700804,0.0
22331.66725747428,0.0
22351.705488247753,0.0
22371.743719021226,0.0
22391.7819497947,0.0
22411.820180568175,0.0
22431.858411341647,0.0
22451.89664211512,0.0
22471.934872888593,0.0
22491.973103662065,0.0
22512.01133443554,0.0
22532.049565209014,0.0
22552.087795982487,0.0
22572.12602675596,0.0
22592.164257529435,0.0
22612.202488302908,0.0
22632.24071907638,0.0
22652.278949849853,0.0
22672.317180623326,0.0
22692.355411396802,0.0
22712.393642170275,0.0
22732.431872943747,0.0
22752.47010371722,0.0
22772.508334490696,0.0
22792.54656526417,0.0
22812.58479603764,0.0
22832.623026811114,0.0
22852.66125758459,0.0
22872.699488358063,0.0
22892.737719131535,0.0
22912.775949905008,0.0
22932.81418067848,0.0
22952.852411451957,0.0
22972.89064222543,0.0
22992.928872998902,0.0
23012.967103772375,0.0
23033.00533454585,0.0
23053.043565319324,0.0
23073.081796092796,0.0
23093.12002686627,0.0
23113.15825763974,0.0
23133.196488413218,0.0
23153.23471918669,0.0
23173.272949960163,0.0
23193.311180733635,0.0
23213.34941150711,0.0
23233.387642280584,0.0
23253.425873054057,0.0
23273.46410382753,0.0
23293.502334601002,0.0
23313.54056537448,0.0
23333.57879614795,0.0
23353.617026921424,0.0
23373.655257694896,0.0
23393.693488468372,0.0
23413.731719241845,0.0
23433.769950015318,0.0
23453.80818078879,0.0
23473.846411562266,0.0
23493.88464233574,0.0
23513.92287310921,0.0
23533.961103882684,0.0
23553.999334656157,0.0
23574.037565429633,0.0
23594.075796203106,0.0
23614.11402697658,0.0
23634.15225775005,0.0
23654.190488523527,0.0
23674.228719297,0.0
23694.266950070472,0.0
23714.305180843945,0.0
23734.343411617418,0.0
23754.381642390894,0.0
23774.419873164366,0.0
23794.45810393784,0.0
23814.49633471131,0.0
23834.534565484788,0.0
23854.57279625826,0.0
23874.611027031733,0.0
23894.649257805206,0.0
23914.687488578682,0.0
23934.725719352155,0.0
23954.763950125627,0.0
23974.8021808991,0.0
23994.840411672572,0.0
24014.87864244605,0.0
24034.91687321952,0.0
24054.955103992994,0.0
24074.993334766466,0.0
24095.031565539943,0.0
24115.069796313415,0.0
24135.108027086888,0.0
24155.14625786036,0.0
24175.184488633833,0.0
24195.22271940731,0.0
24215.260950180782,0.0
24235.299180954255,0.0
24255.337411727727,0.0
24275.375642501203,0.0
24295.413873274676,0.0
24315.45210404815,0.0
24335.49033482162,0.0
24355.528565595097,0.0
24375.56679636857,0.0
24395.605027142043,0.0
24415.643257915515,0.0
24435.681488688988,0.0
24455.719719462464,0.0
24475.757950235937,0.0
24495.79618100941,0.0
24515.834411782882,0.0
24535.87264255636,0.0
24555.91087332983,0.0
24575.949104103303,0.0
24595.987334876776,0.0
24616.02556565025,0.0
24636.063796423725,0.0
24656.102027197197,0.0
24676.14025797067,0.0
24696.178488744143,0.0
24716.21671951762,0.0
24736.25495029109,0.0
24756.293181064564,0.0
24776.331411838037,0.0
24796.36964261151,0.0
24816.407873384986,0.0
24836.44610415846,0.0
24856.48433493193,0.0
24876.522565705403,0.0
24896.56079647888,0.0
24916.599027252352,0.0
24936.637258025825,0.0
24956.675488799297,0.0
24976.713719572774,0.0
24996.751950346246,0.0
25016.79018111972,0.0
25036.82841189319,0.0
25056.866642666664,0.0
25076.90487344014,0.0
25096.943104213613,0.0
25116.981334987086,0.0
25137.019565760558,0.0
25157.057796534034,0.0
25177.096027307507,0.0
25197.13425808098,0.0
25217.172488854452,0.0
25237.210719627925,0.0
25257.2489504014,0.0
25277.287181174874,0.0
25297.325411948346,0.0
25317.36364272182,0.0
25337.401873495295,0.0
25357.440104268768,0.0
25377.47833504224,0.0
25397.516565815713,0.0
25417.55479658919,0.0
25437.59302736266,0.0
25457.631258136134,0.0
25477.669488909607,0.0
25497.70771968308,0.0
25517.745950456556,0.0
25537.78418123003,0.0
25557.8224120035,0.0
25577.860642776974,0.0
25597.89887355045,0.0
25617.937104323923,0.0
25637.975335097395,0.0
25658.013565870868,0.0
25678.05179664434,0.0
25698.090027417817,0.0
25718.12825819129,0.0
25738.16648896476,0.0
25758.204719738234,0.0
25778.24295051171,0.0
25798.281181285183,0.0
25818.319412058656,0.0
25838.35764283213,0.0
25858.3958736056,0.0
25878.434104379077,0.0
25898.47233515255,0.0
25918.510565926023,0.0
25938.548796699495,0.0
25958.58702747297,0.0
25978.625258246444,0.0
25998.663489019917,0.0
26018.70171979339,0.0
26038.739950566865,0.0
26058.778181340338,0.0
26078.81641211381,0.0
26098.854642887283,0.0
26118.892873660756,0.0
26138.931104434232,0.0
26158.969335207705,0.0
26179.007565981177,0.0
26199.04579675465,0.0
26219.084027528126,0.0
26239.1222583016,0.0
26259.16048907507,0.0
26279.198719848544,0.0
26299.236950622017,0.0
26319.275181395493,0.0
26339.313412168965,0.0
26359.351642942438,0.0
26379.38987371591,0.0
26399.428104489387,0.0
26419.46633526286,0.0
26439.504566036332,0.0
26459.542796809805,0.0
26479.58102758328,0.0
26499.619258356754,0.0
26519.657489130226,0.0
26539.6957199037,0.0
26559.73395067717,0.0
26579.772181450648,0.0
26599.81041222412,0.0
26619.848642997593,0.0
26639.886873771065,0.0
26659.92510454454,0.0
26679.963335318014,0.0
26700.001566091487,0.0
26720.03979686496,0.0
26740.078027638432,0.0
26760.11625841191,0.0
26780.15448918538,0.0
26800.192719958854,0.0
26820.230950732326,0.0
26840.269181505802,0.0
26860.307412279275,0.0
26880.345643052748,0.0
26900.38387382622,0.0
26920.422104599693,0.0
26940.46033537317,0.0
26960.49856614664,0.0
26980.536796920114,0.0
27000.575027693587,0.0
27020.613258467063,0.0
27040.651489240536,0.0
27060.68972001401,0.0
27080.72795078748,0.0
27100.766181560957,0.0
27120.80441233443,0.0
27140.842643107902,0.0
27160.880873881375,0.0
27180.919104654848,0.0
27200.957335428324,0.0
27220.995566201796,0.0
27241.03379697527,0.0
27261.07202774874,0.0
27281.110258522218,0.0
27301.14848929569,0.0
27321.186720069163,0.0
27341.224950842636,0.0
27361.26318161611,0.0
27381.301412389585,0.0
27401.339643163057,0.0
27421.37787393653,0.0
27441.416104710002,0.0
27461.45433548348,0.0
27481.49256625695,0.0
27501.530797030424,0.0
27521.569027803896,0.0
27541.607258577373,0.0
27561.645489350845,0.0
27581.683720124318,0.0
27601.72195089779,0.0
27621.760181671263,0.0
27641.79841244474,0.0
27661.836643218212,0.0
27681.874873991685,0.0
27701.913104765157,0.0
27721.951335538633,0.0
27741.989566312106,0.0
27762.02779708558,0.0
27782.06602785905,0.0
27802.104258632524,0.0
27822.142489406,0.0
27842.180720179473,0.0
27862.218950952945,0.0
27882.257181726418,0.0
27902.295412499894,0.0
27922.333643273367,0.0
27942.37187404684,0.0
27962.410104820312,0.0
27982.44833559379,0.0
28002.48656636726,0.0
28022.524797140733,0.0
28042.563027914206,0.0
28062.60125868768,0.0
28082.639489461155,0.0
28102.677720234627,0.0
28122.7159510081,0.0
28142.754181781573,0.0
28162.79241255505,0.0
28182.83064332852,0.0
28202.868874101994,0.0
28222.907104875467,0.0
28242.94533564894,0.0
28262.983566422416,0.0
28283.02179719589,0.0
28303.06002796936,0.0
28323.098258742833,0.0
28343.13648951631,0.0
28363.174720289782,0.0
28383.212951063255,0.0
28403.251181836727,0.0
28423.2894126102,0.0
28443.327643383676,0.0
28463.36587415715,0.0
28483.40410493062,0.0
28503.442335704094,0.0
28523.48056647757,0.0
28543.518797251043,0.0
28563.557028024516,0.0
28583.59525879799,0.0
28603.633489571464,0.0
28623.671720344937,0.0
28643.70995111841,0.0
28663.748181891882,0.0
28683.786412665355,0.0
28703.82464343883,0.0
28723.862874212304,0.0
28743.901104985776,0.0
28763.93933575925,0.0
28783.977566532725,0.0
28804.015797306198,0.0
28824.05402807967,0.0
28844.092258853143,0.0
28864.130489626616,0.0
28884.168720400092,0.0
28904.206951173564,0.0
28924.245181947037,0.0
28944.28341272051,0.0
28964.321643493986,0.0
28984.35987426746,0.0
29004.39810504093,0.0
29024.436335814404,0.0
29044.47456658788,0.0
29064.512797361353,0.0
29084.551028134825,0.0
29104.589258908298,0.0
29124.62748968177,0.0
29144.665720455247,0.0
29164.70395122872,0.0
29184.742182002192,0.0
29204.780412775664,0.0
29224.81864354914,0.0
29244.856874322613,0.0
29264.895105096086,0.0
29284.93333586956,0.0
29304.97156664303,0.0
29325.009797416507,0.0
29345.04802818998,0.0
29365.086258963453,0.0
29385.124489736925,0.0
29405.1627205104,0.0
29425.200951283874,0.0
29445.239182057347,0.0
29465.27741283082,0.0
29485.315643604295,0.0
29505.353874377768,0.0
29525.39210515124,0.0
29545.430335924713,0.0
29565.468566698186,0.0
29585.506797471662,0.0
29605.545028245135,0.0
29625.583259018607,0.0
29645.62148979208,0.0
29665.659720565556,0.0
29685.69795133903,0.0
29705.7361821125,0.0
29725.774412885974,0.0
29745.812643659447,0.0
29765.850874432923,0.0
29785.889105206395,0.0
29805.927335979868,0.0
29825.96556675334,0.0
29846.003797526817,0.0
29866.04202830029,0.0
29886.080259073762,0.0
29906.118489847235,0.0
29926.156720620707,0.0
29946.194951394184,0.0
29966.233182167656,0.0
29986.27141294113,0.0
30006.3096437146,0.0
30026.347874488078,0.0
30046.38610526155,0.0
30066.424336035023,0.0
30086.462566808495,0.0
30106.50079758197,0.0
30126.539028355444,0.0
30146.577259128917,0.0
30166.61548990239,0.0
30186.653720675862,0.0
30206.69195144934,0.0
30226.73018222281,0.0
30246.768412996284,0.0
30266.806643769756,0.0
30286.844874543232,0.0
30306.883105316705,0.0
30326.921336090178,0.0
30346.95956686365,0.0
30366.997797637123,0.0
30387.0360284106,0.0
30407.07425918407,0.0
30427.112489957544,0.0
30447.150720731017,0.0
30467.188951504493,0.0
30487.227182277966,0.0
30507.26541305144,0.0
30527.30364382491,0.0
30547.341874598387,0.0
30567.38010537186,0.0
30587.418336145332,0.0
30607.456566918805,0.0
30627.494797692278,0.0
30647.533028465754,0.0
30667.571259239226,0.0
30687.6094900127,0.0
30707.64772078617,0.0
30727.685951559648,0.0
30747.72418233312,0.0
30767.762413106593,0.0
30787.800643880066,0.0
30807.83887465354,0.0
30827.877105427015,0.0
30847.915336200487,0.0
30867.95356697396,0.0
30887.991797747432,0.0
30908.03002852091,0.0
30928.06825929438,0.0
30948.106490067854,0.0
30968.144720841326,0.0
30988.1829516148,0.0
31008.221182388275,0.0
31028.259413161748,0.0
31048.29764393522,0.0
31068.335874708693,0.0
31088.37410548217,0.0
31108.412336255642,0.0
31128.450567029115,0.0
31148.488797802587,0.0
31168.527028576063,0.0
31188.565259349536,0.0
31208.60349012301,0.0
31228.64172089648,0.0
31248.679951669954,0.0
31268.71818244343,0.0
31288.756413216903,0.0
31308.794643990375,0.0
31328.832874763848,0.0
31348.871105537324,0.0
31368.909336310797,0.0
31388.94756708427,0.0
31408.985797857742,0.0
31429.024028631215,0.0
31449.06225940469,0.0
31469.100490178163,0.0
31489.138720951636,0.0
31509.17695172511,0.0
31529.215182498585,0.0
31549.253413272058,0.0
31569.29164404553,0.0
31589.329874819003,0.0
31609.36810559248,0.0
31629.40633636595,0.0
31649.444567139424,0.0
31669.482797912897,0.0
31689.52102868637,0.0
31709.559259459846,0.0
31729.59749023332,0.0
31749.63572100679,0.0
31769.673951780263,0.0
31789.71218255374,0.0
31809.750413327212,0.0
31829.788644100685,0.0
31849.826874874158,0.0
31869.86510564763,0.0
31889.903336421106,0.0
31909.94156719458,0.0
31929.97979796805,0.0
31950.018028741524,0.0
31970.056259515,0.0
31990.094490288473,0.0
32010.132721061946,0.0
32030.17095183542,0.0
32050.20918260889,0.0
32070.247413382367,0.0
32090.28564415584,0.0
32110.323874929312,0.0
32130.362105702785,0.0
32150.40033647626,0.0
32170.438567249734,0.0
32190.476798023206,0.0
32210.51502879668,0.0
32230.553259570155,0.0
32250.591490343628,0.0
32270.6297211171,0.0
32290.667951890573,0.0
32310.706182664046,0.0
32330.744413437522,0.0
32350.782644210994,0.0
32370.820874984467,0.0
32390.85910575794,0.0
32410.897336531416,0.0
32430.93556730489,0.0
32450.97379807836,0.0
32471.012028851834,0.0
32491.050259625306,0.0
32511.088490398783,0.0
32531.126721172255,0.0
32551.164951945728,0.0
32571.2031827192,0.0
32591.241413492677,0.0
32611.27964426615,0.0
32631.317875039622,0.0
32651.356105813094,0.0
32671.39433658657,0.0
32691.432567360043,0.0
32711.470798133516,0.0
32731.50902890699,0.0
32751.54725968046,0.0
32771.58549045393,0.0
32791.623721227406,0.0
32811.66195200088,0.0
32831.70018277435,0.0
32851.73841354783,0.0
32871.7766443213,0.0
32891.81487509477,0.0
32911.85310586825,0.0
32931.89133664172,0.0
32951.929567415194,0.0
32971.96779818866,0.0
32992.00602896214,0.0
33012.044259735616,0.0
33032.082490509085,0.0
33052.12072128256,0.0
33072.15895205604,0.0
33092.197182829506,0.0
33112.23541360298,0.0
33132.27364437645,0.0
33152.31187514993,0.0
33172.350105923404,0.0
33192.38833669687,0.0
33212.42656747035,0.0
33232.46479824382,0.0
33252.503029017294,0.0
33272.54125979077,0.0
33292.57949056424,0.0
33312.617721337716,0.0
33332.655952111185,0.0
33352.69418288466,0.0
33372.73241365814,0.0
33392.770644431606,0.0
33412.80887520508,0.0
33432.84710597856,0.0
33452.88533675203,0.0
33472.923567525504,0.0
33492.96179829897,0.0
33513.00002907245,0.0
33533.038259845925,0.0
33553.076490619394,0.0
33573.11472139287,0.0
33593.15295216634,0.0
33613.191182939816,0.0
33633.22941371329,0.0
33653.26764448676,0.0
33673.30587526024,0.0
33693.34410603371,0.0
33713.38233680718,0.0
33733.42056758066,0.0
33753.45879835413,0.0
33773.497029127604,0.0
33793.53525990108,0.0
33813.57349067455,0.0
33833.611721448025,0.0
33853.649952221494,0.0
33873.68818299497,0.0
33893.72641376845,0.0
33913.764644541916,0.0
33933.80287531539,0.0
33953.84110608887,0.0
33973.87933686234,0.0
33993.91756763581,0.0
34013.95579840928,0.0
34033.99402918276,0.0
34054.032259956235,0.0
34074.070490729704,0.0
34094.10872150318,0.0
34114.14695227665,0.0
34134.185183050125,0.0
34154.2234138236,0.0
34174.26164459707,0.0
34194.29987537055,0.0
34214.338106144016,0.0
34234.37633691749,0.0
34254.41456769097,0.0
34274.45279846444,0.0
34294.49102923791,0.0
34314.52926001139,0.0
34334.56749078486,0.0
34354.605721558335,0.0
34374.643952331804,0.0
34394.68218310528,0.0
34414.72041387876,0.0
34434.758644652225,0.0
34454.7968754257,0.0
34474.83510619917,0.0
34494.87333697265,0.0
34514.91156774612,0.0
34534.94979851959,0.0
34554.98802929307,0.0
34575.026260066545,0.0
34595.06449084001,0.0
34615.10272161349,0.0
34635.14095238696,0.0
34655.179183160435,0.0
34675.21741393391,0.0
34695.25564470738,0.0
34715.29387548086,0.0
34735.332106254325,0.0
34755.3703370278,0.0
34775.40856780128,0.0
34795.44679857475,0.0
34815.48502934822,0.0
34835.52326012169,0.0
34855.56149089517,0.0
34875.599721668645,0.0
34895.63795244211,0.0
34915.67618321559,0.0
34935.714413989066,0.0
34955.752644762535,0.0
34975.79087553601,0.0
34995.82910630948,0.0
35015.86733708296,0.0
35035.90556785643,0.0
35055.9437986299,0.0
35075.98202940338,0.0
35096.02026017685,0.0
35116.05849095032,0.0
35136.0967217238,0.0
35156.13495249727,0.0
35176.173183270745,0.0
35196.21141404422,0.0
35216.24964481769,0.0
35236.287875591166,0.0
35256.326106364635,0.0
35276.36433713811,0.0
35296.40256791159,0.0
35316.44079868506,0.0
35336.47902945853,0.0
35356.517260232,0.0
35376.55549100548,0.0
35396.593721778954,0.0
35416.63195255242,0.0
35436.6701833259,0.0
35456.708414099376,0.0
35476.746644872845,0.0
35496.78487564632,0.0
35516.82310641979,0.0
35536.861337193266,0.0
35556.89956796674,0.0
35576.93779874021,0.0
35596.97602951369,0.0
35617.01426028716,0.0
35637.05249106063,0.0
35657.09072183411,0.0
35677.12895260758,0.0
35697.167183381054,0.0
35717.20541415452,0.0
35737.243644928,0.0
35757.281875701476,0.0
35777.320106474945,0.0
35797.35833724842,0.0
35817.3965680219,0.0
35837.434798795366,0.0
35857.47302956884,0.0
35877.51126034231,0.0
35897.54949111579,0.0
35917.587721889264,0.0
35937.62595266273,0.0
35957.66418343621,0.0
35977.70241420968,0.0
35997.740644983154,0.0
36017.77887575663,0.0
36037.8171065301,0.0
36057.855337303576,0.0
36077.89356807705,0.0
36097.93179885052,0.0
36117.970029624,0.0
36138.008260397466,0.0
36158.04649117094,0.0
36178.08472194442,0.0
36198.12295271789,0.0
36218.161183491364,0.0
36238.19941426483,0.0
36258.23764503831,0.0
36278.275875811785,0.0
36298.314106585254,0.0
36318.35233735873,0.0
36338.3905681322,0.0
36358.428798905676,0.0
36378.46702967915,0.0
36398.50526045262,0.0
36418.5434912261,0.0
36438.58172199957,0.0
36458.61995277304,0.0
36478.65818354652,0.0
36498.69641431999,0.0
36518.734645093464,0.0
36538.77287586694,0.0
36558.81110664041,0.0
36578.849337413885,0.0
36598.887568187354,0.0
36618.92579896083,0.0
36638.96402973431,0.0
36659.002260507776,0.0
36679.04049128125,0.0
36699.07872205473,0.0
36719.1169528282,0.0
36739.15518360167,0.0
36759.19341437514,0.0
36779.23164514862,0.0
36799.269875922095,0.0
36819.308106695564,0.0
36839.34633746904,0.0
36859.38456824251,0.0
36879.422799015985,0.0
36899.46102978946,0.0
36919.49926056293,0.0
36939.53749133641,0.0
36959.57572210988,0.0
36979.61395288335,0.0
36999.65218365683,0.0
37019.6904144303,0.0
37039.72864520377,0.0
37059.76687597725,0.0
37079.80510675072,0.0
37099.843337524195,0.0
37119.881568297664,0.0
37139.91979907114,0.0
37159.958029844616,0.0
37179.996260618085,0.0
37200.03449139156,0.0
37220.07272216503,0.0
37240.11095293851,0.0
37260.14918371198,0.0
37280.18741448545,0.0
37300.22564525893,0.0
37320.263876032404,0.0
37340.30210680587,0.0
37360.34033757935,0.0
37380.37856835282,0.0
37400.416799126295,0.0
37420.45502989977,0.0
37440.49326067324,0.0
37460.531491446716,0.0
37480.569722220185,0.0
37500.60795299366,0.0
37520.64618376714,0.0
37540.68441454061,0.0
37560.72264531408,0.0
37580.76087608756,0.0
37600.79910686103,0.0
37620.837337634504,0.0
37640.87556840797,0.0
37660.91379918145,0.0
37680.952029954926,0.0
37700.990260728395,0.0
37721.02849150187,0.0
37741.06672227534,0.0
37761.104953048816,0.0
37781.14318382229,0.0
37801.18141459576,0.0
37821.21964536924,0.0
37841.25787614271,0.0
37861.29610691618,0.0
37881.33433768966,0.0
37901.37256846313,0.0
37921.410799236604,0.0
37941.44903001008,0.0
37961.48726078355,0.0
37981.525491557026,0.0
38001.563722330495,0.0
38021.60195310397,0.0
38041.64018387745,0.0
38061.678414650916,0.0
38081.71664542439,0.0
38101.75487619786,0.0
38121.79310697134,0.0
38141.831337744814,0.0
38161.86956851828,0.0
38181.90779929176,0.0
38201.946030065235,0.0
38221.984260838704,0.0
38242.02249161218,0.0
38262.06072238565,0.0
38282.098953159126,0.0
38302.1371839326,0.0
38322.17541470607,0.0
38342.21364547955,0.0
38362.251876253016,0.0
38382.29010702649,0.0
38402.32833779997,0.0
38422.36656857344,0.0
38442.404799346914,0.0
38462.44303012039,0.0
38482.48126089386,0.0
38502.519491667335,0.0
38522.557722440804,0.0
38542.59595321428,0.0
38562.63418398776,0.0
38582.672414761226,0.0
38602.7106455347,0.0
38622.74887630817,0.0
38642.78710708165,0.0
38662.82533785512,0.0
38682.86356862859,0.0
38702.90179940207,0.0
38722.94003017554,0.0
38742.978260949014,0.0
38763.01649172249,0.0
38783.05472249596,0.0
38803.092953269435,0.0
38823.13118404291,0.0
38843.16941481638,0.0
38863.20764558986,0.0
38883.245876363326,0.0
38903.2841071368,0.0
38923.32233791028,0.0
38943.36056868375,0.0
38963.39879945722,0.0
38983.43703023069,0.0
39003.47526100417,0.0
39023.513491777645,0.0
39043.551722551114,0.0
39063.58995332459,0.0
39083.62818409807,0.0
39103.666414871535,0.0
39123.70464564501,0.0
39143.74287641848,0.0
39163.78110719196,0.0
39183.81933796543,0.0
39203.8575687389,0.0
39223.89579951238,0.0
39243.93403028585,0.0
39263.97226105932,0.0
39284.0104918328,0.0
39304.04872260627,0.0
39324.086953379745,0.0
39344.125184153214,0.0
39364.16341492669,0.0
39384.20164570017,0.0
39404.239876473635,0.0
39424.27810724711,0.0
39444.31633802059,0.0
39464.35456879406,0.0
39484.39279956753,0.0
39504.431030341,0.0
39524.46926111448,0.0
39544.507491887955,0.0
39564.54572266142,0.0
39584.5839534349,0.0
39604.62218420837,0.0
39624.660414981845,0.0
39644.69864575532,0.0
39664.73687652879,0.0
39684.77510730227,0.0
39704.81333807574,0.0
39724.85156884921,0.0
39744.88979962269,0.0
39764.92803039616,0.0
39784.96626116963,0.0
39805.00449194311,0.0
39825.04272271658,0.0
39845.080953490055,0.0
39865.11918426352,0.0
39885.157415037,0.0
39905.195645810476,0.0
39925.233876583945,0.0
39945.27210735742,0.0
39965.31033813089,0.0
39985.34856890437,0.0
40005.38679967784,0.0
40025.42503045131,0.0
40045.46326122479,0.0
40065.501491998264,0.0
40085.53972277173,0.0
40105.57795354521,0.0
40125.61618431868,0.0
40145.654415092155,0.0
40165.69264586563,0.0
40185.7308766391,0.0
40205.769107412576,0.0
40225.807338186045,0.0
40245.84556895952,0.0
40265.883799733,0.0
40285.92203050647,0.0
40305.96026127994,0.0
40325.99849205342,0.0
40346.03672282689,0.0
40366.074953600364,0.0
40386.11318437383,0.0
40406.15141514731,0.0
40426.189645920786,0.0
40446.227876694255,0.0
40466.26610746773,0.0
40486.3043382412,0.0
40506.342569014676,0.0
40526.38079978815,0.0
40546.41903056162,0.0
40566.4572613351,0.0
40586.495492108574,0.0
40606.53372288204,0.0
40626.57195365552,0.0
40646.61018442899,0.0
40666.648415202464,0.0
40686.68664597594,0.0
40706.72487674941,0.0
40726.763107522886,0.0
40746.801338296355,0.0
40766.83956906983,0.0
40786.87779984331,0.0
40806.916030616776,0.0
40826.95426139025,0.0
40846.99249216372,0.0
40867.0307229372,0.0
40887.068953710674,0.0
40907.10718448414,0.0
40927.14541525762,0.0
40947.183646031095,0.0
40967.221876804564,0.0
40987.26010757804,0.0
41007.29833835151,0.0
