Energy (keV),Intensity (CPS)
-11.002091379389553,0.0
9.037637518828321,0.0
29.077366417046193,0.0
49.117095315264066,0.0
69.15682421348194,0.0
89.19655311169981,0.0
109.23628200991769,0.0
129.27601090813556,0.0
149.31573980635343,0.0
169.3554687045713,0.0
189.39519760278918,0.0
209.43492650100706,0.0
229.47465539922493,0.0
249.51438429744277,0.0
269.5541131956607,0.3856879142867521
289.5938420938786,0.0
309.63357099209645,0.0
329.6732998903143,0.0
349.7130287885322,0.0
369.7527576867501,0.3856879142867521
389.79248658496795,0.3856879142867521
409.8322154831858,0.3856879142867521
429.8719443814037,0.3856879142867521
449.9116732796216,0.3856879142867521
469.95140217783944,0.3856879142867521
489.9911310760573,0.7713758285735042
510.03085997427513,0.0
530.0705888724931,1.9284395714337603
550.1103177707109,3.0855033142940167
570.1500466689288,2.6998154000072647
590.1897755671467,0.3856879142867521
610.2295044653646,1.5427516571470083
630.2692333635824,1.5427516571470083
650.3089622618003,1.1570637428602564
670.3486911600181,2.6998154000072647
690.3884200582361,0.7713758285735042
710.4281489564539,2.3141274857205127
730.4678778546718,1.9284395714337603
750.5076067528897,1.1570637428602564
770.5473356511076,1.9284395714337603
790.5870645493254,1.1570637428602564
810.6267934475433,2.3141274857205127
830.6665223457611,1.9284395714337603
850.7062512439791,5.0139428857277775
870.7459801421969,7.713758285735041
890.7857090404148,9.642197857168803
910.8254379386327,18.513019885764102
930.8651668368506,29.312281485793157
950.9048957350684,30.469345228653413
970.9446246332863,25.455402342925638
990.9843535315041,14.270452828609827
1011.0240824297221,6.942382457161537
1031.0638113279397,10.027885771455555
1051.1035402261577,11.18494951431581
1071.1432691243756,18.513019885764102
1091.1829980225934,14.656140742896579
1111.2227269208113,16.198892400043587
1131.2624558190291,11.18494951431581
1151.302184717247,7.713758285735041
1171.3419136154648,9.256509942882051
1191.381642513683,16.97026822861709
1211.4213714119007,15.427516571470083
1231.4611003101186,11.570637428602563
1251.5008292083364,8.099446200021793
1271.5405581065543,8.485134114308545
1291.5802870047721,5.0139428857277775
1311.62001590299,5.0139428857277775
1331.6597448012078,3.0855033142940167
1351.6994736994257,2.3141274857205127
1371.7392025976437,4.242567057154273
1391.7789314958616,5.399630800014529
1411.8186603940794,6.942382457161537
1431.8583892922973,9.256509942882051
1451.898118190515,12.342013257176067
1471.937847088733,13.884764914323075
1491.9775759869508,12.727701171462819
1512.0173048851689,11.18494951431581
1532.0570337833867,7.328070371448289
1552.0967626816046,6.942382457161537
1572.1364915798224,10.027885771455555
1592.1762204780402,4.6282549714410255
1612.215949376258,5.785318714301281
1632.255678274476,4.6282549714410255
1652.2954071726938,5.0139428857277775
1672.3351360709116,15.04182865718333
1692.3748649691297,28.926593571506405
1712.4145938673475,38.183103514388456
1732.4543227655654,40.49723100010897
1752.4940516637832,37.026039771528204
1772.533780562001,23.141274857205126
1792.573509460219,16.97026822861709
1812.6132383584368,13.884764914323075
1832.6529672566548,7.328070371448289
1852.6926961548727,6.556694542874785
1872.7324250530905,9.256509942882051
1892.7721539513084,9.256509942882051
1912.8118828495262,13.11338908574957
1932.851611747744,14.656140742896579
1952.891340645962,16.58458031433034
1972.9310695441798,21.98421111434487
1992.9707984423976,30.469345228653413
2013.0105273406157,36.64035185724145
2033.0502562388335,32.012096885800425
2053.0899851370514,24.684026514352134
2073.129714035269,21.98421111434487
2093.169442933487,23.141274857205126
2113.209171831705,25.455402342925638
2133.2489007299228,26.22677817149914
2153.288629628141,29.312281485793157
2173.3283585263584,23.91265068577863
2193.3680874245765,32.012096885800425
2213.407816322794,27.76952982864615
2233.447545221012,32.012096885800425
2253.4872741192303,42.81135848582948
2273.527003017448,60.938690457306826
2293.566731915666,65.56694542874786
2313.6064608138836,71.73795205733589
2333.6461897121017,64.79556960017435
2353.6859186103193,74.8234553716299
2373.7256475085373,69.42382457161537
2393.7653764067554,64.4098816858876
2413.805105304973,58.238875057299566
2433.844834203191,56.69612340015256
2453.8845631014087,47.82530137155726
2473.924291999627,62.48144211445384
2493.9640208978444,67.49538500018161
2514.0037497960625,80.99446200021794
2534.04347869428,68.26676082875512
2554.083207592498,89.47959611452649
2574.1229364907163,102.59298520027606
2594.162665388934,175.4880010004722
2614.202394287152,338.6339887437683
2634.2421231853696,651.8125751446111
2654.2818520835876,1070.283962145737
2674.3215809818053,1572.835314461375
2694.3613098800233,1753.7229462618618
2714.401038778241,1552.0081670898903
2734.440767676459,1103.4531227743978
2754.480496574677,728.9501580019614
2774.5202254728947,591.259572601591
2794.559954371113,708.8943864590503
2814.5996832693304,856.6128576308764
2834.6394121675485,942.2355746025354
2854.679141065766,861.2411126023175
2874.718869963984,740.1351075162772
2894.7585988622022,646.7986322588832
2914.79832776042,638.3134981445747
2934.838056658638,750.5486812020196
2954.8777855568555,738.978043773417
2974.9175144550736,651.8125751446111
2994.9572433532912,538.0346404300192
3014.9969722515093,387.2306659438991
3035.0367011497274,254.1683355149696
3055.076430047945,177.03075265761922
3075.116158946163,132.29095460035597
3095.1558878443807,118.79187760031964
3115.1956167425988,136.1478337432235
3135.2353456408164,136.53352165751025
3155.2750745390344,152.34672614326706
3175.314803437252,148.10415908611282
3195.35453233547,134.21939417178973
3215.394261233688,127.66269962891494
3235.433990131906,105.67848851457008
3255.473719030124,92.17941151453375
3275.5134479283415,85.62271697165896
3295.5531768265596,90.63665985738675
3315.592905724777,106.44986434314357
3335.6326346229953,113.77793471459186
3355.672363521213,103.7500489431363
3375.712092419431,107.22124017171708
3395.751821317649,100.66454562884229
3415.7915502158667,96.80766648597478
3435.8312791140847,91.0223477716735
3455.8710080123024,91.40803568596024
3475.9107369105204,102.97867311456281
3495.950465808738,84.4656532287987
3515.990194706956,98.35041814312179
3536.029923605174,87.16546862880597
3556.069652503392,101.82160937170255
3576.10938140161,105.29280060028331
3596.1491102998275,96.42197857168802
3616.1888391980456,125.73426005748118
3636.228568096263,129.97682711463546
3656.2682969944813,145.40434368610553
3676.3080258926993,148.10415908611282
3696.347754790917,161.60323608614914
3716.387483689135,157.7463569432816
3736.4272125873526,134.21939417178973
3756.4669414855707,124.57719631462092
3776.5066703837883,132.6766425146427
3796.5463992820064,117.24912594317263
3816.586128180224,123.03444465747391
3836.625857078442,116.09206220031238
3856.66558597666,125.34857214319443
3876.705314874878,123.42013257176066
3896.745043773096,133.83370625750297
3916.7847726713135,126.50563588605469
3936.8245015695315,134.99077000036323
3956.864230467749,133.06233042892947
3976.9039593659672,141.93315245752476
3996.943688264185,129.20545128606196
4016.983417162403,135.37645791465
4037.023146060621,119.1775655146064
4057.0628749588386,134.21939417178973
4077.1026038570567,154.66085362898758
4097.142332755275,146.5614074289658
4117.182061653492,146.17571951467903
4137.22179055171,133.06233042892947
4157.261519449928,146.17571951467903
4177.301248348146,150.03259865754657
4197.340977246364,155.04654154327434
4217.380706144581,166.23149105759015
4237.4204350428,160.8318602575756
4257.4601639410175,157.36066902899486
4277.499892839235,148.8755349146863
4297.539621737453,163.5316756575829
4317.579350635671,156.58929320042134
4337.619079533889,157.36066902899486
4357.6588084321065,153.50378988612732
4377.698537330325,162.76029982900937
4397.738266228543,147.3327832575393
4417.77799512676,166.6171789718769
4437.817724024978,162.76029982900937
4457.857452923196,177.41644057190595
4477.897181821414,180.50194388619997
4497.936910719632,196.3151483719568
4517.97663961785,183.97313511478075
4538.016368516068,180.88763180048673
4558.056097414285,173.55956142903844
4578.095826312503,184.74451094335424
4598.135555210722,185.9015746862145
4618.175284108939,160.8318602575756
4638.215013007157,175.4880010004722
4658.254741905375,196.3151483719568
4678.294470803593,183.20175928620725
4698.334199701811,189.75845382908201
4718.373928600028,193.61533297194956
4738.413657498247,197.0865242005303
4758.453386396464,184.74451094335424
4778.493115294682,199.40065168625082
4798.5328441929005,218.68504740058845
4818.572573091118,199.0149637719641
4838.612301989336,188.98707800050852
4858.652030887553,210.1999132862799
4878.691759785772,204.4145945719786
4898.7314886839895,211.7426649434269
4918.771217582207,202.1004670862581
4938.810946480425,203.25753082911834
4958.850675378643,222.1562386291692
4978.890404276861,221.77055071488246
4998.9301331750785,206.72872205769912
5018.969862073297,217.91367157201492
5039.009590971515,210.58560120056663
5059.049319869732,232.5698123149115
5079.08904876795,239.8978826863598
5099.128777666168,206.72872205769912
5119.168506564386,233.72687605777176
5139.208235462604,229.86999691490425
5159.247964360822,251.46852011496236
5179.28769325904,250.3114563721021
5199.327422157257,220.99917488630894
5219.367151055475,262.26778171499143
5239.4068799536935,257.6395267435504
5259.446608851911,263.0391575435649
5279.486337750129,276.923922457888
5299.526066648347,305.8505160293944
5319.565795546565,314.7213380579897
5339.6055244447825,294.27987860079185
5359.645253343,317.8068413722837
5379.684982241219,347.1191228580769
5399.724711139436,322.049408429438
5419.764440037654,340.5624283152021
5439.8041689358715,323.2064721722983
5459.84389783409,308.93601934368843
5479.883626732308,312.79289848655594
5499.923355630525,294.6655665150786
5519.963084528744,292.35143902935806
5540.002813426961,272.295667486447
5560.042542325179,280.3951136864688
5580.082271223397,292.73712694364485
5600.122000121615,291.5800632007846
5620.161729019833,293.8941906865051
5640.20145791805,290.42299945792433
5660.241186816269,277.6952982864615
5680.280915714487,317.8068413722837
5700.320644612704,311.25014682940895
5720.360373510922,295.4369423436521
5740.40010240914,323.97784800087175
5760.439831307358,313.1785864008427
5780.479560205576,329.76316671517304
5800.519289103794,327.4490392294525
5820.559018002012,335.54848542947434
5840.598746900229,323.592160086585
5860.638475798447,334.3914216866141
5880.6782046966655,364.4750790009807
5900.717933594883,354.8328811438119
5920.757662493101,357.91838445810595
5940.797391391319,352.9044415723782
5960.837120289537,352.13306574380465
5980.8768491877545,347.5048107723636
6000.916578085972,369.8747098009953
6020.956306984191,345.1906832866431
6040.996035882408,337.47692500090807
6061.035764780626,352.13306574380465
6081.075493678844,349.4332503437974
6101.115222577062,353.2901294866649
6121.15495147528,347.8904986866504
6141.194680373497,351.3616899152311
6161.234409271716,386.4592901153256
6181.274138169933,382.21672305817134
6201.313867068151,401.11543085822217
6221.353595966369,425.0280815440008
6241.393324864587,450.8691718012132
6261.433053762805,424.64239362971404
6281.472782661022,455.4974267726542
6301.512511559241,448.5550443154927
6321.5522404574585,472.4676950012713
6341.591969355676,489.4379632298884
6361.631698253894,537.6489525157324
6381.671427152112,531.8636338014311
6401.71115605033,506.4082314585055
6421.7508849485475,521.8357480299755
6441.790613846766,490.2093390584619
6461.830342744984,473.62475874413155
6481.870071643201,431.5847760868756
6501.909800541419,407.2864374868102
6521.949529439637,394.5587363153474
6541.989258337855,388.7734176010461
6562.028987236073,389.54479342961963
6582.068716134291,374.1172768581495
6602.108445032509,391.8589209153401
6622.148173930726,393.7873604867739
6642.187902828944,381.0596593153111
6662.227631727163,382.9880988867448
6682.26736062538,388.38772968675937
6702.307089523598,355.98994488667216
6722.346818421815,388.0020417724726
6742.386547320034,390.7018571724799
6762.426276218252,382.21672305817134
6782.466005116469,391.0875450867666
6802.505734014688,384.9165384581786
6822.545462912905,379.1312197438773
6842.585191811123,386.4592901153256
6862.624920709341,389.93048134390637
6882.664649607559,372.18883728671574
6902.704378505777,407.2864374868102
6922.744107403994,369.10333397242175
6942.783836302213,373.7315889438628
6962.8235652004305,391.47323300105336
6982.863294098648,382.9880988867448
7002.903022996866,399.5726792010752
7022.942751895084,400.72974294393543
7042.982480793302,378.74553182959056
7063.0222096915195,379.51690765816403
7083.061938589738,394.5587363153474
7103.101667487956,386.07360220103885
7123.141396386173,375.6600285152965
7143.181125284391,367.9462702295615
7163.220854182609,369.10333397242175
7183.260583080827,350.59031408665766
7203.300311979045,371.41746145814227
7223.340040877263,365.24645482955424
7243.379769775481,365.632142743841
7263.419498673698,357.91838445810595
7283.459227571916,366.78920648670123
7303.4989564701345,360.23251194382647
7323.538685368352,343.6479316294961
7343.57841426657,342.49086788663584
7363.618143164788,361.00388777239993
7383.657872063006,375.2743406010098
7403.6976009612235,353.67581740095164
7423.737329859441,356.37563280095895
7443.77705875766,348.6618745152239
7463.816787655877,342.87655580092263
7483.856516554095,343.6479316294961
7503.8962454523125,346.34774702950335
7523.935974350531,364.4750790009807
7543.975703248749,331.30591837232004
7564.015432146966,325.52059965801874
7584.055161045185,332.84867002946703
7604.094889943402,322.43509634372475
7624.13461884162,307.39326768654144
7644.174347739838,312.79289848655594
7664.214076638056,328.22041505802605
7684.253805536274,291.1943752864978
7704.293534434491,307.39326768654144
7724.33326333271,329.3774788008863
7744.372992230928,308.1646435151149
7764.412721129145,322.8207842580115
7784.452450027363,310.4787710008354
7804.492178925581,327.0633513151658
7824.531907823799,304.6934522865341
7844.571636722017,303.53638854367387
7864.611365620235,296.59400608651237
7884.651094518453,290.03731154363754
7904.69082341667,303.53638854367387
7924.730552314888,312.79289848655594
7944.7702812131065,313.9499622294162
7964.810010111324,332.4629821151803
7984.849739009542,308.1646435151149
8004.889467907759,292.35143902935806
8024.929196805978,305.8505160293944
8044.9689257041955,317.421153457997
8065.008654602413,286.95180822934356
8085.048383500632,301.9936368865269
8105.088112398849,281.55217742932905
8125.127841297067,264.19622128642516
8145.1675701952845,268.8244762578662
8165.207299093503,277.30961037217475
8185.247027991721,274.22410705788076
8205.28675688994,278.08098620074827
8225.326485788157,273.45273122930723
8245.366214686375,272.295667486447
8265.405943584594,278.08098620074827
8285.44567248281,241.82632225779355
8305.485401381029,273.83841914359397
8325.525130279246,266.12466085785894
8345.564859177464,255.71108717211663
8365.604588075683,253.39695968639612
8385.6443169739,267.2817246007192
8405.684045872118,256.0967750864034
8425.723774770337,261.11071797213117
8445.763503668553,227.55586942918373
8465.803232566772,258.0252146578371
8485.84296146499,251.0828322006756
8505.882690363207,251.46852011496236
8525.922419261426,258.4109025721239
8545.962148159644,265.3532850292854
8566.00187705786,250.69714428638886
8586.04160595608,252.23989594353586
8606.081334854296,233.341188143485
8626.121063752515,258.0252146578371
8646.160792650733,249.5400805435286
8666.20052154895,229.09862108633075
8686.240250447168,246.4545772292346
8706.279979345387,244.14044974351407
8726.319708243604,235.65531562920552
8746.359437141822,220.22779905773544
8766.39916604004,210.9712891148534
8786.438894938257,219.45642322916194
8806.478623836476,202.48615500054484
8826.518352734694,209.42853745770637
8846.558081632911,207.5000978862726
8866.59781053113,203.6432187434051
8886.637539429346,195.15808462909655
8906.677268327565,183.58744720049398
8926.716997225783,203.6432187434051
8946.756726124,176.64506474333245
8966.796455022219,182.43038345763372
8986.836183920437,181.65900762906023
9006.875912818654,177.03075265761922
9026.915641716872,190.91551757194227
9046.955370615091,170.8597460290312
9066.995099513308,167.77424271473717
9087.034828411526,158.5177327718551
9107.074557309743,162.76029982900937
9127.114286207961,150.4182865718333
9147.15401510618,156.58929320042134
9167.193744004397,161.60323608614914
9187.233472902615,141.16177662895126
9207.273201800834,138.461961228944
9227.31293069905,152.73241405755383
9247.352659597269,132.29095460035597
9267.392388495487,127.66269962891494
9287.432117393704,117.63481385745939
9307.471846291923,109.14967974315084
9327.511575190141,119.1775655146064
9347.551304088358,109.14967974315084
9367.591032986576,110.69243140029785
9387.630761884793,96.80766648597478
9407.670490783012,107.99261600029058
9427.71021968123,86.39409280023247
9447.749948579447,103.7500489431363
9467.789677477665,86.39409280023247
9487.829406375884,91.40803568596024
9507.8691352741,79.45171034307093
9527.90886417232,84.07996531451195
9547.948593070538,84.4656532287987
9567.988321968754,73.2807037144829
9588.028050866973,69.80951248590213
9608.067779765192,66.33832125732135
9628.107508663408,67.10969708589487
9648.147237561627,56.3104354858658
9668.186966459843,59.01025088587307
9688.226695358062,46.28254971441025
9708.26642425628,51.68218051442478
9728.306153154497,42.039982657255976
9748.345882052716,43.582734314402984
9768.385610950934,38.56879142867521
9788.425339849151,44.73979805726324
9808.46506874737,31.626408971513673
9828.504797645588,33.16916062866068
9848.544526543805,32.78347271437393
9868.584255442023,26.998154000072645
9888.62398434024,26.22677817149914
9908.663713238459,21.598523200058118
9928.703442136677,21.598523200058118
9948.743171034894,19.284395714337606
9968.782899933112,16.97026822861709
9988.82262883133,16.97026822861709
10008.862357729548,13.11338908574957
10028.902086627766,16.58458031433034
10048.941815525985,12.727701171462819
10068.981544424201,10.027885771455555
10089.02127332242,8.870822028595297
10109.061002220638,6.942382457161537
10129.100731118855,6.171006628588033
10149.140460017074,7.328070371448289
10169.18018891529,4.242567057154273
10189.219917813509,5.785318714301281
10209.259646711727,5.785318714301281
10229.299375609944,3.0855033142940167
10249.339104508163,3.0855033142940167
10269.378833406381,3.8568791428675206
10289.418562304598,3.8568791428675206
10309.458291202816,0.7713758285735042
10329.498020101035,1.9284395714337603
10349.537748999252,2.3141274857205127
10369.57747789747,0.7713758285735042
10389.617206795687,0.7713758285735042
10409.656935693905,0.3856879142867521
10429.696664592124,0.7713758285735042
10449.73639349034,1.1570637428602564
10469.776122388559,1.5427516571470083
10489.815851286778,2.3141274857205127
10509.855580184994,1.5427516571470083
10529.895309083213,2.3141274857205127
10549.935037981431,0.7713758285735042
10569.974766879648,1.9284395714337603
10590.014495777867,1.5427516571470083
10610.054224676085,0.3856879142867521
10630.093953574302,1.1570637428602564
10650.13368247252,2.3141274857205127
10670.173411370737,3.0855033142940167
10690.213140268956,0.3856879142867521
10710.252869167174,1.1570637428602564
10730.29259806539,3.0855033142940167
10750.33232696361,1.1570637428602564
10770.372055861828,1.1570637428602564
10790.411784760045,1.1570637428602564
10810.451513658263,1.5427516571470083
10830.491242556482,1.9284395714337603
10850.530971454698,2.6998154000072647
10870.570700352917,1.1570637428602564
10890.610429251134,1.5427516571470083
10910.650158149352,3.0855033142940167
10930.68988704757,2.3141274857205127
10950.729615945787,0.3856879142867521
10970.769344844006,0.0
10990.809073742224,0.0
11010.848802640441,1.9284395714337603
11030.88853153866,2.3141274857205127
11050.928260436878,1.9284395714337603
11070.967989335095,1.9284395714337603
11091.007718233313,1.5427516571470083
11111.047447131532,1.1570637428602564
11131.087176029749,0.7713758285735042
11151.126904927967,0.7713758285735042
11171.166633826184,2.6998154000072647
11191.206362724402,1.9284395714337603
11211.246091622621,2.3141274857205127
11231.285820520838,0.7713758285735042
11251.325549419056,1.1570637428602564
11271.365278317275,0.3856879142867521
11291.405007215491,2.3141274857205127
11311.44473611371,0.7713758285735042
11331.484465011928,0.7713758285735042
11351.524193910145,1.5427516571470083
11371.563922808364,2.6998154000072647
11391.603651706582,1.5427516571470083
11411.643380604799,1.9284395714337603
11431.683109503017,1.9284395714337603
11451.722838401234,1.9284395714337603
11471.762567299453,1.1570637428602564
11491.802296197671,0.0
11511.842025095888,0.7713758285735042
11531.881753994106,0.7713758285735042
11551.921482892325,1.1570637428602564
11571.961211790542,0.3856879142867521
11592.00094068876,0.7713758285735042
11612.040669586979,1.5427516571470083
11632.080398485195,1.1570637428602564
11652.120127383414,1.9284395714337603
11672.15985628163,1.1570637428602564
11692.19958517985,0.3856879142867521
11712.239314078068,0.7713758285735042
11732.279042976284,1.5427516571470083
11752.318771874503,1.1570637428602564
11772.358500772722,1.1570637428602564
11792.398229670938,0.7713758285735042
11812.437958569157,1.1570637428602564
11832.477687467375,1.9284395714337603
11852.517416365592,1.5427516571470083
11872.55714526381,1.1570637428602564
11892.596874162029,1.5427516571470083
11912.636603060246,0.7713758285735042
11932.676331958464,0.3856879142867521
11952.716060856681,1.1570637428602564
11972.7557897549,0.7713758285735042
11992.795518653118,0.7713758285735042
12012.835247551335,1.5427516571470083
12032.874976449553,1.1570637428602564
12052.914705347772,1.9284395714337603
12072.954434245989,0.0
12092.994163144207,0.3856879142867521
12113.033892042426,1.1570637428602564
12133.073620940642,1.1570637428602564
12153.11334983886,1.1570637428602564
12173.15307873708,1.1570637428602564
12193.192807635296,1.9284395714337603
12213.232536533515,2.3141274857205127
12233.272265431731,0.7713758285735042
12253.31199432995,1.5427516571470083
12273.351723228168,1.1570637428602564
12293.391452126385,0.7713758285735042
12313.431181024604,1.1570637428602564
12333.470909922822,1.9284395714337603
12353.510638821039,1.5427516571470083
12373.550367719257,0.7713758285735042
12393.590096617476,1.5427516571470083
12413.629825515693,0.7713758285735042
12433.669554413911,0.0
12453.709283312128,1.5427516571470083
12473.749012210346,1.9284395714337603
12493.788741108565,1.5427516571470083
12513.828470006782,3.4711912285807687
12533.868198905,0.0
12553.907927803219,1.1570637428602564
12573.947656701435,1.5427516571470083
12593.987385599654,1.1570637428602564
12614.027114497872,1.1570637428602564
12634.06684339609,0.3856879142867521
12654.106572294308,0.3856879142867521
12674.146301192526,1.1570637428602564
12694.186030090743,1.1570637428602564
12714.225758988961,1.5427516571470083
12734.265487887178,2.3141274857205127
12754.305216785397,1.1570637428602564
12774.344945683615,1.1570637428602564
12794.384674581832,1.9284395714337603
12814.42440348005,1.1570637428602564
12834.464132378269,1.1570637428602564
12854.503861276486,1.1570637428602564
12874.543590174704,1.9284395714337603
12894.583319072923,2.3141274857205127
12914.62304797114,1.5427516571470083
12934.662776869358,0.7713758285735042
12954.702505767575,1.5427516571470083
12974.742234665793,0.7713758285735042
12994.781963564012,1.1570637428602564
13014.821692462228,0.7713758285735042
13034.861421360447,1.9284395714337603
13054.901150258665,1.5427516571470083
13074.940879156882,0.7713758285735042
13094.9806080551,0.7713758285735042
13115.02033695332,0.3856879142867521
13135.060065851536,0.7713758285735042
13155.099794749754,1.1570637428602564
13175.139523647973,0.7713758285735042
13195.17925254619,0.3856879142867521
13215.218981444408,0.7713758285735042
13235.258710342625,2.3141274857205127
13255.298439240843,1.1570637428602564
13275.338168139062,1.1570637428602564
13295.377897037279,1.5427516571470083
13315.417625935497,1.5427516571470083
13335.457354833716,1.5427516571470083
13355.497083731932,1.9284395714337603
13375.536812630151,0.7713758285735042
13395.57654152837,1.5427516571470083
13415.616270426586,1.1570637428602564
13435.655999324805,1.5427516571470083
13455.695728223021,1.1570637428602564
13475.73545712124,0.3856879142867521
13495.775186019458,0.7713758285735042
13515.814914917675,1.5427516571470083
13535.854643815894,0.7713758285735042
13555.894372714112,0.7713758285735042
13575.934101612329,0.3856879142867521
13595.973830510547,0.7713758285735042
13616.013559408766,1.9284395714337603
13636.053288306983,1.9284395714337603
13656.093017205201,0.3856879142867521
13676.13274610342,1.5427516571470083
13696.172475001636,1.1570637428602564
13716.212203899855,0.7713758285735042
13736.251932798072,0.7713758285735042
13756.29166169629,1.1570637428602564
13776.331390594509,1.1570637428602564
13796.371119492725,1.5427516571470083
13816.410848390944,1.9284395714337603
13836.450577289163,1.1570637428602564
13856.49030618738,1.5427516571470083
13876.530035085598,0.7713758285735042
13896.569763983816,0.3856879142867521
13916.609492882033,0.7713758285735042
13936.649221780252,0.7713758285735042
13956.68895067847,0.7713758285735042
13976.728679576687,0.7713758285735042
13996.768408474905,1.9284395714337603
14016.808137373122,1.5427516571470083
14036.84786627134,1.1570637428602564
14056.887595169559,1.9284395714337603
14076.927324067776,0.3856879142867521
14096.967052965994,1.1570637428602564
14117.006781864213,1.9284395714337603
14137.04651076243,1.5427516571470083
14157.086239660648,0.3856879142867521
14177.125968558867,1.1570637428602564
14197.165697457083,1.1570637428602564
14217.205426355302,0.7713758285735042
14237.245155253519,0.0
14257.284884151737,0.3856879142867521
14277.324613049956,1.1570637428602564
14297.364341948172,2.3141274857205127
14317.40407084639,1.1570637428602564
14337.44379974461,2.3141274857205127
14357.483528642826,1.1570637428602564
14377.523257541045,1.5427516571470083
14397.562986439263,0.7713758285735042
14417.60271533748,1.1570637428602564
14437.642444235698,1.1570637428602564
14457.682173133917,1.1570637428602564
14477.721902032134,1.9284395714337603
14497.761630930352,1.9284395714337603
14517.801359828569,0.7713758285735042
14537.841088726787,0.7713758285735042
14557.880817625006,1.1570637428602564
14577.920546523223,1.5427516571470083
14597.960275421441,1.5427516571470083
14618.00000431966,0.3856879142867521
14638.039733217876,1.9284395714337603
14658.079462116095,0.0
14678.119191014313,1.5427516571470083
14698.15891991253,2.3141274857205127
14718.198648810749,0.7713758285735042
14738.238377708967,0.3856879142867521
14758.278106607184,1.1570637428602564
14778.317835505402,1.1570637428602564
14798.35756440362,0.0
14818.397293301838,0.3856879142867521
14838.437022200056,0.7713758285735042
14858.476751098273,1.5427516571470083
14878.516479996491,1.9284395714337603
14898.55620889471,0.3856879142867521
14918.595937792927,0.3856879142867521
14938.635666691145,1.5427516571470083
14958.675395589364,0.0
14978.71512448758,0.3856879142867521
14998.754853385799,0.0
15018.794582284016,0.7713758285735042
15038.834311182234,0.3856879142867521
15058.874040080453,0.7713758285735042
15078.91376897867,1.1570637428602564
15098.953497876888,0.7713758285735042
15118.993226775106,0.7713758285735042
15139.032955673323,1.1570637428602564
15159.072684571542,0.3856879142867521
15179.11241346976,0.3856879142867521
15199.152142367977,0.3856879142867521
15219.191871266195,0.3856879142867521
15239.231600164414,1.5427516571470083
15259.27132906263,1.9284395714337603
15279.31105796085,1.1570637428602564
15299.350786859066,0.3856879142867521
15319.390515757284,1.9284395714337603
15339.430244655503,0.7713758285735042
15359.46997355372,0.0
15379.509702451938,0.0
15399.549431350157,0.3856879142867521
15419.589160248373,0.3856879142867521
15439.628889146592,0.3856879142867521
15459.66861804481,0.7713758285735042
15479.708346943027,0.7713758285735042
15499.748075841246,0.3856879142867521
15519.787804739462,0.0
15539.827533637681,1.1570637428602564
15559.8672625359,0.7713758285735042
15579.906991434116,0.3856879142867521
15599.946720332335,0.3856879142867521
15619.986449230553,1.1570637428602564
15640.02617812877,1.1570637428602564
15660.065907026988,0.7713758285735042
15680.105635925207,0.3856879142867521
15700.145364823424,0.0
15720.185093721642,0.3856879142867521
15740.22482261986,2.3141274857205127
15760.264551518077,0.3856879142867521
15780.304280416296,0.7713758285735042
15800.344009314513,0.3856879142867521
15820.383738212731,0.3856879142867521
15840.42346711095,1.1570637428602564
15860.463196009166,0.7713758285735042
15880.502924907385,0.3856879142867521
15900.542653805604,0.3856879142867521
15920.58238270382,0.3856879142867521
15940.622111602039,1.1570637428602564
15960.661840500257,0.0
15980.701569398474,0.3856879142867521
16000.741298296693,0.3856879142867521
16020.78102719491,0.3856879142867521
16040.820756093128,0.7713758285735042
16060.860484991346,0.3856879142867521
16080.900213889563,0.0
16100.939942787782,0.0
16120.979671686,0.3856879142867521
16141.019400584217,0.0
16161.059129482435,0.0
16181.098858380654,0.0
16201.13858727887,0.7713758285735042
16221.178316177089,0.3856879142867521
16241.218045075308,0.3856879142867521
16261.257773973524,0.0
16281.297502871743,0.3856879142867521
16301.33723176996,1.5427516571470083
16321.376960668178,0.3856879142867521
16341.416689566397,0.3856879142867521
16361.456418464613,0.3856879142867521
16381.496147362832,1.1570637428602564
16401.53587626105,0.3856879142867521
16421.57560515927,0.0
16441.615334057486,0.3856879142867521
16461.655062955702,0.3856879142867521
16481.694791853923,1.1570637428602564
16501.73452075214,0.7713758285735042
16521.774249650356,0.3856879142867521
16541.813978548576,0.0
16561.853707446793,0.0
16581.89343634501,0.7713758285735042
16601.93316524323,0.0
16621.972894141447,0.0
16642.012623039664,0.3856879142867521
16662.05235193788,0.7713758285735042
16682.0920808361,0.0
16702.131809734317,0.3856879142867521
16722.171538632534,0.0
16742.211267530754,0.0
16762.25099642897,0.0
16782.290725327188,1.5427516571470083
16802.330454225408,0.3856879142867521
16822.370183123625,0.7713758285735042
16842.40991202184,0.0
16862.449640920062,0.0
16882.48936981828,0.3856879142867521
16902.529098716495,0.3856879142867521
16922.568827614716,0.3856879142867521
16942.608556512932,0.0
16962.64828541115,0.3856879142867521
16982.68801430937,0.3856879142867521
17002.727743207586,1.1570637428602564
17022.767472105803,1.1570637428602564
17042.807201004023,0.0
17062.84692990224,0.0
17082.886658800457,0.3856879142867521
17102.926387698677,0.3856879142867521
17122.966116596894,0.0
17143.00584549511,0.0
17163.04557439333,0.3856879142867521
17183.085303291547,0.0
17203.125032189764,0.3856879142867521
17223.16476108798,0.0
17243.2044899862,0.0
17263.244218884418,0.7713758285735042
17283.283947782635,0.3856879142867521
17303.323676680855,0.0
17323.36340557907,0.3856879142867521
17343.40313447729,0.0
17363.44286337551,0.0
17383.482592273725,0.3856879142867521
17403.522321171942,0.0
17423.562050070163,0.0
17443.60177896838,0.0
17463.641507866596,0.3856879142867521
17483.681236764816,0.0
17503.720965663033,0.0
17523.76069456125,0.3856879142867521
17543.80042345947,0.0
17563.840152357687,0.3856879142867521
17583.879881255903,0.0
17603.919610154124,0.0
17623.95933905234,0.0
17643.999067950557,0.0
17664.038796848778,0.0
17684.078525746994,0.0
17704.11825464521,0.0
17724.157983543428,0.0
17744.197712441648,0.0
17764.237441339865,0.3856879142867521
17784.27717023808,0.3856879142867521
17804.3168991363,0.0
17824.35662803452,0.0
17844.396356932735,0.0
17864.436085830956,0.0
17884.475814729172,0.0
17904.51554362739,0.0
17924.55527252561,0.0
17944.595001423826,0.0
17964.634730322043,0.0
17984.674459220263,0.3856879142867521
18004.71418811848,0.3856879142867521
18024.753917016697,0.0
18044.793645914917,0.0
18064.833374813134,0.0
18084.87310371135,0.3856879142867521
18104.91283260957,0.0
18124.952561507787,0.3856879142867521
18144.992290406004,0.0
18165.032019304224,0.0
18185.07174820244,0.0
18205.111477100658,0.0
18225.151205998875,0.0
18245.190934897095,0.0
18265.23066379531,0.0
18285.27039269353,0.0
18305.31012159175,0.0
18325.349850489965,0.0
18345.389579388182,0.0
18365.429308286402,0.3856879142867521
18385.46903718462,0.0
18405.508766082836,0.0
18425.548494981056,0.0
18445.588223879273,0.0
18465.62795277749,0.3856879142867521
18485.66768167571,0.0
18505.707410573927,0.0
18525.747139472143,0.3856879142867521
18545.786868370364,0.3856879142867521
18565.82659726858,0.0
18585.866326166797,0.0
18605.906055065017,0.0
18625.945783963234,0.0
18645.98551286145,0.0
18666.02524175967,0.0
18686.064970657888,0.0
18706.104699556105,0.0
18726.14442845432,0.0
18746.18415735254,0.0
18766.22388625076,0.0
18786.263615148975,0.0
18806.303344047195,0.0
18826.343072945412,0.0
18846.38280184363,0.0
18866.42253074185,0.0
18886.462259640066,0.0
18906.501988538283,0.0
18926.541717436503,0.0
18946.58144633472,0.0
18966.621175232936,0.0
18986.660904131157,0.0
19006.700633029373,0.0
19026.74036192759,0.0
19046.78009082581,0.0
19066.819819724027,0.3856879142867521
19086.859548622244,0.0
19106.899277520464,0.0
19126.93900641868,0.0
19146.978735316898,0.0
19167.018464215118,0.0
19187.058193113335,0.0
19207.09792201155,0.0
19227.13765090977,0.0
19247.17737980799,0.0
19267.217108706205,0.0
19287.256837604422,0.0
19307.296566502642,0.0
19327.33629540086,0.0
19347.376024299076,0.0
19367.415753197296,0.0
19387.455482095513,0.0
19407.49521099373,0.0
19427.53493989195,0.0
19447.574668790166,0.0
19467.614397688383,0.0
19487.654126586604,0.0
19507.69385548482,0.0
19527.733584383037,0.0
19547.773313281257,0.0
19567.813042179474,0.0
19587.85277107769,0.0
19607.89249997591,0.0
19627.932228874128,0.0
19647.971957772344,0.0
19668.011686670565,0.0
19688.05141556878,0.0
19708.091144467,0.0
19728.13087336522,0.0
19748.170602263435,0.0
19768.210331161652,0.0
19788.25006005987,0.0
19808.28978895809,0.0
19828.329517856306,0.0
19848.369246754522,0.0
19868.408975652743,0.0
19888.44870455096,0.0
19908.488433449176,0.0
19928.528162347397,0.0
19948.567891245613,0.0
19968.60762014383,0.0
19988.64734904205,0.0
20008.687077940267,0.0
20028.726806838484,0.0
20048.766535736704,0.0
20068.80626463492,0.0
20088.845993533138,0.0
20108.885722431358,0.0
20128.925451329575,0.0
20148.96518022779,0.0
20169.00490912601,0.0
20189.04463802423,0.0
20209.084366922445,0.0
20229.124095820665,0.0
20249.163824718882,0.0
20269.2035536171,0.0
20289.243282515316,0.0
20309.283011413536,0.0
20329.322740311753,0.0
20349.36246920997,0.0
20369.40219810819,0.0
20389.441927006406,0.0
20409.481655904623,0.0
20429.521384802843,0.0
20449.56111370106,0.0
20469.600842599277,0.0
20489.640571497497,0.0
20509.680300395714,0.0
20529.72002929393,0.0
20549.75975819215,0.0
20569.799487090368,0.0
20589.839215988584,0.0
20609.878944886805,0.0
20629.91867378502,0.0
20649.958402683238,0.0
20669.99813158146,0.0
20690.037860479675,0.0
20710.077589377892,0.0
20730.117318276112,0.0
20750.15704717433,0.0
20770.196776072546,0.0
20790.236504970762,0.0
20810.276233868983,0.0
20830.3159627672,0.0
20850.355691665416,0.0
20870.395420563636,0.0
20890.435149461853,0.0
20910.47487836007,0.0
20930.51460725829,0.0
20950.554336156507,0.0
20970.594065054724,0.0
20990.633793952944,0.0
21010.67352285116,0.0
21030.713251749377,0.0
21050.752980647598,0.0
21070.792709545814,0.0
21090.83243844403,0.0
21110.87216734225,0.0
21130.91189624047,0.0
21150.951625138685,0.0
21170.991354036905,0.0
21191.031082935122,0.0
21211.07081183334,0.0
21231.11054073156,0.0
21251.150269629776,0.0
21271.189998527992,0.0
21291.22972742621,0.0
21311.26945632443,0.0
21331.309185222646,0.0
21351.348914120863,0.0
21371.388643019083,0.0
21391.4283719173,0.0
21411.468100815517,0.0
21431.507829713737,0.0
21451.547558611954,0.0
21471.58728751017,0.0
21491.62701640839,0.0
21511.666745306607,0.0
21531.706474204824,0.0
21551.746203103045,0.0
21571.78593200126,0.0
21591.825660899478,0.0
21611.8653897977,0.0
21631.905118695915,0.0
21651.94484759413,0.0
21671.984576492352,0.0
21692.02430539057,0.0
21712.064034288785,0.0
21732.103763187006,0.0
21752.143492085223,0.0
21772.18322098344,0.0
21792.222949881656,0.0
21812.262678779876,0.0
21832.302407678093,0.0
21852.34213657631,0.0
21872.38186547453,0.0
21892.421594372747,0.0
21912.461323270963,0.0
21932.501052169184,0.0
21952.5407810674,0.0
21972.580509965617,0.0
21992.620238863838,0.0
22012.659967762054,0.0
22032.69969666027,0.0
22052.73942555849,0.0
22072.779154456708,0.0
22092.818883354925,0.0
22112.858612253145,0.0
22132.898341151362,0.0
22152.93807004958,0.0
22172.9777989478,0.0
22193.017527846016,0.0
22213.057256744232,0.0
22233.096985642453,0.0
22253.13671454067,0.0
22273.176443438886,0.0
22293.216172337106,0.0
22313.255901235323,0.0
22333.29563013354,0.0
22353.335359031757,0.0
22373.375087929977,0.0
22393.414816828194,0.0
22413.45454572641,0.0
22433.49427462463,0.0
22453.534003522847,0.0
22473.573732421064,0.0
22493.613461319284,0.0
22513.6531902175,0.0
22533.692919115718,0.0
22553.732648013938,0.0
22573.772376912155,0.0
22593.81210581037,0.0
22613.851834708592,0.0
22633.89156360681,0.0
22653.931292505025,0.0
22673.971021403246,0.0
22694.010750301462,0.0
22714.05047919968,0.0
22734.0902080979,0.0
22754.129936996116,0.0
22774.169665894333,0.0
22794.209394792553,0.0
22814.24912369077,0.0
22834.288852588987,0.3856879142867521
22854.328581487203,0.0
22874.368310385424,0.0
22894.40803928364,0.0
22914.447768181857,0.0
22934.487497080077,0.0
22954.527225978294,0.0
22974.56695487651,0.0
22994.60668377473,0.0
23014.646412672948,0.0
23034.686141571165,0.0
23054.725870469385,0.0
23074.7655993676,0.0
23094.80532826582,0.0
23114.84505716404,0.0
23134.884786062255,0.0
23154.924514960472,0.0
23174.964243858692,0.0
23195.00397275691,0.0
23215.043701655126,0.0
23235.083430553346,0.0
23255.123159451563,0.0
23275.16288834978,0.0
23295.202617248,0.0
23315.242346146217,0.0
23335.282075044433,0.0
23355.32180394265,0.0
23375.36153284087,0.0
23395.401261739087,0.0
23415.440990637304,0.0
23435.480719535524,0.0
23455.52044843374,0.0
23475.560177331958,0.0
23495.599906230178,0.0
23515.639635128395,0.0
23535.67936402661,0.0
23555.71909292483,0.0
23575.75882182305,0.0
23595.798550721265,0.3856879142867521
23615.838279619486,0.0
23635.878008517702,0.0
23655.91773741592,0.0
23675.95746631414,0.0
23695.997195212356,0.0
23716.036924110573,0.0
23736.076653008793,0.0
23756.11638190701,0.0
23776.156110805226,0.0
23796.195839703447,0.0
23816.235568601664,0.0
23836.27529749988,0.0
23856.315026398097,0.0
23876.354755296317,0.0
23896.394484194534,0.0
23916.43421309275,0.0
23936.47394199097,0.0
23956.513670889188,0.0
23976.553399787404,0.0
23996.593128685625,0.0
24016.63285758384,0.0
24036.67258648206,0.0
24056.71231538028,0.0
24076.752044278495,0.0
24096.791773176712,0.0
24116.831502074932,0.0
24136.87123097315,0.0
24156.910959871366,0.0
24176.950688769586,0.0
24196.990417667803,0.0
24217.03014656602,0.0
24237.06987546424,0.0
24257.109604362457,0.0
24277.149333260673,0.0
24297.189062158894,0.0
24317.22879105711,0.0
24337.268519955327,0.0
24357.308248853547,0.0
24377.347977751764,0.0
24397.38770664998,0.0
24417.427435548198,0.0
24437.467164446418,0.0
24457.506893344635,0.0
24477.54662224285,0.0
24497.58635114107,0.0
24517.62608003929,0.0
24537.665808937505,0.0
24557.705537835725,0.0
24577.745266733942,0.0
24597.78499563216,0.0
24617.82472453038,0.0
24637.864453428596,0.0
24657.904182326813,0.0
24677.943911225033,0.0
24697.98364012325,0.0
24718.023369021466,0.0
24738.063097919687,0.0
24758.102826817903,0.0
24778.14255571612,0.0
24798.18228461434,0.0
24818.222013512557,0.0
24838.261742410774,0.0
24858.301471308994,0.0
24878.34120020721,0.0
24898.380929105428,0.0
24918.420658003644,0.0
24938.460386901865,0.0
24958.50011580008,0.0
24978.539844698298,0.0
24998.57957359652,0.0
25018.619302494735,0.0
25038.659031392952,0.0
25058.698760291172,0.0
25078.73848918939,0.0
25098.778218087606,0.0
25118.817946985826,0.0
25138.857675884043,0.0
25158.89740478226,0.0
25178.93713368048,0.0
25198.976862578696,0.0
25219.016591476913,0.0
25239.056320375134,0.0
25259.09604927335,0.0
25279.135778171567,0.0
25299.175507069787,0.0
25319.215235968004,0.0
25339.25496486622,0.0
25359.29469376444,0.0
25379.334422662658,0.0
25399.374151560874,0.0
25419.41388045909,0.0
25439.45360935731,0.0
25459.49333825553,0.0
25479.533067153745,0.0
25499.572796051965,0.0
25519.612524950182,0.0
25539.6522538484,0.0
25559.69198274662,0.0
25579.731711644836,0.0
25599.771440543052,0.0
25619.811169441273,0.0
25639.85089833949,0.0
25659.890627237706,0.0
25679.930356135927,0.0
25699.970085034143,0.0
25720.00981393236,0.0
25740.04954283058,0.0
25760.089271728797,0.0
25780.129000627014,0.0
25800.168729525234,0.0
25820.20845842345,0.0
25840.248187321668,0.0
25860.287916219888,0.0
25880.327645118105,0.0
25900.36737401632,0.0
25920.407102914538,0.0
25940.44683181276,0.0
25960.486560710975,0.0
25980.52628960919,0.0
26000.566018507412,0.0
26020.60574740563,0.0
26040.645476303845,0.0
26060.685205202066,0.0
26080.724934100283,0.0
26100.7646629985,0.0
26120.80439189672,0.0
26140.844120794936,0.0
26160.883849693153,0.0
26180.923578591373,0.0
26200.96330748959,0.0
26221.003036387807,0.0
26241.042765286027,0.0
26261.082494184244,0.0
26281.12222308246,0.0
26301.16195198068,0.0
26321.201680878898,0.0
26341.241409777114,0.0
26361.281138675335,0.0
26381.32086757355,0.0
26401.360596471768,0.0
26421.400325369985,0.0
26441.440054268205,0.0
26461.479783166422,0.0
26481.51951206464,0.0
26501.55924096286,0.0
26521.598969861076,0.0
26541.638698759292,0.0
26561.678427657513,0.0
26581.71815655573,0.0
26601.757885453946,0.0
26621.797614352166,0.0
26641.837343250383,0.0
26661.8770721486,0.0
26681.91680104682,0.0
26701.956529945037,0.0
26721.996258843254,0.0
26742.035987741474,0.0
26762.07571663969,0.0
26782.115445537907,0.0
26802.155174436128,0.0
26822.194903334344,0.0
26842.23463223256,0.0
26862.27436113078,0.0
26882.314090028998,0.0
26902.353818927215,0.0
26922.39354782543,0.0
26942.433276723652,0.0
26962.47300562187,0.0
26982.512734520085,0.0
27002.552463418306,0.0
27022.592192316522,0.0
27042.63192121474,0.0
27062.67165011296,0.0
27082.711379011176,0.0
27102.751107909393,0.0
27122.790836807613,0.0
27142.83056570583,0.0
27162.870294604047,0.0
27182.910023502267,0.0
27202.949752400484,0.0
27222.9894812987,0.0
27243.02921019692,0.0
27263.068939095137,0.0
27283.108667993354,0.0
27303.148396891575,0.0
27323.18812578979,0.0
27343.227854688008,0.0
27363.26758358623,0.0
27383.307312484445,0.0
27403.34704138266,0.0
27423.386770280882,0.0
27443.4264991791,0.0
27463.466228077315,0.0
27483.505956975532,0.0
27503.545685873753,0.0
27523.58541477197,0.0
27543.625143670186,0.0
27563.664872568406,0.0
27583.704601466623,0.0
27603.74433036484,0.0
27623.78405926306,0.0
27643.823788161277,0.0
27663.863517059493,0.0
27683.903245957714,0.0
27703.94297485593,0.0
27723.982703754147,0.0
27744.022432652368,0.0
27764.062161550584,0.0
27784.1018904488,0.0
27804.14161934702,0.0
27824.181348245238,0.0
27844.221077143455,0.0
27864.260806041675,0.0
27884.30053493989,0.0
27904.34026383811,0.0
27924.37999273633,0.0
27944.419721634546,0.0
27964.459450532762,0.0
27984.49917943098,0.0
28004.5389083292,0.0
28024.578637227416,0.0
28044.618366125633,0.0
28064.658095023853,0.0
28084.69782392207,0.0
28104.737552820287,0.0
28124.777281718507,0.0
28144.817010616724,0.0
28164.85673951494,0.0
28184.89646841316,0.0
28204.936197311377,0.0
28224.975926209594,0.0
28245.015655107814,0.0
28265.05538400603,0.0
28285.095112904248,0.0
28305.134841802468,0.0
28325.174570700685,0.0
28345.2142995989,0.0
28365.254028497122,0.0
28385.29375739534,0.0
28405.333486293555,0.0
28425.373215191776,0.0
28445.412944089992,0.0
28465.45267298821,0.0
28485.492401886426,0.0
28505.532130784646,0.0
28525.571859682863,0.0
28545.61158858108,0.0
28565.6513174793,0.0
28585.691046377517,0.0
28605.730775275733,0.0
28625.770504173954,0.0
28645.81023307217,0.0
28665.849961970387,0.0
28685.889690868607,0.0
28705.929419766824,0.0
28725.96914866504,0.0
28746.00887756326,0.0
28766.048606461478,0.0
28786.088335359695,0.0
28806.128064257915,0.0
28826.16779315613,0.0
28846.20752205435,0.0
28866.24725095257,0.0
28886.286979850785,0.0
28906.326708749002,0.0
28926.366437647222,0.0
28946.40616654544,0.0
28966.445895443656,0.0
28986.485624341873,0.0
29006.525353240093,0.0
29026.56508213831,0.0
29046.604811036526,0.0
29066.644539934747,0.0
29086.684268832963,0.0
29106.72399773118,0.0
29126.7637266294,0.0
29146.803455527617,0.0
29166.843184425834,0.0
29186.882913324054,0.0
29206.92264222227,0.0
29226.962371120488,0.0
29247.002100018708,0.0
29267.041828916925,0.0
29287.08155781514,0.0
29307.12128671336,0.0
29327.16101561158,0.0
29347.200744509795,0.0
29367.240473408016,0.0
29387.280202306232,0.0
29407.31993120445,0.0
29427.35966010267,0.0
29447.399389000886,0.0
29467.439117899103,0.0
29487.478846797323,0.0
29507.51857569554,0.0
29527.558304593756,0.0
29547.598033491973,0.0
29567.637762390194,0.0
29587.67749128841,0.0
29607.717220186627,0.0
29627.756949084847,0.0
29647.796677983064,0.0
29667.83640688128,0.0
29687.8761357795,0.0
29707.915864677718,0.0
29727.955593575934,0.0
29747.995322474155,0.0
29768.03505137237,0.0
29788.07478027059,0.0
29808.11450916881,0.0
29828.154238067025,0.0
29848.193966965242,0.0
29868.233695863462,0.0
29888.27342476168,0.0
29908.313153659896,0.0
29928.352882558116,0.0
29948.392611456333,0.0
29968.43234035455,0.0
29988.47206925277,0.0
30008.511798150987,0.0
30028.551527049203,0.0
30048.59125594742,0.0
30068.63098484564,0.0
30088.670713743857,0.0
30108.710442642074,0.0
30128.750171540294,0.0
30148.78990043851,0.0
30168.829629336728,0.0
30188.869358234948,0.0
30208.909087133165,0.0
30228.94881603138,0.0
30248.9885449296,0.0
30269.02827382782,0.0
30289.068002726035,0.0
30309.107731624255,0.0
30329.147460522472,0.0
30349.18718942069,0.0
30369.22691831891,0.0
30389.266647217126,0.0
30409.306376115343,0.0
30429.346105013563,0.0
30449.38583391178,0.0
30469.425562809996,0.0
30489.465291708217,0.0
30509.505020606433,0.0
30529.54474950465,0.0
30549.584478402867,0.0
30569.624207301087,0.0
30589.663936199304,0.0
30609.70366509752,0.0
30629.74339399574,0.0
30649.783122893958,0.0
30669.822851792174,0.0
30689.862580690395,0.0
30709.90230958861,0.0
30729.942038486828,0.0
30749.98176738505,0.0
30770.021496283265,0.0
30790.061225181482,0.0
30810.100954079702,0.0
30830.14068297792,0.0
30850.180411876136,0.0
30870.220140774356,0.0
30890.259869672573,0.0
30910.29959857079,0.0
30930.33932746901,0.0
30950.379056367226,0.0
30970.418785265443,0.0
30990.458514163663,0.0
31010.49824306188,0.0
31030.537971960097,0.0
31050.577700858314,0.0
31070.617429756534,0.0
31090.65715865475,0.0
31110.696887552967,0.0
31130.736616451188,0.0
31150.776345349404,0.0
31170.81607424762,0.0
31190.85580314584,0.0
31210.89553204406,0.0
31230.935260942275,0.0
31250.974989840495,0.0
31271.014718738712,0.0
31291.05444763693,0.0
31311.09417653515,0.0
31331.133905433366,0.0
31351.173634331582,0.0
31371.213363229803,0.0
31391.25309212802,0.0
31411.292821026236,0.0
31431.332549924457,0.0
31451.372278822673,0.0
31471.41200772089,0.0
31491.45173661911,0.0
31511.491465517327,0.0
31531.531194415544,0.0
31551.57092331376,0.0
31571.61065221198,0.0
31591.650381110197,0.0
31611.690110008414,0.0
31631.729838906635,0.0
31651.76956780485,0.0
31671.809296703068,0.0
31691.84902560129,0.0
31711.888754499505,0.0
31731.92848339772,0.0
31751.968212295942,0.0
31772.00794119416,0.0
31792.047670092375,0.0
31812.087398990596,0.0
31832.127127888813,0.0
31852.16685678703,0.0
31872.20658568525,0.0
31892.246314583466,0.0
31912.286043481683,0.0
31932.325772379903,0.0
31952.36550127812,0.0
31972.405230176337,0.0
31992.444959074557,0.0
32012.484687972774,0.0
32032.52441687099,0.0
32052.564145769207,0.0
32072.603874667428,0.0
32092.643603565644,0.0
32112.68333246386,0.0
32132.72306136208,0.0
32152.762790260298,0.0
32172.802519158515,0.0
32192.842248056735,0.0
32212.881976954952,0.0
32232.92170585317,0.0
32252.96143475139,0.0
32273.001163649606,0.0
32293.040892547822,0.0
32313.080621446043,0.0
32333.12035034426,0.0
32353.160079242476,0.0
32373.199808140696,0.0
32393.239537038913,0.0
32413.27926593713,0.0
32433.31899483535,0.0
32453.358723733567,0.0
32473.398452631784,0.0
32493.438181530004,0.0
32513.47791042822,0.0
32533.517639326437,0.0
32553.557368224658,0.0
32573.597097122874,0.0
32593.63682602109,0.0
32613.676554919308,0.0
32633.716283817528,0.0
32653.756012715745,0.0
32673.79574161396,0.0
32693.835470512182,0.0
32713.8751994104,0.0
32733.914928308615,0.0
32753.954657206836,0.0
32773.99438610505,0.0
32794.03411500327,0.0
32814.07384390148,0.0
32834.1135727997,0.0
32854.15330169792,0.0
32874.193030596136,0.0
32894.232759494356,0.0
32914.27248839258,0.0
32934.31221729079,0.0
32954.35194618901,0.0
32974.39167508723,0.0
32994.43140398544,0.0
33014.471132883664,0.0
33034.510861781884,0.0
33054.5505906801,0.0
33074.59031957832,0.0
33094.63004847654,0.0
33114.66977737475,0.0
33134.70950627297,0.0
33154.74923517119,0.0
33174.788964069405,0.0
33194.828692967625,0.0
33214.868421865845,0.0
33234.90815076406,0.0
33254.94787966228,0.0
33274.9876085605,0.0
33295.02733745871,0.0
33315.06706635693,0.0
33335.106795255146,0.0
33355.146524153366,0.0
33375.18625305159,0.0
33395.2259819498,0.0
33415.26571084802,0.0
33435.30543974624,0.0
33455.34516864445,0.0
33475.38489754267,0.0
33495.424626440894,0.0
33515.46435533911,0.0
33535.50408423733,0.0
33555.54381313555,0.0
33575.58354203376,0.0
33595.62327093198,0.0
33615.6629998302,0.0
33635.702728728415,0.0
33655.742457626635,0.0
33675.782186524855,0.0
33695.82191542307,0.0
33715.86164432129,0.0
33735.90137321951,0.0
33755.94110211772,0.0
33775.98083101594,0.0
33796.02055991416,0.0
33816.060288812376,0.0
33836.100017710596,0.0
33856.13974660882,0.0
33876.17947550703,0.0
33896.21920440525,0.0
33916.25893330347,0.0
33936.29866220168,0.0
33956.338391099904,0.0
33976.378119998124,0.0
33996.41784889634,0.0
34016.45757779456,0.0
34036.49730669278,0.0
34056.53703559099,0.0
34076.57676448921,0.0
34096.61649338743,0.0
34116.656222285645,0.0
34136.695951183865,0.0
34156.735680082085,0.0
34176.7754089803,0.0
34196.81513787852,0.0
34216.85486677674,0.0
34236.89459567495,0.0
34256.93432457317,0.0
34276.97405347139,0.0
34297.013782369606,0.0
34317.053511267826,0.0
34337.09324016605,0.0
34357.13296906426,0.0
34377.17269796248,0.0
34397.21242686069,0.0
34417.25215575891,0.0
34437.291884657134,0.0
34457.33161355535,0.0
34477.37134245357,0.0
34497.41107135179,0.0
34517.45080025,0.0
34537.49052914822,0.0
34557.53025804644,0.0
34577.569986944654,0.0
34597.609715842875,0.0
34617.649444741095,0.0
34637.68917363931,0.0
34657.72890253753,0.0
34677.76863143575,0.0
34697.80836033396,0.0
34717.84808923218,0.0
34737.8878181304,0.0
34757.927547028616,0.0
34777.967275926836,0.0
34798.007004825056,0.0
34818.04673372327,0.0
34838.08646262149,0.0
34858.12619151971,0.0
34878.16592041792,0.0
34898.20564931614,0.0
34918.245378214364,0.0
34938.28510711258,0.0
34958.3248360108,0.0
34978.36456490902,0.0
34998.40429380723,0.0
35018.44402270545,0.0
35038.48375160367,0.0
35058.523480501884,0.0
35078.563209400105,0.0
35098.602938298325,0.0
35118.64266719654,0.0
35138.68239609476,0.0
35158.72212499298,0.0
35178.76185389119,0.0
35198.80158278941,0.0
35218.84131168763,0.0
35238.881040585846,0.0
35258.920769484066,0.0
35278.96049838229,0.0
35299.0002272805,0.0
35319.03995617872,0.0
35339.07968507694,0.0
35359.11941397515,0.0
35379.159142873374,0.0
35399.19887177159,0.0
35419.23860066981,0.0
35439.27832956803,0.0
35459.31805846624,0.0
35479.35778736446,0.0
35499.39751626268,0.0
35519.437245160894,0.0
35539.476974059115,0.0
35559.516702957335,0.0
35579.55643185555,0.0
35599.59616075377,0.0
35619.63588965199,0.0
35639.6756185502,0.0
35659.71534744842,0.0
35679.75507634664,0.0
35699.794805244856,0.0
35719.834534143076,0.0
35739.874263041296,0.0
35759.91399193951,0.0
35779.95372083773,0.0
35799.99344973595,0.0
35820.03317863416,0.0
35840.07290753238,0.0
35860.112636430604,0.0
35880.15236532882,0.0
35900.19209422704,0.0
35920.23182312526,0.0
35940.27155202347,0.0
35960.31128092169,0.0
35980.35100981991,0.0
36000.390738718124,0.0
36020.430467616345,0.0
36040.470196514565,0.0
36060.50992541278,0.0
36080.549654311,0.0
36100.58938320922,0.0
36120.62911210743,0.0
36140.66884100565,0.0
36160.70856990387,0.0
36180.748298802086,0.0
36200.788027700306,0.0
36220.827756598526,0.0
36240.86748549674,0.0
36260.90721439496,0.0
36280.94694329318,0.0
36300.98667219139,0.0
36321.02640108961,0.0
36341.066129987834,0.0
36361.10585888605,0.0
36381.14558778427,0.0
36401.18531668249,0.0
36421.2250455807,0.0
36441.26477447892,0.0
36461.304503377134,0.0
36481.344232275354,0.0
36501.383961173575,0.0
36521.42369007179,0.0
36541.46341897001,0.0
36561.50314786823,0.0
36581.54287676644,0.0
36601.58260566466,0.0
36621.62233456288,0.0
36641.662063461095,0.0
36661.701792359316,0.0
36681.741521257536,0.0
36701.78125015575,0.0
36721.82097905397,0.0
36741.86070795219,0.0
36761.9004368504,0.0
36781.94016574862,0.0
36801.97989464684,0.0
36822.01962354506,0.0
36842.05935244328,0.0
36862.0990813415,0.0
36882.13881023971,0.0
36902.17853913793,0.0
36922.21826803615,0.0
36942.257996934364,0.0
36962.297725832585,0.0
36982.337454730805,0.0
37002.37718362902,0.0
37022.41691252724,0.0
37042.45664142546,0.0
37062.49637032367,0.0
37082.53609922189,0.0
37102.57582812011,0.0
37122.615557018325,0.0
37142.655285916546,0.0
37162.695014814766,0.0
37182.73474371298,0.0
37202.7744726112,0.0
37222.81420150942,0.0
37242.85393040763,0.0
37262.89365930585,0.0
37282.933388204074,0.0
37302.97311710229,0.0
37323.01284600051,0.0
37343.05257489873,0.0
37363.09230379694,0.0
37383.13203269516,0.0
37403.17176159338,0.0
37423.211490491594,0.0
37443.251219389815,0.0
37463.29094828803,0.0
37483.33067718625,0.0
37503.37040608447,0.0
37523.41013498268,0.0
37543.4498638809,0.0
37563.48959277912,0.0
37583.529321677335,0.0
37603.569050575556,0.0
37623.608779473776,0.0
37643.64850837199,0.0
37663.68823727021,0.0
37683.72796616843,0.0
37703.76769506664,0.0
37723.80742396486,0.0
37743.84715286308,0.0
37763.8868817613,0.0
37783.92661065952,0.0
37803.96633955774,0.0
37824.00606845595,0.0
37844.04579735417,0.0
37864.08552625239,0.0
37884.125255150604,0.0
37904.164984048824,0.0
37924.204712947045,0.0
37944.24444184526,0.0
37964.28417074348,0.0
37984.3238996417,0.0
38004.36362853991,0.0
38024.40335743813,0.0
38044.44308633635,0.0
38064.482815234565,0.0
38084.522544132786,0.0
38104.562273031006,0.0
38124.60200192922,0.0
38144.64173082744,0.0
38164.68145972566,0.0
38184.72118862387,0.0
38204.76091752209,0.0
38224.80064642031,0.0
38244.84037531853,0.0
38264.88010421675,0.0
38284.91983311497,0.0
38304.95956201318,0.0
38324.9992909114,0.0
38345.03901980962,0.0
38365.078748707834,0.0
38385.118477606055,0.0
38405.158206504275,0.0
38425.19793540249,0.0
38445.23766430071,0.0
38465.27739319893,0.0
38485.31712209714,0.0
38505.35685099536,0.0
38525.396579893575,0.0
38545.436308791795,0.0
38565.476037690016,0.0
38585.51576658823,0.0
38605.55549548645,0.0
38625.59522438467,0.0
38645.63495328288,0.0
38665.6746821811,0.0
38685.71441107932,0.0
38705.75413997754,0.0
38725.79386887576,0.0
38745.83359777398,0.0
38765.87332667219,0.0
38785.91305557041,0.0
38805.95278446863,0.0
38825.992513366844,0.0
38846.032242265064,0.0
38866.071971163285,0.0
38886.1117000615,0.0
38906.15142895972,0.0
38926.19115785794,0.0
38946.23088675615,0.0
38966.27061565437,0.0
38986.31034455259,0.0
39006.350073450805,0.0
39026.389802349026,0.0
39046.429531247246,0.0
39066.46926014546,0.0
39086.50898904368,0.0
39106.5487179419,0.0
39126.58844684011,0.0
39146.62817573833,0.0
39166.66790463655,0.0
39186.70763353477,0.0
39206.74736243299,0.0
39226.78709133121,0.0
39246.82682022942,0.0
39266.86654912764,0.0
39286.90627802586,0.0
39306.946006924074,0.0
39326.985735822294,0.0
39347.025464720515,0.0
39367.06519361873,0.0
39387.10492251695,0.0
39407.14465141517,0.0
39427.18438031338,0.0
39447.2241092116,0.0
39467.26383810982,0.0
39487.303567008035,0.0
39507.343295906256,0.0
39527.38302480447,0.0
39547.42275370269,0.0
39567.46248260091,0.0
39587.50221149912,0.0
39607.54194039734,0.0
39627.58166929556,0.0
39647.621398193776,0.0
39667.661127092,0.0
39687.70085599022,0.0
39707.74058488843,0.0
39727.78031378665,0.0
39747.82004268487,0.0
39767.859771583084,0.0
39787.899500481304,0.0
39807.939229379524,0.0
39827.97895827774,0.0
39848.01868717596,0.0
39868.05841607418,0.0
39888.09814497239,0.0
39908.13787387061,0.0
39928.17760276883,0.0
39948.217331667045,0.0
39968.257060565265,0.0
39988.296789463486,0.0
40008.3365183617,0.0
40028.37624725992,0.0
40048.41597615814,0.0
40068.45570505635,0.0
40088.49543395457,0.0
40108.53516285279,0.0
40128.57489175101,0.0
40148.61462064923,0.0
40168.65434954745,0.0
40188.69407844566,0.0
40208.73380734388,0.0
40228.7735362421,0.0
40248.813265140314,0.0
40268.852994038534,0.0
40288.892722936755,0.0
40308.93245183497,0.0
40328.97218073319,0.0
40349.01190963141,0.0
40369.05163852962,0.0
40389.09136742784,0.0
40409.13109632606,0.0
40429.170825224275,0.0
40449.210554122496,0.0
40469.250283020716,0.0
40489.29001191893,0.0
40509.32974081715,0.0
40529.36946971536,0.0
40549.40919861358,0.0
40569.4489275118,0.0
40589.488656410016,0.0
40609.52838530824,0.0
40629.56811420646,0.0
40649.60784310467,0.0
40669.64757200289,0.0
40689.68730090111,0.0
40709.727029799324,0.0
40729.766758697544,0.0
40749.806487595764,0.0
40769.84621649398,0.0
40789.8859453922,0.0
40809.92567429042,0.0
40829.96540318863,0.0
40850.00513208685,0.0
40870.04486098507,0.0
40890.084589883285,0.0
40910.124318781505,0.0
40930.164047679726,0.0
40950.20377657794,0.0
40970.24350547616,0.0
40990.28323437438,0.0
41010.32296327259,0.0
