Energy (keV),Intensity (CPS)
-11.456630610238765,0.0
8.582798645109722,0.0
28.62222790045821,0.0
48.661657155806694,0.0
68.70108641115519,0.0
88.74051566650368,0.0
108.77994492185216,0.0
128.81937417720064,0.0
148.85880343254914,0.0
168.89823268789763,0.0
188.93766194324613,0.0
208.9770911985946,0.0
229.0165204539431,0.0
249.05594970929158,0.0
269.09537896464,0.0
289.13480821998854,0.0
309.174237475337,0.0
329.2136667306855,0.4265558013842227
349.253095986034,0.4265558013842227
369.29252524138246,0.0
389.331954496731,1.7062232055368909
409.37138375207945,1.7062232055368909
429.4108130074279,1.7062232055368909
449.45024226277644,0.4265558013842227
469.4896715181249,2.985890609689559
489.5291007734734,1.279667404152668
509.5685300288219,4.69211381522645
529.6079592841704,3.4124464110737818
549.6473885395188,3.4124464110737818
569.6868177948674,5.545225417994895
589.7262470502159,6.398337020763341
609.7656763055643,3.8390022124580043
629.8051055609128,5.545225417994895
649.8445348162613,5.118669616610672
669.8839640716097,5.118669616610672
689.9233933269583,7.251448623531786
709.9628225823068,6.398337020763341
730.0022518376552,5.971781219379118
750.0416810930037,4.265558013842227
770.0811103483522,6.398337020763341
790.1205396037008,6.8248928221475635
810.1599688590492,7.251448623531786
830.1993981143977,4.69211381522645
850.2388273697462,6.8248928221475635
870.2782566250946,5.545225417994895
890.3176858804432,5.118669616610672
910.3571151357917,5.118669616610672
930.3965443911401,5.971781219379118
950.4359736464886,5.971781219379118
970.4754029018371,8.957671829068676
990.5148321571855,5.118669616610672
1010.5542614125341,4.69211381522645
1030.5936906678826,6.398337020763341
1050.633119923231,7.678004424916009
1070.6725491785796,4.265558013842227
1090.711978433928,6.398337020763341
1110.7514076892764,6.8248928221475635
1130.790836944625,8.531116027684455
1150.8302661999735,4.265558013842227
1170.869695455322,6.398337020763341
1190.9091247106705,5.118669616610672
1210.9485539660188,4.69211381522645
1230.9879832213674,5.971781219379118
1251.0274124767159,5.545225417994895
1271.0668417320644,7.251448623531786
1291.106270987413,4.69211381522645
1311.1457002427614,8.104560226300231
1331.18512949811,4.69211381522645
1351.2245587534583,7.678004424916009
1371.2639880088068,4.69211381522645
1391.3034172641553,6.398337020763341
1411.3428465195038,5.545225417994895
1431.3822757748524,4.265558013842227
1451.4217050302009,6.398337020763341
1471.4611342855492,5.971781219379118
1491.5005635408977,4.69211381522645
1511.5399927962462,4.69211381522645
1531.5794220515947,6.8248928221475635
1551.6188513069433,5.971781219379118
1571.6582805622918,5.118669616610672
1591.6977098176403,6.398337020763341
1611.7371390729886,5.118669616610672
1631.7765683283371,4.265558013842227
1651.8159975836857,6.8248928221475635
1671.8554268390342,5.971781219379118
1691.8948560943827,8.104560226300231
1711.9342853497312,6.398337020763341
1731.9737146050795,4.265558013842227
1752.013143860428,4.265558013842227
1772.0525731157766,6.8248928221475635
1792.092002371125,3.4124464110737818
1812.1314316264736,4.265558013842227
1832.1708608818221,5.118669616610672
1852.2102901371704,7.251448623531786
1872.249719392519,6.398337020763341
1892.2891486478675,7.678004424916009
1912.328577903216,3.8390022124580043
1932.3680071585645,4.265558013842227
1952.407436413913,5.545225417994895
1972.4468656692616,3.8390022124580043
1992.4862949246099,3.8390022124580043
2012.5257241799584,6.8248928221475635
2032.565153435307,5.971781219379118
2052.604582690655,6.8248928221475635
2072.644011946004,8.531116027684455
2092.6834412013523,4.69211381522645
2112.722870456701,5.118669616610672
2132.7622997120493,4.265558013842227
2152.801728967398,7.251448623531786
2172.8411582227463,6.398337020763341
2192.8805874780946,5.545225417994895
2212.9200167334434,6.8248928221475635
2232.9594459887917,4.69211381522645
2252.9988752441404,7.251448623531786
2273.0383044994887,8.957671829068676
2293.0777337548375,5.545225417994895
2313.117163010186,5.971781219379118
2333.156592265534,4.69211381522645
2353.196021520883,2.985890609689559
2373.235450776231,9.3842276304529
2393.27488003158,5.971781219379118
2413.314309286928,4.265558013842227
2433.3537385422765,5.118669616610672
2453.393167797625,5.971781219379118
2473.4325970529735,7.678004424916009
2493.4720263083223,4.69211381522645
2513.5114555636706,5.971781219379118
2533.5508848190193,3.4124464110737818
2553.5903140743676,5.545225417994895
2573.629743329716,5.971781219379118
2593.6691725850646,4.69211381522645
2613.708601840413,5.971781219379118
2633.7480310957617,3.8390022124580043
2653.78746035111,7.678004424916009
2673.8268896064587,4.69211381522645
2693.866318861807,10.663895034605568
2713.9057481171553,4.69211381522645
2733.945177372504,7.678004424916009
2753.9846066278524,8.957671829068676
2774.024035883201,2.985890609689559
2794.0634651385494,5.971781219379118
2814.1028943938977,4.265558013842227
2834.1423236492465,2.985890609689559
2854.1817529045948,7.251448623531786
2874.2211821599435,5.545225417994895
2894.260611415292,4.69211381522645
2914.3000406706406,4.69211381522645
2934.339469925989,5.545225417994895
2954.378899181337,5.545225417994895
2974.418328436686,4.69211381522645
2994.457757692034,2.559334808305336
3014.497186947383,5.971781219379118
3034.5366162027312,3.4124464110737818
3054.57604545808,5.118669616610672
3074.6154747134283,3.8390022124580043
3094.6549039687766,4.69211381522645
3114.6943332241253,2.559334808305336
3134.7337624794736,5.118669616610672
3154.7731917348224,5.545225417994895
3174.8126209901707,4.69211381522645
3194.8520502455194,4.265558013842227
3214.8914795008677,4.265558013842227
3234.930908756216,5.118669616610672
3254.9703380115648,4.265558013842227
3275.009767266913,3.8390022124580043
3295.049196522262,5.545225417994895
3315.08862577761,3.4124464110737818
3335.1280550329584,3.8390022124580043
3355.167484288307,3.8390022124580043
3375.2069135436554,5.118669616610672
3395.246342799004,5.118669616610672
3415.2857720543525,2.1327790069211137
3435.3252013097012,4.265558013842227
3455.3646305650495,4.69211381522645
3475.404059820398,8.104560226300231
3495.4434890757466,2.559334808305336
3515.482918331095,4.265558013842227
3535.5223475864436,5.118669616610672
3555.561776841792,4.69211381522645
3575.6012060971407,5.118669616610672
3595.640635352489,6.8248928221475635
3615.6800646078373,5.971781219379118
3635.719493863186,5.118669616610672
3655.7589231185343,4.69211381522645
3675.798352373883,3.8390022124580043
3695.8377816292314,6.8248928221475635
3715.8772108845797,2.559334808305336
3735.9166401399284,5.971781219379118
3755.9560693952767,3.8390022124580043
3775.9954986506254,5.118669616610672
3796.0349279059737,5.118669616610672
3816.0743571613225,5.118669616610672
3836.113786416671,7.678004424916009
3856.153215672019,2.985890609689559
3876.192644927368,2.559334808305336
3896.232074182716,4.265558013842227
3916.271503438065,4.69211381522645
3936.310932693413,4.265558013842227
3956.350361948762,5.545225417994895
3976.38979120411,3.8390022124580043
3996.4292204594585,5.118669616610672
4016.4686497148073,4.265558013842227
4036.5080789701556,3.4124464110737818
4056.5475082255043,7.251448623531786
4076.5869374808526,3.4124464110737818
4096.626366736201,3.4124464110737818
4116.665795991549,3.4124464110737818
4136.705225246898,2.1327790069211137
4156.744654502247,4.69211381522645
4176.784083757595,5.545225417994895
4196.823513012943,5.118669616610672
4216.8629422682925,2.559334808305336
4236.902371523641,4.69211381522645
4256.941800778989,4.265558013842227
4276.981230034337,3.8390022124580043
4297.020659289686,4.69211381522645
4317.060088545035,5.545225417994895
4337.099517800383,5.118669616610672
4357.1389470557315,4.69211381522645
4377.17837631108,3.4124464110737818
4397.217805566428,4.265558013842227
4417.257234821777,5.118669616610672
4437.296664077126,5.118669616610672
4457.336093332474,1.7062232055368909
4477.375522587822,3.8390022124580043
4497.4149518431705,4.265558013842227
4517.45438109852,2.559334808305336
4537.493810353868,2.1327790069211137
4557.533239609216,3.4124464110737818
4577.572668864565,2.559334808305336
4597.612098119914,2.985890609689559
4617.651527375262,2.985890609689559
4637.69095663061,2.1327790069211137
4657.730385885959,3.4124464110737818
4677.769815141307,4.69211381522645
4697.809244396656,4.69211381522645
4717.848673652004,4.265558013842227
4737.888102907353,4.265558013842227
4757.927532162701,2.985890609689559
4777.966961418049,2.559334808305336
4798.0063906733985,2.1327790069211137
4818.045819928747,3.4124464110737818
4838.085249184095,3.4124464110737818
4858.124678439443,2.559334808305336
4878.164107694792,1.279667404152668
4898.203536950141,4.265558013842227
4918.242966205489,3.4124464110737818
4938.2823954608375,2.559334808305336
4958.321824716186,0.8531116027684454
4978.361253971535,2.1327790069211137
4998.400683226883,1.279667404152668
5018.440112482232,2.1327790069211137
5038.47954173758,2.1327790069211137
5058.518970992928,5.118669616610672
5078.558400248277,2.559334808305336
5098.597829503626,1.7062232055368909
5118.637258758974,2.985890609689559
5138.676688014322,1.279667404152668
5158.716117269671,0.8531116027684454
5178.75554652502,2.985890609689559
5198.794975780368,0.8531116027684454
5218.834405035716,1.279667404152668
5238.873834291065,0.8531116027684454
5258.913263546413,1.279667404152668
5278.952692801762,0.8531116027684454
5298.9921220571105,2.559334808305336
5319.031551312459,0.8531116027684454
5339.070980567807,2.985890609689559
5359.110409823156,2.1327790069211137
5379.149839078505,3.4124464110737818
5399.189268333853,1.279667404152668
5419.228697589201,1.279667404152668
5439.268126844549,0.8531116027684454
5459.307556099899,1.279667404152668
5479.346985355247,0.8531116027684454
5499.386414610595,0.8531116027684454
5519.4258438659435,0.4265558013842227
5539.465273121292,1.7062232055368909
5559.504702376641,1.7062232055368909
5579.544131631989,2.1327790069211137
5599.583560887338,2.1327790069211137
5619.622990142686,0.4265558013842227
5639.662419398034,2.1327790069211137
5659.701848653383,1.279667404152668
5679.741277908732,2.559334808305336
5699.78070716408,1.7062232055368909
5719.820136419428,1.7062232055368909
5739.8595656747775,0.4265558013842227
5759.898994930126,0.8531116027684454
5779.938424185474,2.1327790069211137
5799.977853440822,2.559334808305336
5820.017282696171,0.4265558013842227
5840.05671195152,0.8531116027684454
5860.096141206868,0.8531116027684454
5880.1355704622165,0.8531116027684454
5900.174999717565,0.8531116027684454
5920.214428972913,2.1327790069211137
5940.253858228262,2.559334808305336
5960.293287483611,1.7062232055368909
5980.332716738959,0.8531116027684454
6000.372145994307,0.0
6020.4115752496555,0.4265558013842227
6040.451004505005,2.985890609689559
6060.490433760353,0.8531116027684454
6080.529863015701,0.4265558013842227
6100.56929227105,0.8531116027684454
6120.608721526399,0.0
6140.648150781747,1.7062232055368909
6160.687580037095,1.279667404152668
6180.727009292444,3.8390022124580043
6200.766438547792,0.4265558013842227
6220.805867803141,1.7062232055368909
6240.845297058489,1.279667404152668
6260.884726313838,1.279667404152668
6280.924155569186,2.559334808305336
6300.963584824534,1.7062232055368909
6321.0030140798835,0.4265558013842227
6341.042443335232,1.279667404152668
6361.08187259058,2.559334808305336
6381.121301845928,1.7062232055368909
6401.160731101278,0.8531116027684454
6421.200160356626,0.4265558013842227
6441.239589611974,1.7062232055368909
6461.2790188673225,2.559334808305336
6481.318448122671,1.279667404152668
6501.35787737802,0.0
6521.397306633368,0.4265558013842227
6541.436735888717,0.4265558013842227
6561.476165144065,0.4265558013842227
6581.515594399413,0.8531116027684454
6601.555023654762,0.4265558013842227
6621.594452910111,0.4265558013842227
6641.633882165459,0.0
6661.673311420807,0.8531116027684454
6681.712740676156,1.279667404152668
6701.752169931505,0.8531116027684454
6721.791599186853,0.0
6741.831028442201,0.0
6761.87045769755,0.4265558013842227
6781.909886952899,0.8531116027684454
6801.949316208247,0.8531116027684454
6821.9887454635955,0.4265558013842227
6842.028174718944,0.0
6862.067603974292,0.4265558013842227
6882.107033229641,2.1327790069211137
6902.14646248499,0.8531116027684454
6922.185891740338,0.4265558013842227
6942.225320995686,0.0
6962.2647502510345,0.0
6982.304179506384,0.8531116027684454
7002.343608761732,0.4265558013842227
7022.38303801708,0.8531116027684454
7042.422467272429,0.0
7062.461896527777,0.4265558013842227
7082.501325783126,1.279667404152668
7102.540755038474,0.0
7122.580184293823,0.8531116027684454
7142.619613549171,0.4265558013842227
7162.65904280452,0.4265558013842227
7182.698472059868,1.7062232055368909
7202.737901315217,0.4265558013842227
7222.777330570565,0.8531116027684454
7242.816759825913,0.4265558013842227
7262.8561890812625,0.4265558013842227
7282.895618336611,1.279667404152668
7302.935047591959,1.7062232055368909
7322.974476847307,1.7062232055368909
7343.013906102656,0.0
7363.053335358005,1.279667404152668
7383.092764613353,0.0
7403.1321938687015,0.0
7423.17162312405,0.0
7443.211052379398,0.8531116027684454
7463.250481634747,2.1327790069211137
7483.289910890096,0.8531116027684454
7503.329340145444,0.8531116027684454
7523.368769400792,0.8531116027684454
7543.408198656141,0.0
7563.44762791149,0.0
7583.487057166838,0.0
7603.526486422186,1.279667404152668
7623.565915677535,0.0
7643.605344932884,0.0
7663.644774188232,0.4265558013842227
7683.68420344358,0.8531116027684454
7703.723632698929,0.4265558013842227
7723.763061954277,0.4265558013842227
7743.802491209626,0.0
7763.8419204649745,0.0
7783.881349720323,0.4265558013842227
7803.920778975671,0.0
7823.960208231019,0.4265558013842227
7843.999637486369,0.8531116027684454
7864.039066741717,1.279667404152668
7884.078495997065,1.7062232055368909
7904.117925252413,0.0
7924.157354507763,0.8531116027684454
7944.196783763111,0.8531116027684454
7964.236213018459,2.1327790069211137
7984.2756422738075,2.559334808305336
8004.315071529156,3.4124464110737818
8024.354500784505,3.8390022124580043
8044.393930039853,2.559334808305336
8064.433359295202,4.69211381522645
8084.47278855055,4.265558013842227
8104.512217805898,2.559334808305336
8124.551647061247,0.8531116027684454
8144.591076316596,0.8531116027684454
8164.630505571944,1.279667404152668
8184.669934827292,0.8531116027684454
8204.70936408264,0.4265558013842227
8224.748793337989,0.8531116027684454
8244.788222593337,1.279667404152668
8264.827651848687,0.0
8284.867081104036,0.0
8304.906510359384,0.4265558013842227
8324.945939614732,0.4265558013842227
8344.98536887008,0.0
8365.024798125429,0.8531116027684454
8385.064227380777,0.8531116027684454
8405.103656636125,0.4265558013842227
8425.143085891474,0.4265558013842227
8445.182515146824,0.0
8465.221944402172,1.279667404152668
8485.26137365752,1.279667404152668
8505.300802912869,2.559334808305336
8525.340232168217,4.265558013842227
8545.379661423565,3.4124464110737818
8565.419090678914,6.8248928221475635
8585.458519934262,6.8248928221475635
8605.49794918961,9.810783431837123
8625.537378444958,12.796674041526682
8645.576807700309,11.943562438758237
8665.616236955657,11.09045083598979
8685.655666211005,7.678004424916009
8705.695095466353,8.531116027684455
8725.734524721702,4.265558013842227
8745.77395397705,1.7062232055368909
8765.813383232398,1.279667404152668
8785.852812487747,0.4265558013842227
8805.892241743095,0.8531116027684454
8825.931670998445,1.279667404152668
8845.971100253793,0.4265558013842227
8866.010529509142,0.4265558013842227
8886.04995876449,2.1327790069211137
8906.089388019838,0.4265558013842227
8926.128817275187,0.8531116027684454
8946.168246530535,0.8531116027684454
8966.207675785883,0.0
8986.247105041231,0.8531116027684454
9006.28653429658,0.4265558013842227
9026.32596355193,0.0
9046.365392807278,0.4265558013842227
9066.404822062626,0.0
9086.444251317975,0.8531116027684454
9106.483680573323,0.0
9126.523109828671,0.4265558013842227
9146.56253908402,0.4265558013842227
9166.601968339368,0.0
9186.641397594716,0.4265558013842227
9206.680826850066,0.0
9226.720256105415,0.0
9246.759685360763,0.0
9266.799114616111,0.0
9286.83854387146,0.0
9306.877973126808,0.0
9326.917402382156,0.4265558013842227
9346.956831637504,0.4265558013842227
9366.996260892853,1.279667404152668
9387.035690148201,0.0
9407.075119403551,0.8531116027684454
9427.1145486589,1.279667404152668
9447.153977914248,0.8531116027684454
9467.193407169596,1.279667404152668
9487.232836424944,2.1327790069211137
9507.272265680293,2.559334808305336
9527.31169493564,1.279667404152668
9547.35112419099,0.8531116027684454
9567.390553446337,1.7062232055368909
9587.429982701688,2.559334808305336
9607.469411957036,1.279667404152668
9627.508841212384,1.7062232055368909
9647.548270467732,0.4265558013842227
9667.58769972308,0.4265558013842227
9687.627128978429,0.8531116027684454
9707.666558233777,0.0
9727.705987489126,0.0
9747.745416744474,0.0
9767.784845999822,0.0
9787.824275255172,0.0
9807.86370451052,0.0
9827.903133765869,0.0
9847.942563021217,0.0
9867.981992276566,0.0
9888.021421531914,0.0
9908.060850787262,0.0
9928.10028004261,0.4265558013842227
9948.139709297959,0.0
9968.179138553309,0.8531116027684454
9988.218567808657,0.4265558013842227
10008.257997064005,0.8531116027684454
10028.297426319354,0.4265558013842227
10048.336855574702,0.0
10068.37628483005,0.0
10088.415714085399,0.4265558013842227
10108.455143340747,0.0
10128.494572596095,0.4265558013842227
10148.534001851443,0.4265558013842227
10168.573431106794,0.0
10188.612860362142,0.0
10208.65228961749,0.0
10228.691718872838,0.0
10248.731148128187,0.4265558013842227
10268.770577383535,0.0
10288.810006638883,0.0
10308.849435894232,0.0
10328.88886514958,0.0
10348.92829440493,0.8531116027684454
10368.967723660278,0.0
10389.007152915627,0.4265558013842227
10409.046582170975,0.0
10429.086011426323,0.0
10449.125440681672,0.0
10469.16486993702,0.0
10489.204299192368,0.4265558013842227
10509.243728447716,0.4265558013842227
10529.283157703065,0.0
10549.322586958415,0.0
10569.362016213763,0.0
10589.401445469111,0.0
10609.44087472446,0.4265558013842227
10629.480303979808,0.4265558013842227
10649.519733235156,1.279667404152668
10669.559162490505,0.4265558013842227
10689.598591745853,1.279667404152668
10709.638021001201,3.8390022124580043
10729.677450256551,4.265558013842227
10749.7168795119,9.810783431837123
10769.756308767248,5.971781219379118
10789.795738022596,11.943562438758237
10809.835167277944,11.517006637374013
10829.874596533293,15.356008849832017
10849.914025788641,14.07634144567935
10869.95345504399,13.223229842910904
10889.992884299338,12.370118240142459
10910.032313554686,8.104560226300231
10930.071742810036,3.4124464110737818
10950.111172065384,3.8390022124580043
10970.150601320733,1.279667404152668
10990.190030576081,0.8531116027684454
11010.22945983143,0.8531116027684454
11030.268889086778,0.0
11050.308318342126,1.279667404152668
11070.347747597474,0.8531116027684454
11090.387176852822,0.0
11110.426606108173,0.0
11130.46603536352,0.4265558013842227
11150.50546461887,0.0
11170.544893874217,0.0
11190.584323129566,0.4265558013842227
11210.623752384914,0.0
11230.663181640262,0.0
11250.70261089561,0.0
11270.742040150959,0.0
11290.781469406307,0.0
11310.820898661657,0.0
11330.860327917006,0.0
11350.899757172354,0.0
11370.939186427702,0.0
11390.97861568305,0.0
11411.018044938399,0.8531116027684454
11431.057474193747,0.0
11451.096903449095,0.4265558013842227
11471.136332704444,0.4265558013842227
11491.175761959794,0.4265558013842227
11511.215191215142,0.0
11531.25462047049,1.279667404152668
11551.294049725839,0.0
11571.333478981187,0.0
11591.372908236535,0.0
11611.412337491884,0.4265558013842227
11631.451766747232,0.0
11651.49119600258,0.8531116027684454
11671.530625257928,0.0
11691.570054513279,0.0
11711.609483768627,0.4265558013842227
11731.648913023975,1.7062232055368909
11751.688342279323,0.8531116027684454
11771.727771534672,0.0
11791.76720079002,0.0
11811.806630045368,0.4265558013842227
11831.846059300717,0.0
11851.885488556065,0.4265558013842227
11871.924917811415,0.0
11891.964347066763,0.0
11912.003776322112,0.0
11932.04320557746,0.0
11952.082634832808,0.4265558013842227
11972.122064088157,0.0
11992.161493343505,0.0
12012.200922598853,0.0
12032.240351854201,0.4265558013842227
12052.27978110955,0.0
12072.3192103649,0.0
12092.358639620248,0.0
12112.398068875596,0.4265558013842227
12132.437498130945,0.0
12152.476927386293,0.4265558013842227
12172.516356641641,0.4265558013842227
12192.55578589699,0.0
12212.595215152338,0.4265558013842227
12232.634644407686,0.4265558013842227
12252.674073663036,0.0
12272.713502918385,0.4265558013842227
12292.752932173733,0.0
12312.792361429081,0.4265558013842227
12332.83179068443,0.0
12352.871219939778,0.0
12372.910649195126,1.279667404152668
12392.950078450474,0.0
12412.989507705823,0.0
12433.028936961171,0.0
12453.068366216521,0.8531116027684454
12473.10779547187,0.4265558013842227
12493.147224727218,0.0
12513.186653982566,0.8531116027684454
12533.226083237914,0.0
12553.265512493263,2.1327790069211137
12573.30494174861,0.8531116027684454
12593.34437100396,0.0
12613.383800259307,1.279667404152668
12633.423229514658,1.279667404152668
12653.462658770006,1.279667404152668
12673.502088025354,0.8531116027684454
12693.541517280702,1.7062232055368909
12713.58094653605,0.4265558013842227
12733.620375791399,1.279667404152668
12753.659805046747,1.279667404152668
12773.699234302096,1.279667404152668
12793.738663557444,0.4265558013842227
12813.778092812794,1.7062232055368909
12833.817522068142,0.8531116027684454
12853.85695132349,2.559334808305336
12873.896380578839,3.8390022124580043
12893.935809834187,5.971781219379118
12913.975239089536,8.104560226300231
12934.014668344884,8.957671829068676
12954.054097600232,5.971781219379118
12974.09352685558,11.943562438758237
12994.132956110929,14.502897247063572
13014.172385366279,10.237339233221345
13034.211814621627,10.663895034605568
13054.251243876975,9.810783431837123
13074.290673132324,9.810783431837123
13094.330102387672,7.678004424916009
13114.36953164302,6.8248928221475635
13134.408960898369,11.09045083598979
13154.448390153717,3.8390022124580043
13174.487819409065,4.69211381522645
13194.527248664415,3.4124464110737818
13214.566677919764,4.265558013842227
13234.606107175112,1.7062232055368909
13254.64553643046,1.279667404152668
13274.684965685808,2.559334808305336
13294.724394941157,2.559334808305336
13314.763824196505,0.8531116027684454
13334.803253451853,0.8531116027684454
13354.842682707202,0.4265558013842227
13374.88211196255,2.559334808305336
13394.9215412179,1.7062232055368909
13414.960970473248,1.279667404152668
13435.000399728597,0.4265558013842227
13455.039828983945,0.0
13475.079258239293,0.8531116027684454
13495.118687494642,0.4265558013842227
13515.15811674999,0.8531116027684454
13535.197546005338,0.0
13555.236975260686,0.4265558013842227
13575.276404516037,0.8531116027684454
13595.315833771385,0.0
13615.355263026733,0.4265558013842227
13635.394692282081,0.0
13655.43412153743,1.279667404152668
13675.473550792778,0.0
13695.512980048126,0.4265558013842227
13715.552409303475,0.4265558013842227
13735.591838558823,0.4265558013842227
13755.631267814171,0.0
13775.670697069521,0.0
13795.71012632487,0.4265558013842227
13815.749555580218,0.0
13835.788984835566,0.4265558013842227
13855.828414090915,0.0
13875.867843346263,0.4265558013842227
13895.907272601611,0.8531116027684454
13915.94670185696,0.0
13935.986131112308,0.4265558013842227
13956.025560367658,0.0
13976.064989623006,0.0
13996.104418878354,0.4265558013842227
14016.143848133703,0.4265558013842227
14036.183277389051,0.0
14056.2227066444,2.1327790069211137
14076.262135899748,0.8531116027684454
14096.301565155096,1.279667404152668
14116.340994410444,0.8531116027684454
14136.380423665792,2.1327790069211137
14156.419852921143,0.4265558013842227
14176.45928217649,0.8531116027684454
14196.49871143184,1.7062232055368909
14216.538140687187,0.4265558013842227
14236.577569942536,0.0
14256.616999197884,0.4265558013842227
14276.656428453232,0.0
14296.69585770858,0.0
14316.735286963929,0.4265558013842227
14336.774716219279,0.4265558013842227
14356.814145474627,0.0
14376.853574729976,0.0
14396.893003985324,0.4265558013842227
14416.932433240672,0.0
14436.97186249602,0.0
14457.011291751369,0.0
14477.050721006717,0.0
14497.090150262065,0.0
14517.129579517414,0.0
14537.169008772764,0.0
14557.208438028112,0.0
14577.24786728346,0.0
14597.287296538809,0.4265558013842227
14617.326725794157,0.4265558013842227
14637.366155049505,0.4265558013842227
14657.405584304854,0.0
14677.445013560202,0.4265558013842227
14697.48444281555,0.0
14717.5238720709,0.0
14737.563301326249,0.0
14757.602730581597,0.0
14777.642159836945,0.4265558013842227
14797.681589092294,0.0
14817.721018347642,0.0
14837.76044760299,0.0
14857.799876858338,0.0
14877.839306113687,0.0
14897.878735369035,0.0
14917.918164624385,0.4265558013842227
14937.957593879733,0.0
14957.997023135082,0.0
14978.03645239043,0.0
14998.075881645778,0.8531116027684454
15018.115310901127,0.0
15038.154740156475,0.4265558013842227
15058.194169411823,0.0
15078.233598667171,0.4265558013842227
15098.273027922522,0.8531116027684454
15118.31245717787,0.0
15138.351886433218,0.8531116027684454
15158.391315688566,1.279667404152668
15178.430744943915,1.7062232055368909
15198.470174199263,2.1327790069211137
15218.509603454611,2.559334808305336
15238.54903270996,4.265558013842227
15258.588461965308,2.559334808305336
15278.627891220656,2.1327790069211137
15298.667320476006,1.7062232055368909
15318.706749731355,0.0
15338.746178986703,1.7062232055368909
15358.785608242051,0.0
15378.8250374974,1.279667404152668
15398.864466752748,0.4265558013842227
15418.903896008096,0.4265558013842227
15438.943325263444,0.4265558013842227
15458.982754518793,0.4265558013842227
15479.022183774143,0.0
15499.061613029491,0.0
15519.10104228484,0.4265558013842227
15539.140471540188,1.7062232055368909
15559.179900795536,0.8531116027684454
15579.219330050884,0.4265558013842227
15599.258759306233,1.279667404152668
15619.29818856158,1.279667404152668
15639.33761781693,2.1327790069211137
15659.377047072277,1.7062232055368909
15679.416476327628,3.4124464110737818
15699.455905582976,1.7062232055368909
15719.495334838324,3.8390022124580043
15739.534764093672,3.8390022124580043
15759.57419334902,2.1327790069211137
15779.613622604369,1.279667404152668
15799.653051859717,1.7062232055368909
15819.692481115066,1.279667404152668
15839.731910370414,2.559334808305336
15859.771339625764,0.4265558013842227
15879.810768881112,0.4265558013842227
15899.85019813646,0.8531116027684454
15919.889627391809,0.0
15939.929056647157,0.0
15959.968485902506,0.0
15980.007915157854,0.8531116027684454
16000.047344413202,0.0
16020.08677366855,0.4265558013842227
16040.126202923899,0.8531116027684454
16060.165632179249,0.4265558013842227
16080.205061434597,0.8531116027684454
16100.244490689945,0.4265558013842227
16120.283919945294,0.4265558013842227
16140.323349200642,0.8531116027684454
16160.36277845599,0.4265558013842227
16180.402207711339,0.4265558013842227
16200.441636966687,0.0
16220.481066222035,0.0
16240.520495477385,0.4265558013842227
16260.559924732734,0.8531116027684454
16280.599353988082,0.4265558013842227
16300.63878324343,0.0
16320.678212498779,0.4265558013842227
16340.717641754127,0.0
16360.757071009475,0.8531116027684454
16380.796500264823,0.0
16400.835929520174,0.8531116027684454
16420.87535877552,0.4265558013842227
16440.91478803087,0.4265558013842227
16460.954217286217,0.4265558013842227
16480.993646541567,1.7062232055368909
16501.033075796913,0.4265558013842227
16521.072505052263,0.0
16541.111934307613,0.4265558013842227
16561.15136356296,0.8531116027684454
16581.19079281831,0.0
16601.230222073656,0.4265558013842227
16621.269651329007,0.4265558013842227
16641.309080584353,0.0
16661.348509839703,0.0
16681.38793909505,0.0
16701.4273683504,0.8531116027684454
16721.46679760575,0.0
16741.506226861096,0.0
16761.545656116446,0.4265558013842227
16781.585085371793,0.0
16801.624514627143,0.0
16821.66394388249,0.4265558013842227
16841.70337313784,0.4265558013842227
16861.742802393186,0.0
16881.782231648536,0.4265558013842227
16901.821660903886,0.0
16921.861090159233,1.279667404152668
16941.900519414583,0.0
16961.93994866993,0.4265558013842227
16981.97937792528,0.0
17002.018807180626,0.0
17022.058236435976,0.4265558013842227
17042.097665691323,0.8531116027684454
17062.137094946673,0.4265558013842227
17082.17652420202,0.0
17102.21595345737,0.0
17122.25538271272,0.4265558013842227
17142.294811968066,0.8531116027684454
17162.334241223416,0.4265558013842227
17182.373670478763,0.4265558013842227
17202.413099734113,0.8531116027684454
17222.45252898946,0.8531116027684454
17242.49195824481,3.8390022124580043
17262.531387500156,2.559334808305336
17282.570816755506,2.985890609689559
17302.610246010856,6.8248928221475635
17322.649675266202,9.3842276304529
17342.689104521553,8.957671829068676
17362.7285337769,9.810783431837123
17382.76796303225,16.635676253984688
17402.807392287596,9.810783431837123
17422.846821542946,8.531116027684455
17442.886250798292,12.796674041526682
17462.925680053642,14.07634144567935
17482.965109308992,17.06223205536891
17503.00453856434,12.370118240142459
17523.04396781969,9.810783431837123
17543.083397075035,7.251448623531786
17563.122826330386,7.678004424916009
17583.162255585732,5.118669616610672
17603.201684841082,5.118669616610672
17623.24111409643,1.7062232055368909
17643.28054335178,0.4265558013842227
17663.31997260713,0.8531116027684454
17683.359401862475,0.8531116027684454
17703.398831117825,0.8531116027684454
17723.438260373172,0.0
17743.477689628522,0.4265558013842227
17763.51711888387,0.4265558013842227
17783.55654813922,0.4265558013842227
17803.595977394565,0.4265558013842227
17823.635406649915,0.4265558013842227
17843.67483590526,0.0
17863.714265160612,0.0
17883.753694415962,0.0
17903.79312367131,0.0
17923.83255292666,0.4265558013842227
17943.871982182005,0.4265558013842227
17963.911411437355,0.4265558013842227
17983.9508406927,0.0
18003.99026994805,0.4265558013842227
18024.0296992034,0.4265558013842227
18044.06912845875,0.0
18064.1085577141,0.4265558013842227
18084.147986969445,0.0
18104.187416224795,1.279667404152668
18124.22684548014,0.4265558013842227
18144.26627473549,0.0
18164.305703990838,0.0
18184.34513324619,0.0
18204.384562501535,0.0
18224.423991756885,0.0
18244.463421012235,0.0
18264.50285026758,0.0
18284.54227952293,0.0
18304.581708778278,0.8531116027684454
18324.621138033628,0.0
18344.660567288975,0.0
18364.699996544325,0.0
18384.73942579967,0.8531116027684454
18404.77885505502,0.0
18424.81828431037,0.4265558013842227
18444.857713565718,0.4265558013842227
18464.897142821068,0.0
18484.936572076414,0.4265558013842227
18504.976001331765,0.4265558013842227
18525.01543058711,0.0
18545.05485984246,0.0
18565.094289097808,1.7062232055368909
18585.133718353158,0.0
18605.173147608504,0.4265558013842227
18625.212576863854,0.0
18645.252006119204,0.0
18665.29143537455,0.0
18685.3308646299,0.4265558013842227
18705.370293885248,0.0
18725.409723140598,0.4265558013842227
18745.449152395944,0.4265558013842227
18765.488581651294,0.0
18785.52801090664,0.0
18805.56744016199,0.4265558013842227
18825.60686941734,0.0
18845.646298672687,0.4265558013842227
18865.685727928038,0.0
18885.725157183384,0.0
18905.764586438734,0.8531116027684454
18925.80401569408,0.4265558013842227
18945.84344494943,0.0
18965.882874204777,0.0
18985.922303460127,0.0
19005.961732715477,0.0
19026.001161970824,0.4265558013842227
19046.040591226174,0.0
19066.08002048152,0.4265558013842227
19086.11944973687,0.0
19106.158878992217,0.0
19126.198308247567,0.4265558013842227
19146.237737502914,0.0
19166.277166758264,0.0
19186.316596013614,0.4265558013842227
19206.35602526896,0.0
19226.39545452431,0.0
19246.434883779657,0.4265558013842227
19266.474313035007,0.0
19286.513742290354,0.0
19306.553171545704,0.0
19326.59260080105,0.0
19346.6320300564,0.0
19366.671459311747,0.4265558013842227
19386.710888567097,0.8531116027684454
19406.750317822447,0.8531116027684454
19426.789747077793,0.0
19446.829176333144,0.4265558013842227
19466.86860558849,0.4265558013842227
19486.90803484384,1.279667404152668
19506.947464099187,1.279667404152668
19526.986893354537,3.4124464110737818
19547.026322609883,1.7062232055368909
19567.065751865233,2.559334808305336
19587.105181120583,2.559334808305336
19607.14461037593,1.279667404152668
19627.18403963128,1.7062232055368909
19647.223468886627,2.1327790069211137
19667.262898141977,2.1327790069211137
19687.302327397323,2.1327790069211137
19707.341756652673,0.8531116027684454
19727.38118590802,1.7062232055368909
19747.42061516337,0.4265558013842227
19767.46004441872,1.7062232055368909
19787.499473674066,0.4265558013842227
19807.538902929417,0.8531116027684454
19827.578332184763,0.4265558013842227
19847.617761440113,0.0
19867.65719069546,0.8531116027684454
19887.69661995081,0.0
19907.736049206156,0.0
19927.775478461506,0.8531116027684454
19947.814907716856,0.4265558013842227
19967.854336972203,0.4265558013842227
19987.893766227553,1.279667404152668
20007.9331954829,0.4265558013842227
20027.97262473825,1.279667404152668
20048.012053993596,1.279667404152668
20068.051483248946,0.4265558013842227
20088.090912504293,0.4265558013842227
20108.130341759643,0.0
20128.16977101499,0.0
20148.20920027034,0.0
20168.24862952569,0.0
20188.288058781036,0.0
20208.327488036386,0.8531116027684454
20228.366917291733,0.0
20248.406346547083,0.8531116027684454
20268.44577580243,0.0
20288.48520505778,1.7062232055368909
20308.524634313126,0.0
20328.564063568476,0.0
20348.603492823826,0.0
20368.642922079172,0.0
20388.682351334523,0.0
20408.72178058987,1.279667404152668
20428.76120984522,0.8531116027684454
20448.800639100566,0.0
20468.840068355916,0.0
20488.879497611262,1.279667404152668
20508.918926866612,0.4265558013842227
20528.958356121962,0.4265558013842227
20548.99778537731,0.0
20569.03721463266,0.0
20589.076643888005,0.0
20609.116073143356,0.4265558013842227
20629.155502398702,0.0
20649.194931654052,0.0
20669.2343609094,0.4265558013842227
20689.27379016475,0.0
20709.3132194201,0.4265558013842227
20729.352648675445,0.0
20749.392077930795,0.8531116027684454
20769.431507186142,0.8531116027684454
20789.470936441492,0.4265558013842227
20809.51036569684,0.8531116027684454
20829.54979495219,0.8531116027684454
20849.589224207535,0.4265558013842227
20869.628653462885,0.4265558013842227
20889.668082718235,0.4265558013842227
20909.707511973582,0.4265558013842227
20929.746941228932,0.0
20949.78637048428,0.4265558013842227
20969.82579973963,0.4265558013842227
20989.865228994975,0.4265558013842227
21009.904658250325,0.0
21029.94408750567,0.4265558013842227
21049.98351676102,0.0
21070.02294601637,0.8531116027684454
21090.06237527172,1.279667404152668
21110.10180452707,0.4265558013842227
21130.141233782415,0.0
21150.180663037765,1.7062232055368909
21170.22009229311,0.8531116027684454
21190.25952154846,0.4265558013842227
21210.298950803808,0.4265558013842227
21230.33838005916,0.0
21250.377809314505,0.4265558013842227
21270.417238569855,0.4265558013842227
21290.456667825205,0.4265558013842227
21310.49609708055,0.0
21330.5355263359,0.0
21350.574955591248,0.0
21370.614384846598,0.8531116027684454
21390.653814101945,0.4265558013842227
21410.693243357295,0.0
21430.73267261264,0.0
21450.77210186799,0.8531116027684454
21470.81153112334,0.8531116027684454
21490.850960378688,0.8531116027684454
21510.890389634038,0.0
21530.929818889384,1.279667404152668
21550.969248144735,0.0
21571.00867740008,0.4265558013842227
21591.04810665543,0.0
21611.087535910778,0.4265558013842227
21631.126965166128,0.0
21651.166394421478,0.4265558013842227
21671.205823676824,0.8531116027684454
21691.245252932174,0.0
21711.28468218752,0.4265558013842227
21731.32411144287,0.4265558013842227
21751.363540698218,0.0
21771.402969953568,0.0
21791.442399208914,0.4265558013842227
21811.481828464264,0.8531116027684454
21831.52125771961,0.4265558013842227
21851.56068697496,0.4265558013842227
21871.60011623031,1.279667404152668
21891.639545485657,0.0
21911.678974741008,1.279667404152668
21931.718403996354,0.4265558013842227
21951.757833251704,0.0
21971.79726250705,0.4265558013842227
21991.8366917624,0.8531116027684454
22011.876121017747,1.7062232055368909
22031.915550273097,1.7062232055368909
22051.954979528447,0.4265558013842227
22071.994408783794,0.8531116027684454
22092.033838039144,0.4265558013842227
22112.07326729449,0.4265558013842227
22132.11269654984,1.7062232055368909
22152.152125805187,0.8531116027684454
22172.191555060537,0.0
22192.230984315884,0.8531116027684454
22212.270413571234,0.0
22232.309842826584,0.8531116027684454
22252.34927208193,1.7062232055368909
22272.38870133728,0.4265558013842227
22292.428130592627,0.4265558013842227
22312.467559847977,0.0
22332.506989103324,2.559334808305336
22352.546418358674,0.8531116027684454
22372.58584761402,0.8531116027684454
22392.62527686937,0.8531116027684454
22412.66470612472,0.8531116027684454
22432.704135380067,0.0
22452.743564635417,0.4265558013842227
22472.782993890763,0.4265558013842227
22492.822423146114,0.0
22512.86185240146,0.4265558013842227
22532.90128165681,0.8531116027684454
22552.940710912157,0.4265558013842227
22572.980140167507,0.8531116027684454
22593.019569422853,1.7062232055368909
22613.058998678203,1.279667404152668
22633.098427933553,0.8531116027684454
22653.1378571889,0.4265558013842227
22673.17728644425,0.0
22693.216715699597,0.8531116027684454
22713.256144954947,1.7062232055368909
22733.295574210293,0.4265558013842227
22753.335003465643,0.8531116027684454
22773.37443272099,0.8531116027684454
22793.41386197634,1.279667404152668
22813.45329123169,2.985890609689559
22833.492720487036,0.4265558013842227
22853.532149742387,1.279667404152668
22873.571578997733,2.1327790069211137
22893.611008253083,0.4265558013842227
22913.65043750843,0.8531116027684454
22933.68986676378,1.279667404152668
22953.729296019126,0.8531116027684454
22973.768725274476,0.8531116027684454
22993.808154529826,0.4265558013842227
23013.847583785173,0.4265558013842227
23033.887013040523,1.7062232055368909
23053.92644229587,0.8531116027684454
23073.96587155122,0.4265558013842227
23094.005300806566,0.8531116027684454
23114.044730061916,2.1327790069211137
23134.084159317263,0.4265558013842227
23154.123588572613,0.4265558013842227
23174.163017827963,0.8531116027684454
23194.20244708331,1.279667404152668
23214.24187633866,0.0
23234.281305594006,0.4265558013842227
23254.320734849356,0.8531116027684454
23274.360164104703,1.7062232055368909
23294.399593360053,1.7062232055368909
23314.4390226154,1.279667404152668
23334.47845187075,0.0
23354.517881126096,1.279667404152668
23374.557310381446,0.4265558013842227
23394.596739636796,1.279667404152668
23414.636168892142,0.8531116027684454
23434.675598147493,0.8531116027684454
23454.71502740284,0.4265558013842227
23474.75445665819,2.559334808305336
23494.793885913536,0.4265558013842227
23514.833315168886,1.7062232055368909
23534.872744424232,0.8531116027684454
23554.912173679582,1.279667404152668
23574.951602934932,1.7062232055368909
23594.99103219028,2.1327790069211137
23615.03046144563,0.4265558013842227
23635.069890700976,2.1327790069211137
23655.109319956326,1.279667404152668
23675.148749211672,1.279667404152668
23695.188178467022,0.4265558013842227
23715.22760772237,0.8531116027684454
23735.26703697772,0.8531116027684454
23755.30646623307,1.279667404152668
23775.345895488415,0.4265558013842227
23795.385324743766,0.8531116027684454
23815.424753999112,2.1327790069211137
23835.464183254462,0.8531116027684454
23855.50361250981,1.279667404152668
23875.54304176516,1.279667404152668
23895.582471020505,1.7062232055368909
23915.621900275855,0.4265558013842227
23935.661329531205,0.4265558013842227
23955.700758786552,0.4265558013842227
23975.740188041902,0.4265558013842227
23995.77961729725,0.4265558013842227
24015.8190465526,0.8531116027684454
24035.858475807945,0.4265558013842227
24055.897905063295,1.279667404152668
24075.93733431864,0.8531116027684454
24095.97676357399,0.8531116027684454
24116.01619282934,1.279667404152668
24136.05562208469,1.7062232055368909
24156.09505134004,1.279667404152668
24176.134480595385,1.7062232055368909
24196.173909850735,2.559334808305336
24216.21333910608,0.4265558013842227
24236.25276836143,0.4265558013842227
24256.292197616778,2.559334808305336
24276.33162687213,2.1327790069211137
24296.371056127475,2.1327790069211137
24316.410485382825,0.8531116027684454
24336.449914638175,1.279667404152668
24356.48934389352,2.559334808305336
24376.52877314887,2.1327790069211137
24396.568202404218,2.1327790069211137
24416.607631659568,0.8531116027684454
24436.647060914915,0.8531116027684454
24456.686490170265,1.279667404152668
24476.72591942561,2.1327790069211137
24496.76534868096,2.1327790069211137
24516.80477793631,0.8531116027684454
24536.844207191658,0.4265558013842227
24556.883636447008,0.4265558013842227
24576.923065702355,1.279667404152668
24596.962494957705,1.7062232055368909
24617.00192421305,2.559334808305336
24637.0413534684,1.7062232055368909
24657.080782723748,0.4265558013842227
24677.120211979098,1.279667404152668
24697.159641234448,1.279667404152668
24717.199070489794,2.559334808305336
24737.238499745145,1.7062232055368909
24757.27792900049,2.985890609689559
24777.31735825584,1.7062232055368909
24797.356787511188,1.279667404152668
24817.396216766538,0.8531116027684454
24837.435646021884,1.279667404152668
24857.475075277234,0.4265558013842227
24877.51450453258,3.4124464110737818
24897.55393378793,1.279667404152668
24917.59336304328,2.559334808305336
24937.632792298627,3.4124464110737818
24957.672221553978,2.985890609689559
24977.711650809324,5.118669616610672
24997.751080064674,0.8531116027684454
25017.79050932002,4.69211381522645
25037.82993857537,3.4124464110737818
25057.869367830717,0.8531116027684454
25077.908797086067,5.971781219379118
25097.948226341417,3.4124464110737818
25117.987655596764,5.118669616610672
25138.027084852114,3.8390022124580043
25158.06651410746,4.69211381522645
25178.10594336281,3.4124464110737818
25198.145372618157,5.971781219379118
25218.184801873507,3.8390022124580043
25238.224231128854,4.69211381522645
25258.263660384204,1.7062232055368909
25278.303089639554,5.118669616610672
25298.3425188949,6.398337020763341
25318.38194815025,4.69211381522645
25338.421377405597,2.985890609689559
25358.460806660947,4.265558013842227
25378.500235916294,1.279667404152668
25398.539665171644,1.7062232055368909
25418.57909442699,3.8390022124580043
25438.61852368234,1.7062232055368909
25458.65795293769,3.4124464110737818
25478.697382193037,1.7062232055368909
25498.736811448387,1.7062232055368909
25518.776240703733,1.279667404152668
25538.815669959084,2.1327790069211137
25558.85509921443,2.985890609689559
25578.89452846978,1.279667404152668
25598.933957725127,2.1327790069211137
25618.973386980477,2.559334808305336
25639.012816235827,1.7062232055368909
25659.052245491173,3.4124464110737818
25679.091674746523,2.1327790069211137
25699.13110400187,2.559334808305336
25719.17053325722,2.1327790069211137
25739.209962512567,2.1327790069211137
25759.249391767917,2.559334808305336
25779.288821023263,3.4124464110737818
25799.328250278613,2.985890609689559
25819.36767953396,2.1327790069211137
25839.40710878931,2.559334808305336
25859.44653804466,2.1327790069211137
25879.485967300006,3.4124464110737818
25899.525396555357,2.559334808305336
25919.564825810703,2.559334808305336
25939.604255066053,4.265558013842227
25959.6436843214,3.4124464110737818
25979.68311357675,1.7062232055368909
25999.722542832096,3.8390022124580043
26019.761972087446,4.265558013842227
26039.801401342796,2.559334808305336
26059.840830598143,2.559334808305336
26079.880259853493,3.8390022124580043
26099.91968910884,3.4124464110737818
26119.95911836419,2.1327790069211137
26139.998547619536,1.7062232055368909
26160.037976874886,2.985890609689559
26180.077406130233,3.4124464110737818
26200.116835385583,4.69211381522645
26220.156264640933,4.69211381522645
26240.19569389628,2.559334808305336
26260.23512315163,2.985890609689559
26280.274552406976,2.1327790069211137
26300.313981662326,4.69211381522645
26320.353410917673,2.985890609689559
26340.392840173023,3.4124464110737818
26360.43226942837,2.559334808305336
26380.47169868372,2.1327790069211137
26400.51112793907,3.8390022124580043
26420.550557194416,2.985890609689559
26440.589986449766,2.985890609689559
26460.629415705112,2.985890609689559
26480.668844960463,3.4124464110737818
26500.70827421581,3.4124464110737818
26520.74770347116,3.8390022124580043
26540.787132726506,4.69211381522645
26560.826561981856,4.265558013842227
26580.865991237202,1.7062232055368909
26600.905420492552,4.265558013842227
26620.944849747902,3.4124464110737818
26640.98427900325,5.118669616610672
26661.0237082586,2.985890609689559
26681.063137513946,2.985890609689559
26701.102566769296,2.985890609689559
26721.141996024642,2.985890609689559
26741.181425279992,4.69211381522645
26761.22085453534,7.251448623531786
26781.26028379069,2.559334808305336
26801.29971304604,2.985890609689559
26821.339142301385,2.985890609689559
26841.378571556736,2.1327790069211137
26861.418000812082,2.559334808305336
26881.457430067432,2.1327790069211137
26901.49685932278,4.69211381522645
26921.53628857813,4.265558013842227
26941.575717833475,3.4124464110737818
26961.615147088825,5.118669616610672
26981.654576344175,3.4124464110737818
27001.694005599522,2.985890609689559
27021.733434854872,3.4124464110737818
27041.77286411022,1.279667404152668
27061.81229336557,4.69211381522645
27081.851722620915,3.8390022124580043
27101.891151876265,2.985890609689559
27121.93058113161,4.265558013842227
27141.97001038696,4.69211381522645
27162.009439642312,3.8390022124580043
27182.04886889766,7.678004424916009
27202.08829815301,3.4124464110737818
27222.127727408355,2.985890609689559
27242.167156663705,3.8390022124580043
27262.20658591905,3.8390022124580043
27282.2460151744,5.545225417994895
27302.285444429748,3.4124464110737818
27322.3248736851,3.4124464110737818
27342.364302940445,2.559334808305336
27362.403732195795,5.545225417994895
27382.443161451145,5.971781219379118
27402.48259070649,7.678004424916009
27422.52201996184,6.398337020763341
27442.561449217188,5.545225417994895
27462.600878472538,3.4124464110737818
27482.640307727885,3.4124464110737818
27502.679736983235,3.4124464110737818
27522.71916623858,5.971781219379118
27542.75859549393,4.69211381522645
27562.79802474928,3.4124464110737818
27582.837454004628,5.545225417994895
27602.876883259978,3.4124464110737818
27622.916312515325,4.265558013842227
27642.955741770675,5.545225417994895
27662.99517102602,4.69211381522645
27683.03460028137,5.971781219379118
27703.074029536718,4.69211381522645
27723.113458792068,6.8248928221475635
27743.152888047418,5.545225417994895
27763.192317302764,6.398337020763341
27783.231746558115,2.985890609689559
27803.27117581346,2.985890609689559
27823.31060506881,2.559334808305336
27843.350034324158,5.545225417994895
27863.389463579508,2.559334808305336
27883.428892834854,3.8390022124580043
27903.468322090204,4.69211381522645
27923.507751345554,4.265558013842227
27943.5471806009,7.678004424916009
27963.58660985625,2.559334808305336
27983.626039111597,5.545225417994895
28003.665468366948,5.971781219379118
28023.704897622294,4.265558013842227
28043.744326877644,4.265558013842227
28063.78375613299,4.265558013842227
28083.82318538834,7.678004424916009
28103.862614643687,3.8390022124580043
28123.902043899037,2.985890609689559
28143.941473154387,4.69211381522645
28163.980902409734,6.398337020763341
28184.020331665084,5.971781219379118
28204.05976092043,5.118669616610672
28224.09919017578,5.118669616610672
28244.138619431127,3.8390022124580043
28264.178048686477,3.4124464110737818
28284.217477941824,4.69211381522645
28304.256907197174,8.957671829068676
28324.296336452524,4.69211381522645
28344.33576570787,6.8248928221475635
28364.37519496322,4.69211381522645
28384.414624218567,6.8248928221475635
28404.454053473917,1.279667404152668
28424.493482729264,7.251448623531786
28444.532911984614,2.559334808305336
28464.57234123996,3.4124464110737818
28484.61177049531,6.398337020763341
28504.65119975066,5.545225417994895
28524.690629006007,5.545225417994895
28544.730058261357,3.8390022124580043
28564.769487516704,2.1327790069211137
28584.808916772054,6.8248928221475635
28604.8483460274,4.69211381522645
28624.88777528275,4.265558013842227
28644.927204538097,7.678004424916009
28664.966633793447,6.398337020763341
28685.006063048797,3.4124464110737818
28705.045492304143,5.118669616610672
28725.084921559494,7.251448623531786
28745.12435081484,5.971781219379118
28765.16378007019,5.545225417994895
28785.203209325537,5.545225417994895
28805.242638580887,5.545225417994895
28825.282067836233,3.4124464110737818
28845.321497091583,4.69211381522645
28865.36092634693,4.265558013842227
28885.40035560228,4.265558013842227
28905.43978485763,5.118669616610672
28925.479214112976,6.8248928221475635
28945.518643368327,5.545225417994895
28965.558072623673,7.678004424916009
28985.597501879023,5.971781219379118
29005.63693113437,7.251448623531786
29025.67636038972,5.118669616610672
29045.715789645066,5.118669616610672
29065.755218900416,4.265558013842227
29085.794648155766,4.265558013842227
29105.834077411113,4.69211381522645
29125.873506666463,6.8248928221475635
29145.91293592181,6.398337020763341
29165.95236517716,5.971781219379118
29185.991794432506,4.265558013842227
29206.031223687856,6.8248928221475635
29226.070652943203,6.8248928221475635
29246.110082198553,6.398337020763341
29266.149511453903,5.545225417994895
29286.18894070925,5.971781219379118
29306.2283699646,5.118669616610672
29326.267799219946,5.545225417994895
29346.307228475296,7.251448623531786
29366.346657730643,5.118669616610672
29386.386086985993,6.8248928221475635
29406.42551624134,3.8390022124580043
29426.46494549669,4.265558013842227
29446.50437475204,2.559334808305336
29466.543804007386,5.971781219379118
29486.583233262736,5.971781219379118
29506.622662518083,3.4124464110737818
29526.662091773433,7.678004424916009
29546.70152102878,8.104560226300231
29566.74095028413,5.118669616610672
29586.780379539476,5.545225417994895
29606.819808794826,4.69211381522645
29626.859238050172,7.251448623531786
29646.898667305522,8.957671829068676
29666.938096560873,6.398337020763341
29686.97752581622,4.69211381522645
29707.01695507157,3.8390022124580043
29727.056384326916,6.398337020763341
29747.095813582266,8.104560226300231
29767.135242837612,4.265558013842227
29787.174672092962,6.8248928221475635
29807.21410134831,5.118669616610672
29827.25353060366,6.8248928221475635
29847.29295985901,4.69211381522645
29867.332389114355,9.3842276304529
29887.371818369706,5.971781219379118
29907.411247625052,5.971781219379118
29927.450676880402,3.8390022124580043
29947.49010613575,6.398337020763341
29967.5295353911,5.118669616610672
29987.568964646445,8.104560226300231
30007.608393901795,7.678004424916009
30027.647823157145,3.8390022124580043
30047.687252412492,7.678004424916009
30067.726681667842,8.104560226300231
30087.76611092319,6.8248928221475635
30107.80554017854,7.678004424916009
30127.844969433885,6.8248928221475635
30147.884398689235,7.251448623531786
30167.92382794458,7.251448623531786
30187.963257199932,5.545225417994895
30208.002686455282,8.104560226300231
30228.04211571063,9.810783431837123
30248.08154496598,6.398337020763341
30268.120974221325,4.265558013842227
30288.160403476675,8.531116027684455
30308.19983273202,7.678004424916009
30328.23926198737,8.531116027684455
30348.27869124272,7.251448623531786
30368.31812049807,5.545225417994895
30388.357549753415,9.810783431837123
30408.396979008765,6.8248928221475635
30428.436408264115,5.118669616610672
30448.47583751946,6.8248928221475635
30468.51526677481,8.531116027684455
30488.554696030158,10.663895034605568
30508.59412528551,4.69211381522645
30528.633554540855,4.265558013842227
30548.672983796205,6.8248928221475635
30568.71241305155,8.531116027684455
30588.7518423069,10.237339233221345
30608.79127156225,7.251448623531786
30628.830700817598,5.545225417994895
30648.870130072948,5.971781219379118
30668.909559328295,8.104560226300231
30688.948988583645,8.957671829068676
30708.98841783899,7.251448623531786
30729.02784709434,5.118669616610672
30749.067276349688,5.971781219379118
30769.106705605038,5.545225417994895
30789.146134860388,9.3842276304529
30809.185564115734,7.678004424916009
30829.224993371085,7.251448623531786
30849.26442262643,5.118669616610672
30869.30385188178,8.957671829068676
30889.343281137128,5.545225417994895
30909.382710392478,7.251448623531786
30929.422139647824,6.8248928221475635
30949.461568903174,8.957671829068676
30969.500998158524,7.678004424916009
30989.54042741387,8.104560226300231
31009.57985666922,6.398337020763341
31029.619285924568,3.8390022124580043
31049.658715179918,5.545225417994895
31069.698144435264,6.398337020763341
31089.737573690614,3.4124464110737818
31109.77700294596,6.398337020763341
31129.81643220131,5.971781219379118
31149.85586145666,6.8248928221475635
31169.895290712007,7.251448623531786
31189.934719967358,6.398337020763341
31209.974149222704,3.4124464110737818
31230.013578478054,5.545225417994895
31250.0530077334,7.251448623531786
31270.09243698875,5.545225417994895
31290.131866244097,4.265558013842227
31310.171295499447,5.545225417994895
31330.210724754794,8.104560226300231
31350.250154010144,6.398337020763341
31370.289583265494,6.8248928221475635
31390.32901252084,5.971781219379118
31410.36844177619,5.118669616610672
31430.407871031537,8.531116027684455
31450.447300286887,5.971781219379118
31470.486729542234,8.104560226300231
31490.526158797584,8.531116027684455
31510.56558805293,5.545225417994895
31530.60501730828,4.265558013842227
31550.64444656363,5.971781219379118
31570.683875818977,11.09045083598979
31590.723305074327,10.663895034605568
31610.762734329674,5.118669616610672
31630.802163585024,9.810783431837123
31650.84159284037,6.8248928221475635
31670.88102209572,8.531116027684455
31690.920451351067,5.971781219379118
31710.959880606417,9.810783431837123
31730.999309861767,7.251448623531786
31751.038739117113,8.104560226300231
31771.078168372464,8.104560226300231
31791.11759762781,5.971781219379118
31811.15702688316,10.663895034605568
31831.196456138507,6.398337020763341
31851.235885393857,8.531116027684455
31871.275314649203,11.09045083598979
31891.314743904553,8.531116027684455
31911.354173159903,9.810783431837123
31931.39360241525,7.251448623531786
31951.4330316706,8.104560226300231
31971.472460925947,11.943562438758237
31991.511890181297,9.3842276304529
32011.551319436643,11.517006637374013
32031.590748691993,4.265558013842227
32051.63017794734,8.957671829068676
32071.66960720269,11.517006637374013
32091.709036458036,6.8248928221475635
32111.748465713386,9.810783431837123
32131.787894968737,8.104560226300231
32151.827324224083,10.237339233221345
32171.866753479433,6.398337020763341
32191.90618273478,9.3842276304529
32211.94561199013,8.531116027684455
32231.985041245476,7.251448623531786
32252.024470500826,11.517006637374013
32272.063899756173,7.678004424916009
32292.103329011523,4.69211381522645
32312.142758266873,5.971781219379118
32332.18218752222,8.531116027684455
32352.22161677757,5.545225417994895
32372.261046032916,8.104560226300231
32392.300475288266,9.3842276304529
32412.339904543613,6.8248928221475635
32432.379333798963,8.531116027684455
32452.41876305431,7.678004424916009
32472.45819230966,6.398337020763341
32492.49762156501,6.8248928221475635
32512.537050820356,10.663895034605568
32532.576480075706,6.8248928221475635
32552.615909331053,6.8248928221475635
32572.655338586403,10.237339233221345
32592.69476784175,5.545225417994895
32612.7341970971,8.531116027684455
32632.773626352446,10.663895034605568
32652.813055607796,8.104560226300231
32672.852484863146,5.971781219379118
32692.891914118492,7.251448623531786
32712.931343373843,5.118669616610672
32732.97077262919,9.3842276304529
32753.01020188454,8.531116027684455
32773.04963113989,8.957671829068676
32793.089060395236,12.796674041526682
32813.12848965059,7.678004424916009
32833.167918905936,6.8248928221475635
32853.20734816128,6.398337020763341
32873.246777416636,11.517006637374013
32893.28620667198,9.3842276304529
32913.32563592733,8.957671829068676
32933.365065182676,8.531116027684455
32953.40449443803,10.237339233221345
32973.443923693376,5.118669616610672
32993.48335294872,11.517006637374013
33013.52278220407,8.531116027684455
33033.56221145942,8.957671829068676
33053.60164071477,10.237339233221345
33073.641069970115,6.8248928221475635
33093.68049922547,8.104560226300231
33113.719928480816,7.678004424916009
33133.75935773616,8.104560226300231
33153.79878699151,10.237339233221345
33173.83821624686,9.810783431837123
33193.87764550221,4.69211381522645
33213.917074757555,10.237339233221345
33233.9565040129,7.678004424916009
33253.995933268256,8.531116027684455
33274.0353625236,8.531116027684455
33294.07479177895,8.104560226300231
33314.1142210343,7.251448623531786
33334.15365028965,10.237339233221345
33354.193079544995,6.8248928221475635
33374.23250880034,7.251448623531786
33394.271938055696,7.678004424916009
33414.31136731104,8.957671829068676
33434.35079656639,6.398337020763341
33454.39022582174,10.237339233221345
33474.42965507709,8.957671829068676
33494.469084332435,10.663895034605568
33514.50851358778,8.104560226300231
33534.547942843135,7.678004424916009
33554.58737209848,10.237339233221345
33574.62680135383,11.517006637374013
33594.666230609175,9.810783431837123
33614.70565986453,9.810783431837123
33634.745089119875,8.104560226300231
33654.78451837522,6.8248928221475635
33674.823947630575,9.3842276304529
33694.86337688592,5.118669616610672
33714.90280614127,8.957671829068676
33734.942235396615,11.517006637374013
33754.98166465197,4.265558013842227
33775.021093907315,11.517006637374013
33795.06052316266,9.3842276304529
33815.099952418015,9.810783431837123
33835.13938167336,7.251448623531786
33855.17881092871,9.3842276304529
33875.218240184055,9.810783431837123
33895.25766943941,6.8248928221475635
33915.297098694755,8.957671829068676
33935.3365279501,7.678004424916009
33955.37595720545,10.663895034605568
33975.4153864608,5.971781219379118
33995.45481571615,7.251448623531786
34015.494244971494,8.104560226300231
34035.53367422685,8.104560226300231
34055.573103482195,8.531116027684455
34075.61253273754,7.678004424916009
34095.65196199289,6.8248928221475635
34115.69139124824,10.663895034605568
34135.73082050359,6.8248928221475635
34155.770249758934,7.678004424916009
34175.80967901428,7.251448623531786
34195.849108269635,10.237339233221345
34215.88853752498,9.810783431837123
34235.92796678033,10.237339233221345
34255.96739603568,9.3842276304529
34276.00682529103,5.971781219379118
34296.046254546374,8.957671829068676
34316.08568380172,11.09045083598979
34336.125113057074,8.957671829068676
34356.16454231242,5.545225417994895
34376.20397156777,11.09045083598979
34396.24340082312,10.663895034605568
34416.28283007847,8.957671829068676
34436.322259333814,11.943562438758237
34456.36168858916,10.663895034605568
34476.401117844514,8.104560226300231
34496.44054709986,9.3842276304529
34516.47997635521,5.118669616610672
34536.519405610554,10.237339233221345
34556.55883486591,9.3842276304529
34576.598264121254,10.237339233221345
34596.6376933766,8.104560226300231
34616.677122631954,7.251448623531786
34636.7165518873,7.678004424916009
34656.75598114265,9.3842276304529
34676.795410397994,10.237339233221345
34696.83483965335,9.810783431837123
34716.874268908694,6.8248928221475635
34736.91369816404,7.678004424916009
34756.95312741939,6.398337020763341
34776.99255667474,6.8248928221475635
34797.03198593009,8.957671829068676
34817.07141518543,11.09045083598979
34837.11084444079,7.251448623531786
34857.150273696134,6.8248928221475635
34877.18970295148,5.971781219379118
34897.22913220683,8.531116027684455
34917.26856146218,8.957671829068676
34937.30799071753,7.678004424916009
34957.34741997287,12.370118240142459
34977.38684922823,7.251448623531786
34997.426278483574,8.531116027684455
35017.46570773892,8.957671829068676
35037.50513699427,10.237339233221345
35057.54456624962,7.678004424916009
35077.58399550497,10.237339233221345
35097.62342476031,6.8248928221475635
35117.66285401566,8.104560226300231
35137.70228327101,11.943562438758237
35157.74171252636,7.678004424916009
35177.78114178171,11.517006637374013
35197.82057103706,11.09045083598979
35217.86000029241,8.531116027684455
35237.89942954775,8.531116027684455
35257.9388588031,8.957671829068676
35277.97828805845,10.663895034605568
35298.0177173138,6.398337020763341
35318.05714656915,7.678004424916009
35338.0965758245,6.8248928221475635
35358.13600507985,7.678004424916009
35378.17543433519,7.678004424916009
35398.21486359054,9.810783431837123
35418.25429284589,5.971781219379118
35438.29372210124,10.663895034605568
35458.333151356586,11.517006637374013
35478.37258061193,7.251448623531786
35498.41200986729,9.3842276304529
35518.45143912263,6.8248928221475635
35538.49086837798,8.104560226300231
35558.53029763333,6.8248928221475635
35578.56972688868,8.531116027684455
35598.609156144026,8.957671829068676
35618.64858539937,8.104560226300231
35638.68801465473,6.8248928221475635
35658.72744391007,8.531116027684455
35678.76687316542,8.957671829068676
35698.806302420766,11.09045083598979
35718.84573167612,6.8248928221475635
35738.885160931466,6.8248928221475635
35758.92459018681,7.678004424916009
35778.964019442166,8.104560226300231
35799.00344869751,6.8248928221475635
35819.04287795286,11.09045083598979
35839.082307208206,5.545225417994895
35859.12173646356,10.237339233221345
35879.161165718906,11.517006637374013
35899.20059497425,8.531116027684455
35919.240024229606,5.971781219379118
35939.27945348495,8.957671829068676
35959.3188827403,6.398337020763341
35979.358311995646,8.104560226300231
35999.397741251,7.678004424916009
36019.437170506346,5.545225417994895
36039.47659976169,9.3842276304529
36059.51602901704,10.663895034605568
36079.55545827239,10.663895034605568
36099.59488752774,8.957671829068676
36119.634316783086,9.3842276304529
36139.67374603844,6.8248928221475635
36159.713175293786,8.104560226300231
36179.75260454913,5.971781219379118
36199.79203380448,6.8248928221475635
36219.83146305983,10.237339233221345
36239.87089231518,6.398337020763341
36259.910321570525,2.985890609689559
36279.94975082588,8.957671829068676
36299.989180081226,8.531116027684455
36320.02860933657,11.517006637374013
36340.06803859192,6.398337020763341
36360.10746784727,8.531116027684455
36380.14689710262,8.957671829068676
36400.186326357965,8.104560226300231
36420.22575561331,7.251448623531786
36440.265184868666,5.971781219379118
36460.30461412401,6.8248928221475635
36480.34404337936,6.398337020763341
36500.38347263471,8.957671829068676
36520.42290189006,10.663895034605568
36540.462331145405,9.810783431837123
36560.50176040075,7.251448623531786
36580.541189656105,6.398337020763341
36600.58061891145,5.118669616610672
36620.6200481668,8.957671829068676
36640.659477422145,8.957671829068676
36660.6989066775,7.678004424916009
36680.738335932845,5.118669616610672
36700.77776518819,8.531116027684455
36720.817194443545,6.398337020763341
36740.85662369889,7.678004424916009
36760.89605295424,9.810783431837123
36780.935482209585,5.971781219379118
36800.97491146494,5.971781219379118
36821.014340720285,5.545225417994895
36841.05376997563,8.531116027684455
36861.093199230985,6.8248928221475635
36881.13262848633,10.237339233221345
36901.17205774168,11.09045083598979
36921.211486997025,8.104560226300231
36941.25091625238,9.810783431837123
36961.290345507725,8.531116027684455
36981.32977476307,12.370118240142459
37001.36920401842,9.810783431837123
37021.40863327377,8.957671829068676
37041.44806252912,9.810783431837123
37061.487491784465,8.957671829068676
37081.52692103982,7.251448623531786
37101.566350295165,5.545225417994895
37121.60577955051,6.398337020763341
37141.64520880586,7.678004424916009
37161.68463806121,6.398337020763341
37181.72406731656,7.251448623531786
37201.763496571904,8.531116027684455
37221.80292582725,3.8390022124580043
37241.842355082605,5.545225417994895
37261.88178433795,8.957671829068676
37281.9212135933,12.370118240142459
37301.96064284865,7.678004424916009
37322.000072104,7.678004424916009
37342.039501359344,11.943562438758237
37362.07893061469,6.398337020763341
37382.118359870045,7.251448623531786
37402.15778912539,7.678004424916009
37422.19721838074,10.663895034605568
37442.23664763609,8.104560226300231
37462.27607689144,9.810783431837123
37482.315506146784,6.8248928221475635
37502.35493540213,7.251448623531786
37522.394364657484,8.957671829068676
37542.43379391283,6.8248928221475635
37562.47322316818,8.531116027684455
37582.512652423524,8.104560226300231
37602.55208167888,9.810783431837123
37622.591510934224,6.8248928221475635
37642.63094018957,8.104560226300231
37662.670369444924,8.531116027684455
37682.70979870027,5.545225417994895
37702.74922795562,7.678004424916009
37722.788657210964,6.398337020763341
37742.82808646632,11.09045083598979
37762.867515721664,6.8248928221475635
37782.90694497701,7.678004424916009
37802.946374232364,6.8248928221475635
37822.98580348771,5.971781219379118
37843.02523274306,6.398337020763341
37863.0646619984,8.957671829068676
37883.10409125376,11.517006637374013
37903.143520509104,9.3842276304529
37923.18294976445,8.957671829068676
37943.2223790198,5.118669616610672
37963.26180827515,5.118669616610672
37983.3012375305,5.118669616610672
38003.34066678584,6.8248928221475635
38023.3800960412,10.237339233221345
38043.419525296544,4.69211381522645
38063.45895455189,5.545225417994895
38083.49838380724,7.251448623531786
38103.53781306259,6.8248928221475635
38123.57724231794,5.545225417994895
38143.61667157328,8.531116027684455
38163.65610082863,11.943562438758237
38183.69553008398,7.678004424916009
38203.73495933933,6.8248928221475635
38223.77438859468,8.957671829068676
38243.81381785003,7.678004424916009
38263.85324710538,7.678004424916009
38283.89267636072,5.971781219379118
38303.93210561607,5.971781219379118
38323.97153487142,6.8248928221475635
38344.01096412677,9.3842276304529
38364.05039338212,10.237339233221345
38384.08982263747,6.398337020763341
38404.12925189282,9.810783431837123
38424.16868114816,4.69211381522645
38444.20811040351,5.971781219379118
38464.24753965886,8.957671829068676
38484.28696891421,9.810783431837123
38504.326398169556,7.678004424916009
38524.3658274249,9.3842276304529
38544.40525668026,7.251448623531786
38564.4446859356,9.810783431837123
38584.48411519095,4.265558013842227
38604.5235444463,5.971781219379118
38624.56297370165,6.8248928221475635
38644.602402956996,2.985890609689559
38664.64183221234,6.8248928221475635
38684.6812614677,5.118669616610672
38704.72069072304,2.985890609689559
38724.76011997839,7.251448623531786
38744.799549233736,5.118669616610672
38764.83897848909,6.398337020763341
38784.878407744436,4.265558013842227
38804.91783699978,8.957671829068676
38824.957266255136,5.118669616610672
38844.99669551048,7.251448623531786
38865.03612476583,3.4124464110737818
38885.075554021176,4.69211381522645
38905.11498327653,5.971781219379118
38925.154412531876,6.398337020763341
38945.19384178722,7.251448623531786
38965.233271042576,8.957671829068676
38985.27270029792,7.251448623531786
39005.31212955327,8.957671829068676
39025.351558808616,7.251448623531786
39045.39098806397,8.531116027684455
39065.430417319316,8.104560226300231
39085.46984657466,5.971781219379118
39105.50927583001,7.251448623531786
39125.54870508536,5.971781219379118
39145.58813434071,6.8248928221475635
39165.627563596056,8.957671829068676
39185.66699285141,5.118669616610672
39205.706422106756,5.118669616610672
39225.7458513621,4.69211381522645
39245.78528061745,6.398337020763341
39265.8247098728,9.3842276304529
39285.86413912815,9.810783431837123
39305.903568383495,6.398337020763341
39325.94299763885,8.531116027684455
39345.982426894196,5.545225417994895
39366.02185614954,6.398337020763341
39386.06128540489,6.398337020763341
39406.10071466024,5.971781219379118
39426.14014391559,9.3842276304529
39446.179573170935,7.251448623531786
39466.21900242628,7.678004424916009
39486.258431681636,9.3842276304529
39506.29786093698,4.69211381522645
39526.33729019233,8.104560226300231
39546.37671944768,5.971781219379118
39566.41614870303,5.118669616610672
39586.455577958375,5.545225417994895
39606.49500721372,7.678004424916009
39626.534436469075,6.8248928221475635
39646.57386572442,8.104560226300231
39666.61329497977,6.398337020763341
39686.652724235115,6.398337020763341
39706.69215349047,5.971781219379118
39726.731582745815,4.265558013842227
39746.77101200116,2.985890609689559
39766.810441256515,6.398337020763341
39786.84987051186,3.4124464110737818
39806.88929976721,7.251448623531786
39826.928729022555,5.545225417994895
39846.96815827791,3.4124464110737818
39867.007587533255,8.531116027684455
39887.0470167886,7.251448623531786
39907.086446043955,3.4124464110737818
39927.1258752993,2.559334808305336
39947.16530455465,5.545225417994895
39967.204733809995,6.8248928221475635
39987.24416306535,2.985890609689559
40007.283592320695,5.118669616610672
40027.32302157604,7.251448623531786
40047.36245083139,2.1327790069211137
40067.40188008674,4.265558013842227
40087.44130934209,4.265558013842227
40107.480738597435,4.265558013842227
40127.52016785279,4.69211381522645
40147.559597108135,3.4124464110737818
40167.59902636348,6.8248928221475635
40187.63845561883,6.8248928221475635
40207.67788487418,6.8248928221475635
40227.71731412953,5.971781219379118
40247.756743384874,3.8390022124580043
40267.79617264022,3.8390022124580043
40287.835601895575,5.545225417994895
40307.87503115092,4.265558013842227
40327.91446040627,5.118669616610672
40347.95388966162,4.265558013842227
40367.99331891697,5.118669616610672
40388.032748172314,4.265558013842227
40408.07217742766,5.545225417994895
40428.111606683015,6.398337020763341
40448.15103593836,2.985890609689559
40468.19046519371,8.104560226300231
40488.22989444906,4.265558013842227
40508.26932370441,5.118669616610672
40528.308752959754,4.265558013842227
40548.3481822151,3.4124464110737818
40568.387611470454,5.118669616610672
40588.4270407258,5.118669616610672
40608.46646998115,5.545225417994895
40628.505899236494,6.8248928221475635
40648.54532849185,5.118669616610672
40668.584757747194,4.69211381522645
40688.62418700254,7.678004424916009
40708.663616257894,7.251448623531786
40728.70304551324,3.4124464110737818
40748.74247476859,7.251448623531786
40768.781904023934,3.8390022124580043
40788.82133327929,2.985890609689559
40808.860762534634,5.118669616610672
40828.90019178998,4.69211381522645
40848.939621045334,1.279667404152668
40868.97905030068,5.971781219379118
40889.01847955603,5.545225417994895
40909.05790881137,2.985890609689559
40929.09733806673,2.1327790069211137
40949.136767322074,2.559334808305336
40969.17619657742,4.69211381522645
40989.21562583277,1.7062232055368909
41009.25505508812,2.985890609689559
