Energy (keV),Intensity (CPS)
-10.84348548942058,0.0
9.194199356502942,0.0
29.231884202426464,0.0
49.269569048349986,0.0
69.30725389427352,0.0
89.34493874019702,0.0
109.38262358612056,0.0
129.42030843204407,0.0
149.4579932779676,0.0
169.49567812389114,0.0
189.53336296981465,0.0
209.57104781573815,0.0
229.6087326616617,0.0
249.64641750758523,0.41088385153454093
269.6841023535087,0.41088385153454093
289.72178719943224,0.41088385153454093
309.7594720453558,0.41088385153454093
329.7971568912793,1.2326515546036227
349.83484173720285,0.8217677030690819
369.87252658312633,3.6979546638108682
389.91021142904987,4.1088385153454094
409.9478962749734,6.985025476087196
429.9855811208969,9.450328585294441
450.0232659668204,9.450328585294441
470.06095081274395,9.450328585294441
490.0986356586675,11.504747842967147
510.136320504591,20.544192576727045
530.1740053505146,12.737399397570769
550.211690196438,16.024470209847095
570.2493750423615,11.093863991432606
590.2870598882851,24.653031092072457
610.3247447342086,28.761869607417864
630.3624295801321,20.133308725192506
650.4001144260557,18.900657170588882
670.4377992719792,18.0788894675198
690.4754841179027,20.133308725192506
710.5131689638263,27.940101904348783
730.5508538097497,27.940101904348783
750.5885386556732,25.474798795141538
770.6262235015968,25.474798795141538
790.6639083475203,27.1183342012797
810.7015931934438,24.242147240537914
830.7392780393674,33.28159197429782
850.7769628852909,31.227172716625113
870.8146477312143,29.583637310486946
890.8523325771379,27.940101904348783
910.8900174230614,29.99452116202149
930.927702268985,30.81628886509057
950.9653871149085,26.707450349745162
971.003071960832,23.831263389003375
991.0407568067556,28.761869607417864
1011.0784416526791,24.242147240537914
1031.1161264986026,28.761869607417864
1051.153811344526,34.92512738043598
1071.1914961904497,32.45982427122873
1091.2291810363731,32.870708122763276
1111.2668658822965,25.885682646676077
1131.3045507282202,29.583637310486946
1151.3422355741436,26.29656649821062
1171.3799204200673,34.51424352890144
1191.4176052659907,22.59861183439975
1211.4552901119143,30.81628886509057
1231.4929749578378,27.940101904348783
1251.5306598037614,27.940101904348783
1271.5683446496848,27.1183342012797
1291.6060294956083,26.29656649821062
1311.643714341532,29.583637310486946
1331.6813991874553,29.583637310486946
1351.719084033379,27.940101904348783
1371.7567688793024,21.77684413133067
1391.794453725226,28.350985755883325
1411.8321385711495,25.063914943606996
1431.8698234170731,23.831263389003375
1451.9075082629965,22.59861183439975
1471.94519310892,28.350985755883325
1491.9828779548436,23.009495685934294
1512.020562800767,29.99452116202149
1532.0582476466907,24.653031092072457
1552.095932492614,20.133308725192506
1572.1336173385378,22.187727982865212
1592.1713021844612,19.722424873657964
1612.2089870303846,21.365960279796127
1632.2466718763083,24.242147240537914
1652.2843567222317,18.489773319054343
1672.3220415681553,29.583637310486946
1692.3597264140788,19.311541022123425
1712.3974112600024,20.955076428261588
1732.4350961059258,20.955076428261588
1752.4727809518492,23.009495685934294
1772.510465797773,18.900657170588882
1792.5481506436963,18.489773319054343
1812.58583548962,18.489773319054343
1832.6235203355434,23.420379537468833
1852.661205181467,19.311541022123425
1872.6988900273905,18.0788894675198
1892.736574873314,18.0788894675198
1912.7742597192375,19.311541022123425
1932.811944565161,20.955076428261588
1952.8496294110846,22.187727982865212
1972.887314257008,23.009495685934294
1992.9249991029317,19.311541022123425
2012.962683948855,15.613586358312556
2033.0003687947788,21.77684413133067
2053.038053640702,13.14828324910531
2073.0757384866256,19.722424873657964
2093.113423332549,15.202702506778014
2113.1511081784724,19.722424873657964
2133.188793024396,16.846237912916177
2153.2264778703197,14.791818655243473
2173.264162716243,18.0788894675198
2193.3018475621666,13.970050952174391
2213.3395324080902,18.0788894675198
2233.3772172540134,18.489773319054343
2253.414902099937,16.435354061381638
2273.4525869458607,15.202702506778014
2293.4902717917844,13.55916710063985
2313.5279566377076,17.25712176445072
2333.565641483631,18.0788894675198
2353.603326329555,19.311541022123425
2373.6410111754785,18.0788894675198
2393.6786960214017,15.613586358312556
2413.7163808673254,16.435354061381638
2433.754065713249,16.435354061381638
2453.791750559172,17.668005615985262
2473.829435405096,11.504747842967147
2493.8671202510195,16.846237912916177
2513.904805096943,12.737399397570769
2533.9424899428664,15.202702506778014
2553.98017478879,15.202702506778014
2574.0178596347137,12.737399397570769
2594.055544480637,13.14828324910531
2614.0932293265605,13.970050952174391
2634.130914172484,11.504747842967147
2654.168599018408,17.25712176445072
2674.206283864331,11.915631694501688
2694.2439687102546,10.272096288363523
2714.2816535561783,11.504747842967147
2734.3193384021015,9.861212436828982
2754.357023248025,11.504747842967147
2774.394708093949,12.326515546036228
2794.4323929398724,12.737399397570769
2814.4700777857956,11.504747842967147
2834.5077626317193,18.0788894675198
2854.545447477643,14.380934803708932
2874.5831323235666,10.682980139898063
2894.62081716949,11.915631694501688
2914.6585020154134,11.504747842967147
2934.696186861337,13.14828324910531
2954.7338717072603,16.435354061381638
2974.771556553184,9.0394447337599
2994.8092413991076,14.791818655243473
3014.846926245031,9.0394447337599
3034.8846110909544,11.093863991432606
3054.922295936878,8.62856088222536
3074.9599807828017,6.985025476087196
3094.997665628725,10.272096288363523
3115.0353504746486,11.093863991432606
3135.073035320572,8.217677030690819
3155.110720166496,9.450328585294441
3175.148405012419,8.62856088222536
3195.1860898583427,11.504747842967147
3215.2237747042664,9.450328585294441
3235.2614595501896,9.861212436828982
3255.299144396113,7.3959093276217365
3275.336829242037,6.985025476087196
3295.3745140879605,8.62856088222536
3315.4121989338837,8.217677030690819
3335.4498837798074,7.3959093276217365
3355.487568625731,9.450328585294441
3375.525253471654,12.737399397570769
3395.562938317578,9.861212436828982
3415.6006231635015,6.985025476087196
3435.638308009425,6.163257773018114
3455.6759928553483,9.861212436828982
3475.713677701272,8.217677030690819
3495.7513625471956,8.62856088222536
3515.789047393119,5.752373921483573
3535.8267322390425,6.985025476087196
3555.864417084966,4.930606218414491
3575.90210193089,6.574141624552655
3595.939786776813,4.1088385153454094
3615.9774716227366,5.752373921483573
3636.0151564686603,7.806793179156278
3656.052841314584,6.574141624552655
3676.090526160507,6.574141624552655
3696.128211006431,4.51972236687995
3716.1658958523544,6.574141624552655
3736.2035806982776,7.806793179156278
3756.2412655442013,8.62856088222536
3776.278950390125,5.341490069949032
3796.3166352360486,5.341490069949032
3816.3543200819718,4.1088385153454094
3836.3920049278954,6.163257773018114
3856.429689773819,6.574141624552655
3876.4673746197423,2.0544192576727047
3896.505059465666,4.1088385153454094
3916.5427443115896,5.341490069949032
3936.580429157513,6.163257773018114
3956.6181140034364,5.341490069949032
3976.65579884936,1.6435354061381637
3996.6934836952837,5.752373921483573
4016.731168541207,3.2870708122763275
4036.7688533871305,2.8761869607417867
4056.806538233054,4.51972236687995
4076.844223078978,2.0544192576727047
4096.8819079249015,2.4653031092072455
4116.919592770825,3.6979546638108682
4136.957277616749,3.2870708122763275
4156.994962462672,2.4653031092072455
4177.032647308596,2.4653031092072455
4197.070332154519,3.6979546638108682
4217.1080170004425,2.4653031092072455
4237.145701846366,2.4653031092072455
4257.18338669229,2.8761869607417867
4277.221071538213,5.341490069949032
4297.258756384137,2.8761869607417867
4317.296441230061,2.0544192576727047
4337.3341260759835,1.6435354061381637
4357.371810921907,3.6979546638108682
4377.409495767831,4.1088385153454094
4397.447180613754,3.2870708122763275
4417.484865459678,5.341490069949032
4437.522550305602,11.915631694501688
4457.560235151525,12.326515546036228
4477.597919997448,19.311541022123425
4497.635604843372,24.242147240537914
4517.673289689295,15.613586358312556
4537.710974535219,23.009495685934294
4557.748659381143,15.613586358312556
4577.786344227066,9.450328585294441
4597.82402907299,4.51972236687995
4617.861713918914,2.0544192576727047
4637.899398764836,2.8761869607417867
4657.93708361076,2.0544192576727047
4677.974768456684,2.4653031092072455
4698.012453302607,2.0544192576727047
4718.050138148531,2.0544192576727047
4738.087822994455,2.0544192576727047
4758.125507840378,3.6979546638108682
4778.163192686301,1.2326515546036227
4798.200877532225,4.1088385153454094
4818.238562378148,1.6435354061381637
4838.276247224072,4.930606218414491
4858.313932069996,4.1088385153454094
4878.351616915919,3.6979546638108682
4898.389301761843,4.51972236687995
4918.426986607766,6.163257773018114
4938.464671453689,5.341490069949032
4958.502356299613,5.341490069949032
4978.540041145537,2.0544192576727047
4998.57772599146,3.6979546638108682
5018.615410837384,2.4653031092072455
5038.653095683308,2.4653031092072455
5058.69078052923,1.2326515546036227
5078.728465375154,1.6435354061381637
5098.766150221078,0.8217677030690819
5118.803835067001,0.41088385153454093
5138.841519912925,0.8217677030690819
5158.879204758849,1.2326515546036227
5178.916889604772,2.0544192576727047
5198.954574450695,2.8761869607417867
5218.992259296619,0.41088385153454093
5239.029944142542,0.8217677030690819
5259.067628988466,0.8217677030690819
5279.10531383439,1.6435354061381637
5299.142998680313,1.6435354061381637
5319.180683526237,2.4653031092072455
5339.21836837216,1.6435354061381637
5359.256053218083,2.8761869607417867
5379.293738064007,2.0544192576727047
5399.331422909931,1.6435354061381637
5419.369107755854,4.1088385153454094
5439.406792601778,4.1088385153454094
5459.4444774477015,4.930606218414491
5479.482162293624,3.2870708122763275
5499.519847139548,2.0544192576727047
5519.5575319854715,1.2326515546036227
5539.595216831395,0.41088385153454093
5559.632901677319,1.6435354061381637
5579.6705865232425,2.0544192576727047
5599.708271369166,0.8217677030690819
5619.745956215089,0.8217677030690819
5639.7836410610125,1.2326515546036227
5659.821325906936,1.2326515546036227
5679.85901075286,1.2326515546036227
5699.8966955987835,1.6435354061381637
5719.934380444707,2.4653031092072455
5739.972065290631,0.41088385153454093
5760.009750136554,2.4653031092072455
5780.047434982477,0.41088385153454093
5800.085119828401,0.8217677030690819
5820.1228046743245,1.6435354061381637
5840.160489520248,0.41088385153454093
5860.198174366172,1.2326515546036227
5880.235859212095,2.4653031092072455
5900.273544058019,2.4653031092072455
5920.311228903942,1.6435354061381637
5940.3489137498655,2.4653031092072455
5960.386598595789,3.2870708122763275
5980.424283441713,2.0544192576727047
6000.461968287636,0.8217677030690819
6020.49965313356,2.8761869607417867
6040.537337979484,0.8217677030690819
6060.575022825406,2.0544192576727047
6080.61270767133,0.0
6100.650392517254,0.8217677030690819
6120.688077363177,0.8217677030690819
6140.725762209101,0.8217677030690819
6160.763447055025,2.0544192576727047
6180.801131900948,0.8217677030690819
6200.838816746871,0.8217677030690819
6220.876501592795,2.0544192576727047
6240.914186438718,1.2326515546036227
6260.951871284642,2.0544192576727047
6280.989556130566,2.4653031092072455
6301.027240976489,2.8761869607417867
6321.064925822413,4.51972236687995
6341.102610668336,4.930606218414491
6361.140295514259,7.806793179156278
6381.177980360183,6.985025476087196
6401.215665206107,7.806793179156278
6421.25335005203,6.985025476087196
6441.291034897954,10.682980139898063
6461.328719743878,6.574141624552655
6481.3664045898,4.1088385153454094
6501.404089435724,4.51972236687995
6521.441774281648,0.8217677030690819
6541.479459127571,1.6435354061381637
6561.517143973495,1.2326515546036227
6581.554828819419,0.41088385153454093
6601.592513665342,0.8217677030690819
6621.630198511265,0.8217677030690819
6641.667883357189,2.4653031092072455
6661.705568203112,1.6435354061381637
6681.743253049036,0.0
6701.78093789496,0.8217677030690819
6721.818622740883,2.4653031092072455
6741.856307586807,1.2326515546036227
6761.89399243273,1.2326515546036227
6781.931677278653,0.8217677030690819
6801.969362124577,1.2326515546036227
6822.007046970501,0.8217677030690819
6842.044731816424,2.0544192576727047
6862.082416662348,2.0544192576727047
6882.120101508272,2.0544192576727047
6902.157786354194,2.4653031092072455
6922.195471200118,0.41088385153454093
6942.233156046042,1.6435354061381637
6962.270840891965,2.4653031092072455
6982.308525737889,1.6435354061381637
7002.3462105838125,2.8761869607417867
7022.383895429736,2.0544192576727047
7042.421580275659,2.0544192576727047
7062.459265121583,2.4653031092072455
7082.496949967506,1.6435354061381637
7102.53463481343,0.8217677030690819
7122.5723196593535,1.6435354061381637
7142.610004505277,2.0544192576727047
7162.647689351201,0.8217677030690819
7182.6853741971245,0.8217677030690819
7202.723059043047,1.2326515546036227
7222.760743888971,0.8217677030690819
7242.7984287348945,2.0544192576727047
7262.836113580818,1.2326515546036227
7282.873798426742,0.0
7302.9114832726655,2.0544192576727047
7322.949168118589,1.6435354061381637
7342.986852964512,0.8217677030690819
7363.0245378104355,3.6979546638108682
7383.062222656359,1.6435354061381637
7403.099907502283,2.4653031092072455
7423.137592348206,1.2326515546036227
7443.17527719413,0.8217677030690819
7463.212962040054,3.6979546638108682
7483.2506468859765,2.4653031092072455
7503.2883317319,2.8761869607417867
7523.326016577824,2.0544192576727047
7543.363701423747,2.0544192576727047
7563.401386269671,3.2870708122763275
7583.439071115595,2.0544192576727047
7603.476755961518,2.8761869607417867
7623.514440807441,1.2326515546036227
7643.552125653365,1.2326515546036227
7663.589810499288,2.8761869607417867
7683.627495345212,0.8217677030690819
7703.665180191136,2.4653031092072455
7723.702865037059,2.8761869607417867
7743.740549882983,2.8761869607417867
7763.778234728906,4.1088385153454094
7783.815919574829,4.1088385153454094
7803.853604420753,4.930606218414491
7823.891289266677,4.930606218414491
7843.9289741126,2.4653031092072455
7863.966658958524,3.6979546638108682
7884.004343804448,7.3959093276217365
7904.04202865037,9.861212436828982
7924.079713496294,13.970050952174391
7944.117398342218,23.420379537468833
7964.155083188141,28.350985755883325
7984.192768034065,49.716946035679456
8004.230452879989,54.647552254093945
8024.268137725912,66.56318394859564
8044.305822571835,70.2611386124065
8064.343507417759,62.86522928478476
8084.381192263682,53.82578455102486
8104.418877109606,43.55368826266134
8124.45656195553,32.870708122763276
8144.494246801453,20.133308725192506
8164.531931647377,18.489773319054343
8184.5696164933,6.985025476087196
8204.607301339223,6.163257773018114
8224.644986185147,4.1088385153454094
8244.68267103107,6.163257773018114
8264.720355876994,3.2870708122763275
8284.758040722918,2.0544192576727047
8304.795725568842,3.6979546638108682
8324.833410414765,2.8761869607417867
8344.871095260689,4.930606218414491
8364.908780106613,4.1088385153454094
8384.946464952536,3.6979546638108682
8404.984149798458,5.752373921483573
8425.021834644382,3.6979546638108682
8445.059519490305,10.682980139898063
8465.097204336229,14.380934803708932
8485.134889182153,26.707450349745162
8505.172574028076,41.08838515345409
8525.210258874,69.02848705780288
8545.247943719924,110.93863991432605
8565.285628565847,170.10591453529995
8585.32331341177,212.01606739182313
8605.360998257695,267.0745034974516
8625.398683103618,274.0595289735388
8645.436367949542,262.55478113057166
8665.474052795465,244.8867755145864
8685.511737641387,186.13038474514704
8705.549422487311,145.86376729476203
8725.587107333235,103.95361443823886
8745.624792179158,68.20671935473379
8765.662477025082,34.92512738043598
8785.700161871006,20.955076428261588
8805.73784671693,16.435354061381638
8825.775531562853,12.737399397570769
8845.813216408776,16.435354061381638
8865.8509012547,14.791818655243473
8885.888586100624,18.900657170588882
8905.926270946547,17.25712176445072
8925.963955792471,13.14828324910531
8946.001640638395,13.970050952174391
8966.039325484317,12.737399397570769
8986.07701033024,8.217677030690819
9006.114695176164,3.2870708122763275
9026.152380022088,4.51972236687995
9046.190064868011,2.4653031092072455
9066.227749713935,2.0544192576727047
9086.265434559858,3.2870708122763275
9106.303119405782,1.2326515546036227
9126.340804251706,2.0544192576727047
9146.37848909763,0.8217677030690819
9166.416173943553,0.8217677030690819
9186.453858789477,2.4653031092072455
9206.4915436354,1.2326515546036227
9226.529228481324,1.2326515546036227
9246.566913327248,0.8217677030690819
9266.60459817317,2.4653031092072455
9286.642283019093,4.1088385153454094
9306.679967865017,5.752373921483573
9326.71765271094,6.574141624552655
9346.755337556864,6.985025476087196
9366.793022402788,12.326515546036228
9386.830707248711,12.326515546036228
9406.868392094635,14.791818655243473
9426.906076940559,15.613586358312556
9446.943761786482,23.420379537468833
9466.981446632406,25.063914943606996
9487.01913147833,32.45982427122873
9507.056816324253,29.172753458952407
9527.094501170177,39.44484974731593
9547.132186016099,50.12782988721399
9567.169870862022,52.1822491448867
9587.207555707946,41.49926900498863
9607.24524055387,45.1972236687995
9627.282925399793,33.692475825832354
9647.320610245717,27.1183342012797
9667.35829509164,19.311541022123425
9687.395979937564,11.915631694501688
9707.433664783488,7.3959093276217365
9727.471349629412,8.217677030690819
9747.509034475335,2.4653031092072455
9767.546719321259,2.0544192576727047
9787.584404167183,1.6435354061381637
9807.622089013106,1.6435354061381637
9827.659773859028,0.8217677030690819
9847.697458704952,2.4653031092072455
9867.735143550875,2.8761869607417867
9887.772828396799,1.6435354061381637
9907.810513242723,0.41088385153454093
9927.848198088646,2.4653031092072455
9947.88588293457,2.4653031092072455
9967.923567780494,1.2326515546036227
9987.961252626417,2.4653031092072455
10007.998937472341,1.2326515546036227
10028.036622318265,2.0544192576727047
10048.074307164188,2.0544192576727047
10068.111992010112,0.8217677030690819
10088.149676856036,1.2326515546036227
10108.187361701957,1.6435354061381637
10128.225046547881,1.6435354061381637
10148.262731393805,1.2326515546036227
10168.300416239728,2.0544192576727047
10188.338101085652,0.41088385153454093
10208.375785931576,3.6979546638108682
10228.4134707775,4.51972236687995
10248.451155623423,1.6435354061381637
10268.488840469347,3.2870708122763275
10288.52652531527,2.8761869607417867
10308.564210161194,2.0544192576727047
10328.601895007117,2.4653031092072455
10348.639579853041,1.2326515546036227
10368.677264698965,4.51972236687995
10388.714949544888,3.2870708122763275
10408.75263439081,3.2870708122763275
10428.790319236734,2.4653031092072455
10448.828004082658,3.2870708122763275
10468.865688928581,2.0544192576727047
10488.903373774505,4.51972236687995
10508.941058620429,2.4653031092072455
10528.978743466352,6.574141624552655
10549.016428312276,5.752373921483573
10569.0541131582,8.217677030690819
10589.091798004123,6.574141624552655
10609.129482850047,13.55916710063985
10629.16716769597,13.970050952174391
10649.204852541894,20.544192576727045
10669.242537387818,40.26661745038501
10689.28022223374,55.05843610562849
10709.317907079663,72.72644172161374
10729.355591925587,92.03798274373717
10749.39327677151,127.78487782724223
10769.430961617434,163.5317729107473
10789.468646463358,195.58071333044148
10809.506331309281,219.00109286791033
10829.544016155205,211.19429968875403
10849.581701001129,237.9017500384992
10869.619385847052,221.05551212558302
10889.657070692976,177.5018238629217
10909.6947555389,128.6066455303113
10929.732440384823,107.24068525051518
10949.770125230747,78.88969949463186
10969.807810076669,50.949597590283076
10989.845494922592,28.350985755883325
11009.883179768516,18.900657170588882
11029.92086461444,13.970050952174391
11049.958549460363,7.806793179156278
11069.996234306287,9.861212436828982
11090.03391915221,8.217677030690819
11110.071603998134,4.1088385153454094
11130.109288844058,4.1088385153454094
11150.146973689982,5.752373921483573
11170.184658535905,4.51972236687995
11190.222343381829,1.6435354061381637
11210.260028227753,2.4653031092072455
11230.297713073676,4.930606218414491
11250.335397919598,2.4653031092072455
11270.373082765522,4.1088385153454094
11290.410767611445,4.930606218414491
11310.448452457369,4.930606218414491
11330.486137303293,4.1088385153454094
11350.523822149216,5.341490069949032
11370.56150699514,5.752373921483573
11390.599191841064,8.62856088222536
11410.636876686987,4.930606218414491
11430.674561532911,5.341490069949032
11450.712246378835,4.930606218414491
11470.749931224758,7.3959093276217365
11490.787616070682,8.62856088222536
11510.825300916606,6.574141624552655
11530.86298576253,5.341490069949032
11550.900670608451,9.0394447337599
11570.938355454375,5.341490069949032
11590.976040300298,4.930606218414491
11611.013725146222,9.0394447337599
11631.051409992146,8.62856088222536
11651.08909483807,9.0394447337599
11671.126779683993,11.915631694501688
11691.164464529917,14.791818655243473
11711.20214937584,14.380934803708932
11731.239834221764,12.737399397570769
11751.277519067688,11.093863991432606
11771.315203913611,11.093863991432606
11791.352888759535,11.504747842967147
11811.390573605458,11.093863991432606
11831.42825845138,7.806793179156278
11851.465943297304,6.985025476087196
11871.503628143228,7.806793179156278
11891.541312989151,9.0394447337599
11911.578997835075,9.861212436828982
11931.616682680999,7.806793179156278
11951.654367526922,10.272096288363523
11971.692052372846,9.0394447337599
11991.72973721877,9.861212436828982
12011.767422064693,10.272096288363523
12031.805106910617,9.861212436828982
12051.84279175654,9.0394447337599
12071.880476602464,8.62856088222536
12091.918161448388,8.62856088222536
12111.95584629431,10.272096288363523
12131.993531140233,9.861212436828982
12152.031215986157,7.3959093276217365
12172.06890083208,9.450328585294441
12192.106585678004,10.272096288363523
12212.144270523928,10.682980139898063
12232.181955369851,11.093863991432606
12252.219640215775,11.504747842967147
12272.257325061699,14.791818655243473
12292.295009907622,11.504747842967147
12312.332694753546,11.915631694501688
12332.37037959947,9.450328585294441
12352.408064445393,14.791818655243473
12372.445749291317,15.202702506778014
12392.483434137239,15.613586358312556
12412.521118983163,16.846237912916177
12432.558803829086,18.489773319054343
12452.59648867501,18.0788894675198
12472.634173520933,16.846237912916177
12492.671858366857,19.722424873657964
12512.70954321278,21.77684413133067
12532.747228058704,25.474798795141538
12552.784912904628,29.583637310486946
12572.822597750552,21.365960279796127
12592.860282596475,21.365960279796127
12612.897967442399,32.04894041969419
12632.935652288323,34.103359677366896
12652.973337134246,33.692475825832354
12673.011021980168,33.692475825832354
12693.048706826092,33.28159197429782
12713.086391672015,40.26661745038501
12733.12407651794,30.405405013556027
12753.161761363863,38.21219819271231
12773.199446209786,29.583637310486946
12793.23713105571,30.81628886509057
12813.274815901634,32.870708122763276
12833.312500747557,50.12782988721399
12853.350185593481,64.50876469092293
12873.387870439405,70.2611386124065
12893.425555285328,106.4189175474461
12913.463240131252,134.3590194517949
12933.500924977176,175.03652075371443
12953.5386098231,187.36303629975066
12973.576294669021,241.59970470231008
12993.613979514945,263.7874326851753
13013.651664360868,273.2377612704697
13033.689349206792,253.51533639681176
13053.727034052716,241.59970470231008
13073.76471889864,206.6745773218741
13093.802403744563,163.12088905921274
13113.840088590487,139.70050952174392
13133.87777343641,113.81482687506784
13153.915458282334,87.51826037685721
13173.953143128258,68.20671935473379
13193.990827974181,61.2216938786466
13214.028512820105,62.04346158171568
13234.066197666029,54.647552254093945
13254.10388251195,52.59313299642124
13274.141567357874,41.49926900498863
13294.179252203798,32.45982427122873
13314.216937049721,38.21219819271231
13334.254621895645,35.74689508350506
13354.292306741569,36.97954663810869
13374.329991587492,39.85573359885047
13394.367676433416,39.033965895781385
13414.40536127934,36.568662786574144
13434.443046125263,30.405405013556027
13454.480730971187,43.96457211419588
13474.51841581711,39.85573359885047
13494.556100663034,33.28159197429782
13514.593785508958,32.04894041969419
13534.63147035488,32.45982427122873
13554.669155200803,27.1183342012797
13574.706840046727,31.63805656815965
13594.74452489265,35.336011231970524
13614.782209738574,29.583637310486946
13634.819894584498,24.653031092072457
13654.857579430422,31.63805656815965
13674.895264276345,29.99452116202149
13694.932949122269,27.529218052814244
13714.970633968192,28.761869607417864
13735.008318814116,31.227172716625113
13755.04600366004,31.63805656815965
13775.083688505963,25.885682646676077
13795.121373351887,32.04894041969419
13815.159058197809,30.81628886509057
13835.196743043733,29.583637310486946
13855.234427889656,35.74689508350506
13875.27211273558,29.99452116202149
13895.309797581504,30.405405013556027
13915.347482427427,31.63805656815965
13935.38516727335,38.62308204424685
13955.422852119274,35.336011231970524
13975.460536965198,37.39043048964322
13995.498221811122,35.74689508350506
14015.535906657045,39.85573359885047
14035.573591502969,43.55368826266134
14055.611276348893,44.78633981726496
14075.648961194816,42.731920559592254
14095.686646040738,51.771365293352154
14115.724330886662,52.1822491448867
14135.762015732585,62.86522928478476
14155.79970057851,58.756390769439356
14175.837385424433,58.756390769439356
14195.875070270356,55.46931995716302
14215.91275511628,50.12782988721399
14235.950439962204,48.073410629541286
14255.988124808127,48.89517833261037
14276.025809654051,42.32103670805772
14296.063494499975,41.910152856523176
14316.101179345898,35.336011231970524
14336.138864191822,37.39043048964322
14356.176549037746,41.49926900498863
14376.21423388367,37.39043048964322
14396.251918729591,32.45982427122873
14416.289603575515,43.55368826266134
14436.327288421438,43.96457211419588
14456.364973267362,43.96457211419588
14476.402658113286,36.1577789350396
14496.44034295921,39.85573359885047
14516.478027805133,38.21219819271231
14536.515712651057,47.25164292647221
14556.55339749698,41.910152856523176
14576.591082342904,43.96457211419588
14596.628767188828,40.677501301919555
14616.666452034751,46.840759074937665
14636.704136880675,44.78633981726496
14656.741821726599,47.25164292647221
14676.77950657252,51.771365293352154
14696.817191418444,49.30606218414491
14716.854876264368,47.66252677800675
14736.892561110291,49.716946035679456
14756.930245956215,50.12782988721399
14776.967930802139,48.48429448107583
14797.005615648062,49.30606218414491
14817.043300493986,46.42987522340312
14837.08098533991,52.59313299642124
14857.118670185833,48.073410629541286
14877.156355031757,50.538713738748534
14897.19403987768,59.98904232404298
14917.231724723604,53.00401684795578
14937.269409569528,51.36048144181762
14957.30709441545,55.46931995716302
14977.344779261373,47.25164292647221
14997.382464107297,53.414900699490325
15017.42014895322,53.414900699490325
15037.457833799144,50.949597590283076
15057.495518645068,50.949597590283076
15077.533203490992,62.04346158171568
15097.570888336915,64.50876469092293
15117.608573182839,55.46931995716302
15137.646258028763,65.74141624552655
15157.683942874686,75.60262868235553
15177.72162772061,74.36997712775191
15197.759312566533,91.21621504066809
15217.796997412457,84.23118956458089
15237.834682258379,81.76588645537365
15257.872367104303,95.73593740754804
15277.910051950226,85.05295726764997
15297.94773679615,85.87472497071906
15317.985421642074,91.21621504066809
15338.023106487997,76.01351253389008
15358.06079133392,72.3155578700792
15378.098476179845,62.86522928478476
15398.136161025768,75.191744830821
15418.173845871692,66.56318394859564
15438.211530717615,58.756390769439356
15458.24921556354,61.2216938786466
15478.286900409463,67.38495165166471
15498.324585255386,53.414900699490325
15518.36227010131,57.11285536330119
15538.399954947232,66.15230009706109
15558.437639793156,71.08290631547558
15578.47532463908,70.67202246394105
15598.513009485003,83.82030571304635
15618.550694330926,77.2461640884937
15638.58837917685,83.82030571304635
15658.626064022774,89.16179578299538
15678.663748868697,98.61212436828983
15698.701433714621,104.77538214130794
15718.739118560545,107.65156910204972
15738.776803406468,97.3794728136862
15758.814488252392,92.44886659527171
15778.852173098316,99.84477592289345
15798.88985794424,87.10737652532268
15818.927542790161,96.14682125908257
15838.965227636085,90.80533118913354
15859.002912482008,89.98356348606447
15879.040597327932,77.2461640884937
15899.078282173856,78.47881564309732
15919.11596701978,73.13732557314829
15939.153651865703,71.90467401854467
15959.191336711627,65.330532393992
15979.22902155755,68.20671935473379
15999.266706403474,62.86522928478476
16019.304391249398,74.36997712775191
16039.342076095321,64.09788083938838
16059.379760941245,61.63257773018114
16079.417445787169,72.72644172161374
16099.45513063309,66.56318394859564
16119.492815479014,68.20671935473379
16139.530500324938,79.71146719770094
16159.568185170861,56.70197151176665
16179.605870016785,71.08290631547558
16199.643554862709,69.85025476087196
16219.681239708632,65.330532393992
16239.718924554556,76.42439638542461
16259.75660940048,74.78086097928644
16279.794294246403,69.02848705780288
16299.831979092327,72.3155578700792
16319.86966393825,68.20671935473379
16339.907348784174,82.99853800997727
16359.945033630098,80.94411875230456
16379.98271847602,63.686996987853846
16400.02040332194,70.2611386124065
16420.058088167865,70.67202246394105
16440.09577301379,85.05295726764997
16460.133457859713,76.42439638542461
16480.171142705636,69.02848705780288
16500.20882755156,69.02848705780288
16520.246512397483,78.47881564309732
16540.284197243407,73.13732557314829
16560.32188208933,75.60262868235553
16580.359566935254,72.3155578700792
16600.397251781178,82.58765415844273
16620.4349366271,69.85025476087196
16640.472621473025,85.87472497071906
16660.51030631895,80.53323490077003
16680.547991164873,80.53323490077003
16700.585676010796,72.3155578700792
16720.62336085672,76.83528023695915
16740.661045702644,84.64207341611544
16760.698730548567,80.12235104923548
16780.73641539449,72.3155578700792
16800.774100240415,81.76588645537365
16820.811785086335,92.03798274373717
16840.84946993226,80.53323490077003
16860.887154778182,85.87472497071906
16880.924839624106,82.17677030690818
16900.96252447003,82.17677030690818
16921.000209315953,92.03798274373717
16941.037894161876,79.71146719770094
16961.0755790078,85.87472497071906
16981.113263853724,84.64207341611544
17001.150948699647,82.58765415844273
17021.18863354557,80.12235104923548
17041.226318391495,78.47881564309732
17061.26400323742,80.12235104923548
17081.301688083342,84.64207341611544
17101.339372929266,79.3005833461664
17121.37705777519,88.3400280799263
17141.414742621113,89.98356348606447
17161.452427467037,91.62709889220262
17181.49011231296,84.23118956458089
17201.527797158884,94.09240200140988
17221.565482004808,99.84477592289345
17241.60316685073,88.3400280799263
17261.640851696655,101.07742747749707
17281.67853654258,94.91416970447895
17301.716221388502,124.4978070149659
17321.753906234426,108.88422065665334
17341.79159108035,121.21073620268957
17361.829275926273,133.94813560026034
17381.866960772193,147.09641884936565
17401.904645618117,130.661064787984
17421.94233046404,145.04199959169296
17441.980015309964,138.87874181867483
17462.017700155888,146.68553499783113
17482.05538500181,144.6311157401584
17502.093069847735,142.98758033402024
17522.13075469366,125.73045856956952
17542.168439539582,128.6066455303113
17562.206124385506,130.661064787984
17582.24380923143,114.22571072660239
17602.281494077353,124.4978070149659
17622.319178923277,126.5522262726386
17642.3568637692,119.56720079655142
17662.394548615124,94.91416970447895
17682.432233461048,90.394447337599
17702.46991830697,106.82980139898065
17722.507603152895,107.24068525051518
17742.54528799882,110.11687221125698
17762.582972844742,98.61212436828983
17782.620657690666,98.20124051675528
17802.65834253659,94.09240200140988
17822.696027382513,110.52775606279151
17842.733712228437,111.3495237658606
17862.77139707436,103.95361443823886
17882.809081920284,101.89919518056615
17902.846766766208,106.00803369591156
17922.88445161213,111.3495237658606
17942.92213645805,108.88422065665334
17962.959821303975,121.62162005422411
17982.9975061499,126.96311012417314
18003.035190995823,101.48831132903162
18023.072875841746,116.28012998427508
18043.11056068767,117.51278153887871
18063.148245533594,116.28012998427508
18083.185930379517,114.22571072660239
18103.22361522544,119.15631694501687
18123.261300071365,119.15631694501687
18143.298984917288,132.30460019412217
18163.336669763212,133.94813560026034
18183.374354609135,134.3590194517949
18203.41203945506,120.79985235115504
18223.449724300983,125.31957471803499
18243.487409146906,147.09641884936565
18263.52509399283,134.76990330332941
18283.562778838754,146.68553499783113
18303.600463684677,155.72497973159102
18323.6381485306,145.04199959169296
18343.675833376525,165.58619216841998
18363.71351822245,141.3440449278821
18383.751203068372,199.6895518457869
18403.788887914296,182.43243008133618
18423.82657276022,172.5712176445072
18443.864257606143,198.45690029118327
18463.901942452067,184.07596548747435
18483.93962729799,198.45690029118327
18503.977312143914,216.12490590716854
18524.014996989834,212.42695124335765
18544.052681835758,234.61467922622288
18564.09036668168,252.28268484220814
18584.128051527605,254.33710409988083
18604.16573637353,262.1438972790371
18624.203421219452,290.49488303492046
18644.241106065376,303.2322824324912
18664.2787909113,344.7315514374798
18684.316475757223,330.3506166337709
18704.354160603147,331.99415203990907
18724.39184544907,375.13695645103587
18744.429530294994,398.5573359885047
18764.467215140918,398.14645213697014
18784.50489998684,393.21584591855566
18804.542584832765,426.08655404131895
18824.58026967869,428.14097329899164
18844.617954524612,476.2143839285329
18864.655639370536,454.8484236487368
18884.69332421646,465.1205199371003
18904.731009062383,461.01168142175493
18924.768693908307,479.50145474080927
18944.80637875423,464.7096360855658
18964.844063600154,445.80897891497693
18984.881748446078,451.972236687995
19004.919433292,482.7885255530856
19024.957118137925,442.11102425116604
19044.99480298385,428.5518571505262
19065.032487829772,415.4035739014209
19085.070172675692,410.06208383147185
19105.107857521616,392.8049620670211
19125.14554236754,382.5328657786576
19145.183227213463,355.82541542891244
19165.220912059387,354.1818800227743
19185.25859690531,329.1179650791673
19205.296281751234,305.2867016901639
19225.333966597158,286.386044519575
19245.37165144308,280.2227867465569
19265.409336289005,266.66361964591704
19285.44702113493,272.4159935674006
19305.484705980853,247.35207862379363
19325.522390826776,242.8323562569137
19345.5600756727,213.24871894642675
19365.597760518624,219.8228605709794
19385.635445364547,207.49634502494317
19405.67313021047,194.34806177583786
19425.710815056394,171.33856608990357
19445.748499902318,191.88275866663062
19465.78618474824,193.9371779243033
19485.823869594165,163.12088905921274
19505.86155444009,156.5467474346601
19525.899239286013,167.6406114260927
19545.936924131936,166.81884372302363
19565.97460897786,140.11139337327845
19586.012293823784,138.05697411560575
19606.049978669707,149.15083810703837
19626.08766351563,140.522277224813
19646.125348361555,140.93316107634755
19666.163033207475,144.22023188862386
19686.2007180534,129.01752938184586
19706.238402899322,125.73045856956952
19726.276087745246,130.661064787984
19746.31377259117,118.33454924194778
19766.351457437093,131.07194863951855
19786.389142283017,121.21073620268957
19806.42682712894,114.22571072660239
19826.464511974864,117.51278153887871
19846.502196820788,114.22571072660239
19866.53988166671,120.79985235115504
19886.577566512635,133.94813560026034
19906.61525135856,114.63659457813692
19926.652936204482,124.08692316343136
19946.690621050406,138.4678579671403
19966.72830589633,140.522277224813
19986.765990742253,138.05697411560575
20006.803675588177,145.45288344322748
20026.8413604341,170.10591453529995
20046.879045280024,159.42293439540188
20066.916730125948,187.36303629975066
20086.95441497187,193.11541022123424
20106.992099817795,202.15485495499414
20127.02978466372,198.04601643964872
20147.067469509642,213.6596027979613
20167.105154355566,224.75346678939388
20187.14283920149,209.13988043108134
20207.180524047413,216.12490590716854
20227.218208893333,199.27866799425234
20247.255893739257,198.04601643964872
20267.29357858518,181.19977852673256
20287.331263431104,182.43243008133618
20307.368948277028,175.85828845678353
20327.40663312295,147.09641884936565
20347.444317968875,146.68553499783113
20367.4820028148,132.71548404565672
20387.519687660722,115.458362281206
20407.557372506646,122.85427160882774
20427.59505735257,121.21073620268957
20447.632742198493,112.17129146892968
20467.670427044417,108.06245295358427
20487.70811189034,106.82980139898065
20507.745796736264,112.17129146892968
20527.783481582188,110.52775606279151
20547.82116642811,104.3644982897734
20567.858851274035,107.24068525051518
20587.89653611996,126.96311012417314
20607.934220965883,128.19576167877676
20627.971905811806,114.63659457813692
20648.00959065773,116.69101383580963
20668.047275503654,110.52775606279151
20688.084960349577,113.4039430235333
20708.1226451955,126.96311012417314
20728.160330041424,116.28012998427508
20748.198014887348,119.97808464808595
20768.23569973327,127.78487782724223
20788.273384579195,129.42841323338038
20808.311069425115,123.26515546036228
20828.34875427104,137.6460902640712
20848.386439116963,145.04199959169296
20868.424123962886,135.5916710063985
20888.46180880881,146.68553499783113
20908.499493654734,141.75492877941662
20928.537178500657,140.522277224813
20948.57486334658,138.87874181867483
20968.612548192505,147.09641884936565
20988.65023303843,155.72497973159102
21008.687917884352,148.73995425550382
21028.725602730276,148.32907040396927
21048.7632875762,160.6555859500055
21068.800972422123,154.4923281769874
21088.838657268047,165.58619216841998
21108.87634211397,170.10591453529995
21128.914026959894,166.81884372302363
21148.951711805817,166.81884372302363
21168.98939665174,170.92768223836902
21189.027081497665,161.88823750460912
21209.06476634359,153.25967662238378
21229.102451189512,155.31409588005647
21249.140136035436,172.5712176445072
21269.17782088136,163.12088905921274
21289.215505727283,157.3685151377292
21309.253190573207,156.5467474346601
21329.29087541913,160.24470209847095
21349.328560265054,163.94265676228184
21369.366245110974,136.82432256100213
21389.403929956898,149.97260581010744
21409.44161480282,157.3685151377292
21429.479299648745,132.30460019412217
21449.51698449467,137.6460902640712
21469.554669340592,132.71548404565672
21489.592354186516,139.70050952174392
21509.63003903244,129.42841323338038
21529.667723878363,138.4678579671403
21549.705408724287,127.78487782724223
21569.74309357021,119.97808464808595
21589.780778416134,137.6460902640712
21609.818463262058,121.21073620268957
21629.85614810798,124.08692316343136
21649.893832953905,115.04747842967146
21669.93151779983,121.62162005422411
21689.969202645752,135.18078715486396
21710.006887491676,124.90869086650045
21730.0445723376,109.70598835972243
21750.082257183523,112.17129146892968
21770.119942029447,113.81482687506784
21790.15762687537,109.29510450818789
21810.195311721294,98.20124051675528
21830.232996567218,103.95361443823886
21850.27068141314,121.62162005422411
21870.308366259065,110.93863991432605
21890.34605110499,102.31007903210069
21910.383735950913,99.43389207135891
21930.421420796836,91.62709889220262
21950.459105642756,95.73593740754804
21970.49679048868,94.09240200140988
21990.534475334603,94.91416970447895
22010.572160180527,94.50328585294442
22030.60984502645,89.98356348606447
22050.647529872374,82.17677030690818
22070.685214718298,81.35500260383911
22090.72289956422,93.2706342983408
22110.760584410145,80.12235104923548
22130.79826925607,87.51826037685721
22150.835954101993,94.50328585294442
22170.873638947916,80.94411875230456
22190.91132379384,91.21621504066809
22210.949008639764,88.75091193146085
22230.986693485687,84.23118956458089
22251.02437833161,85.87472497071906
22271.062063177535,75.60262868235553
22291.09974802346,93.2706342983408
22311.137432869382,81.35500260383911
22331.175117715306,86.2856088222536
22351.21280256123,86.69649267378814
22371.250487407153,87.92914422839176
22391.288172253076,90.80533118913354
22411.325857099,98.61212436828983
22431.363541944924,91.62709889220262
22451.401226790847,89.98356348606447
22471.43891163677,86.69649267378814
22491.476596482695,84.64207341611544
22511.514281328615,87.92914422839176
22531.55196617454,90.394447337599
22551.589651020462,101.48831132903162
22571.627335866386,102.31007903210069
22591.66502071231,100.66654362596253
22611.702705558233,90.80533118913354
22631.740390404157,99.43389207135891
22651.77807525008,97.3794728136862
22671.815760096004,104.3644982897734
22691.853444941928,110.52775606279151
22711.89112978785,107.65156910204972
22731.928814633775,105.59714984437701
22751.9664994797,104.3644982897734
22772.004184325622,111.76040761739513
22792.041869171546,92.44886659527171
22812.07955401747,97.79035666522074
22832.117238863393,85.05295726764997
22852.154923709317,100.25565977442798
22872.19260855524,89.57267963452992
22892.230293401164,76.83528023695915
22912.267978247088,95.3250535560135
22932.30566309301,82.17677030690818
22952.343347938935,76.01351253389008
22972.38103278486,78.06793179156277
22992.418717630782,83.82030571304635
23012.456402476706,91.21621504066809
23032.49408732263,82.17677030690818
23052.531772168553,88.75091193146085
23072.569457014477,92.85975044680625
23092.607141860397,88.75091193146085
23112.64482670632,78.06793179156277
23132.682511552244,78.47881564309732
23152.720196398168,80.12235104923548
23172.75788124409,90.394447337599
23192.795566090015,91.62709889220262
23212.83325093594,88.3400280799263
23232.870935781862,84.64207341611544
23252.908620627786,82.58765415844273
23272.94630547371,77.2461640884937
23292.983990319633,71.08290631547558
23313.021675165557,91.62709889220262
23333.05936001148,93.2706342983408
23353.097044857404,73.13732557314829
23373.134729703328,74.78086097928644
23393.17241454925,81.76588645537365
23413.210099395175,73.95909327621737
23433.2477842411,80.12235104923548
23453.285469087023,81.76588645537365
23473.323153932946,83.82030571304635
23493.36083877887,75.191744830821
23513.398523624794,81.35500260383911
23533.436208470717,73.13732557314829
23553.47389331664,75.191744830821
23573.511578162565,78.47881564309732
23593.54926300849,73.54820942468282
23613.586947854412,73.95909327621737
23633.624632700335,76.83528023695915
23653.662317546256,83.82030571304635
23673.70000239218,78.47881564309732
23693.737687238103,85.05295726764997
23713.775372084026,74.78086097928644
23733.81305692995,73.54820942468282
23753.850741775874,76.42439638542461
23773.888426621797,78.06793179156277
23793.92611146772,73.95909327621737
23813.963796313645,80.53323490077003
23834.00148115957,74.78086097928644
23854.039166005492,80.53323490077003
23874.076850851416,73.13732557314829
23894.11453569734,74.36997712775191
23914.152220543263,80.12235104923548
23934.189905389187,87.51826037685721
23954.22759023511,79.3005833461664
23974.265275081034,79.71146719770094
23994.302959926958,71.08290631547558
24014.34064477288,67.38495165166471
24034.378329618805,69.43937090933741
24054.41601446473,72.3155578700792
24074.453699310652,76.42439638542461
24094.491384156576,82.58765415844273
24114.5290690025,73.54820942468282
24134.566753848423,78.47881564309732
24154.604438694347,81.76588645537365
24174.64212354027,85.87472497071906
24194.679808386194,85.05295726764997
24214.717493232114,68.20671935473379
24234.755178078038,82.17677030690818
24254.79286292396,65.330532393992
24274.830547769885,82.17677030690818
24294.86823261581,76.42439638542461
24314.905917461732,84.64207341611544
24334.943602307656,77.2461640884937
24354.98128715358,77.65704794002824
24375.018971999503,77.2461640884937
24395.056656845427,75.191744830821
24415.09434169135,82.17677030690818
24435.132026537274,74.78086097928644
24455.169711383198,79.3005833461664
24475.20739622912,79.3005833461664
24495.245081075045,74.36997712775191
24515.28276592097,67.38495165166471
24535.320450766892,79.71146719770094
24555.358135612816,76.01351253389008
24575.39582045874,71.49379016701012
24595.433505304663,77.65704794002824
24615.471190150587,72.3155578700792
24635.50887499651,80.12235104923548
24655.546559842434,75.60262868235553
24675.584244688358,73.95909327621737
24695.62192953428,78.88969949463186
24715.659614380205,71.08290631547558
24735.69729922613,70.2611386124065
24755.734984072053,67.79583550319926
24775.772668917976,69.43937090933741
24795.810353763896,63.686996987853846
24815.84803860982,76.83528023695915
24835.885723455744,76.01351253389008
24855.923408301667,69.85025476087196
24875.96109314759,69.43937090933741
24895.998777993515,70.67202246394105
24916.036462839438,64.91964854245747
24936.074147685362,74.78086097928644
24956.111832531285,75.60262868235553
24976.14951737721,75.60262868235553
24996.187202223133,72.3155578700792
25016.224887069056,74.78086097928644
25036.26257191498,71.49379016701012
25056.300256760904,81.76588645537365
25076.337941606827,62.04346158171568
25096.37562645275,71.90467401854467
25116.413311298675,71.90467401854467
25136.4509961446,65.74141624552655
25156.488680990522,67.79583550319926
25176.526365836446,76.83528023695915
25196.56405068237,75.191744830821
25216.601735528293,75.191744830821
25236.639420374217,78.06793179156277
25256.67710522014,76.83528023695915
25276.714790066064,69.43937090933741
25296.752474911988,69.85025476087196
25316.79015975791,75.191744830821
25336.827844603835,79.71146719770094
25356.865529449755,67.38495165166471
25376.90321429568,74.78086097928644
25396.940899141602,72.3155578700792
25416.978583987526,69.43937090933741
25437.01626883345,76.83528023695915
25457.053953679373,68.20671935473379
25477.091638525297,70.2611386124065
25497.12932337122,69.02848705780288
25517.167008217144,73.95909327621737
25537.204693063068,58.345506917904814
25557.24237790899,64.91964854245747
25577.280062754915,65.330532393992
25597.31774760084,66.97406780013017
25617.355432446762,68.20671935473379
25637.393117292686,60.39992617557752
25657.43080213861,78.06793179156277
25677.468486984533,74.36997712775191
25697.506171830457,64.50876469092293
25717.54385667638,74.78086097928644
25737.581541522304,63.2761131363193
25757.619226368228,66.97406780013017
25777.65691121415,61.63257773018114
25797.694596060075,61.2216938786466
25817.732280906,60.810810027112055
25837.769965751922,66.56318394859564
25857.807650597846,60.39992617557752
25877.84533544377,69.43937090933741
25897.883020289693,62.04346158171568
25917.920705135617,65.330532393992
25937.958389981537,70.2611386124065
25957.99607482746,69.02848705780288
25978.033759673384,64.91964854245747
25998.071444519308,68.20671935473379
26018.10912936523,61.63257773018114
26038.146814211155,67.79583550319926
26058.18449905708,62.86522928478476
26078.222183903003,64.91964854245747
26098.259868748926,69.43937090933741
26118.29755359485,61.63257773018114
26138.335238440774,57.11285536330119
26158.372923286697,55.46931995716302
26178.41060813262,78.47881564309732
26198.448292978544,61.2216938786466
26218.485977824468,58.756390769439356
26238.52366267039,62.86522928478476
26258.561347516315,58.756390769439356
26278.59903236224,58.345506917904814
26298.636717208163,59.578158472508434
26318.674402054086,59.578158472508434
26338.71208690001,64.09788083938838
26358.749771745934,58.345506917904814
26378.787456591857,54.2366684025594
26398.82514143778,58.756390769439356
26418.862826283705,57.52373921483573
26438.90051112963,57.11285536330119
26458.938195975552,61.63257773018114
26478.975880821476,64.91964854245747
26499.013565667396,67.79583550319926
26519.05125051332,62.86522928478476
26539.088935359243,59.578158472508434
26559.126620205167,65.74141624552655
26579.16430505109,64.09788083938838
26599.201989897014,61.2216938786466
26619.239674742937,60.39992617557752
26639.27735958886,62.454345433250225
26659.315044434785,60.39992617557752
26679.35272928071,59.98904232404298
26699.390414126632,63.686996987853846
26719.428098972556,61.63257773018114
26739.46578381848,66.15230009706109
26759.503468664403,57.52373921483573
26779.541153510327,53.82578455102486
26799.57883835625,55.880203808697566
26819.616523202174,55.46931995716302
26839.654208048098,67.38495165166471
26859.69189289402,61.2216938786466
26879.729577739945,65.330532393992
26899.76726258587,55.46931995716302
26919.804947431792,59.16727462097389
26939.842632277716,50.12782988721399
26959.88031712364,48.89517833261037
26979.918001969563,55.46931995716302
26999.955686815487,58.756390769439356
27019.99337166141,59.578158472508434
27040.031056507334,59.578158472508434
27060.068741353258,62.454345433250225
27080.106426199178,51.771365293352154
27100.1441110451,58.345506917904814
27120.181795891025,55.46931995716302
27140.21948073695,60.39992617557752
27160.257165582872,51.771365293352154
27180.294850428796,57.11285536330119
27200.33253527472,54.2366684025594
27220.370220120643,63.2761131363193
27240.407904966567,57.11285536330119
27260.44558981249,59.578158472508434
27280.483274658414,62.86522928478476
27300.520959504338,60.810810027112055
27320.55864435026,47.66252677800675
27340.596329196185,56.29108766023211
27360.63401404211,51.771365293352154
27380.671698888033,52.59313299642124
27400.709383733956,57.11285536330119
27420.74706857988,60.810810027112055
27440.784753425804,55.05843610562849
27460.822438271727,52.1822491448867
27480.86012311765,58.345506917904814
27500.897807963574,47.25164292647221
27520.935492809498,55.05843610562849
27540.97317765542,49.30606218414491
27561.010862501345,53.414900699490325
27581.04854734727,59.578158472508434
27601.086232193193,56.29108766023211
27621.123917039116,47.25164292647221
27641.161601885036,61.2216938786466
27661.19928673096,55.05843610562849
27681.236971576884,54.647552254093945
27701.274656422807,51.36048144181762
27721.31234126873,66.15230009706109
27741.350026114655,49.716946035679456
27761.38771096058,46.840759074937665
27781.425395806502,59.98904232404298
27801.463080652426,54.647552254093945
27821.50076549835,49.716946035679456
27841.538450344273,55.880203808697566
27861.576135190197,46.01899137186859
27881.61382003612,48.48429448107583
27901.651504882044,49.716946035679456
27921.689189727967,49.30606218414491
27941.72687457389,56.29108766023211
27961.764559419815,49.716946035679456
27981.80224426574,52.1822491448867
28001.839929111662,53.00401684795578
28021.877613957586,52.1822491448867
28041.91529880351,51.771365293352154
28061.952983649433,49.716946035679456
28081.990668495357,53.414900699490325
28102.02835334128,47.66252677800675
28122.066038187204,47.66252677800675
28142.103723033128,57.11285536330119
28162.14140787905,47.66252677800675
28182.179092724975,46.840759074937665
28202.216777570895,48.073410629541286
28222.25446241682,51.36048144181762
28242.292147262742,46.42987522340312
28262.329832108666,51.36048144181762
28282.36751695459,46.01899137186859
28302.405201800513,49.30606218414491
28322.442886646437,49.716946035679456
28342.48057149236,52.59313299642124
28362.518256338284,50.538713738748534
28382.555941184208,54.2366684025594
28402.59362603013,42.32103670805772
28422.631310876055,51.36048144181762
28442.66899572198,53.82578455102486
28462.706680567902,51.771365293352154
28482.744365413826,50.12782988721399
28502.78205025975,53.414900699490325
28522.819735105673,49.30606218414491
28542.857419951597,43.96457211419588
28562.89510479752,58.345506917904814
28582.932789643444,47.66252677800675
28602.970474489368,55.46931995716302
28623.00815933529,59.98904232404298
28643.045844181215,43.55368826266134
28663.08352902714,56.29108766023211
28683.121213873063,51.36048144181762
28703.158898718986,48.48429448107583
28723.19658356491,41.08838515345409
28743.234268410833,46.01899137186859
28763.271953256757,47.66252677800675
28783.309638102677,43.96457211419588
28803.3473229486,45.608107520334045
28823.385007794524,41.08838515345409
28843.422692640448,45.1972236687995
28863.46037748637,40.677501301919555
28883.498062332295,56.70197151176665
28903.53574717822,43.96457211419588
28923.573432024143,43.96457211419588
28943.611116870066,51.36048144181762
28963.64880171599,45.1972236687995
28983.686486561914,40.677501301919555
29003.724171407837,42.32103670805772
29023.76185625376,50.12782988721399
29043.799541099685,45.1972236687995
29063.83722594561,38.62308204424685
29083.874910791532,42.32103670805772
29103.912595637456,48.48429448107583
29123.95028048338,46.840759074937665
29143.987965329303,38.62308204424685
29164.025650175226,36.1577789350396
29184.06333502115,38.21219819271231
29204.101019867074,48.073410629541286
29224.138704712997,44.78633981726496
29244.17638955892,46.840759074937665
29264.214074404845,49.30606218414491
29284.25175925077,44.78633981726496
29304.289444096692,38.21219819271231
29324.327128942616,40.677501301919555
29344.364813788536,45.1972236687995
29364.40249863446,40.26661745038501
29384.440183480383,48.073410629541286
29404.477868326307,34.103359677366896
29424.51555317223,39.033965895781385
29444.553238018154,39.85573359885047
29464.590922864078,43.1428044111268
29484.62860771,43.1428044111268
29504.666292555925,43.55368826266134
29524.70397740185,41.49926900498863
29544.741662247772,41.49926900498863
29564.779347093696,50.12782988721399
29584.81703193962,46.42987522340312
29604.854716785543,36.97954663810869
29624.892401631467,48.89517833261037
29644.93008647739,44.375455965730424
29664.967771323314,43.96457211419588
29685.005456169238,43.96457211419588
29705.04314101516,38.21219819271231
29725.080825861085,48.073410629541286
29745.11851070701,44.375455965730424
29765.156195552932,39.85573359885047
29785.193880398856,31.63805656815965
29805.23156524478,40.677501301919555
29825.269250090703,47.66252677800675
29845.306934936627,29.99452116202149
29865.34461978255,36.568662786574144
29885.382304628474,41.49926900498863
29905.419989474398,45.1972236687995
29925.457674320318,46.840759074937665
29945.49535916624,40.677501301919555
29965.533044012165,37.801314341177765
29985.57072885809,38.62308204424685
30005.608413704012,37.39043048964322
30025.646098549936,43.96457211419588
30045.68378339586,38.62308204424685
30065.721468241783,35.74689508350506
30085.759153087707,42.731920559592254
30105.79683793363,46.01899137186859
30125.834522779554,38.21219819271231
30145.872207625478,33.692475825832354
30165.9098924714,35.336011231970524
30185.947577317325,42.32103670805772
30205.98526216325,40.677501301919555
30226.022947009173,36.1577789350396
30246.060631855096,47.66252677800675
30266.09831670102,41.08838515345409
30286.136001546944,35.74689508350506
30306.173686392867,36.97954663810869
30326.21137123879,39.44484974731593
30346.249056084715,36.97954663810869
30366.28674093064,39.85573359885047
30386.324425776562,37.39043048964322
30406.362110622485,40.677501301919555
30426.39979546841,45.608107520334045
30446.437480314333,31.63805656815965
30466.475165160256,34.51424352890144
30486.512850006176,40.677501301919555
30506.5505348521,40.677501301919555
30526.588219698024,38.62308204424685
30546.625904543947,31.227172716625113
30566.66358938987,43.96457211419588
30586.701274235795,47.66252677800675
30606.73895908172,36.97954663810869
30626.776643927642,35.74689508350506
30646.814328773566,35.336011231970524
30666.85201361949,38.21219819271231
30686.889698465413,29.99452116202149
30706.927383311337,34.51424352890144
30726.96506815726,33.692475825832354
30747.002753003184,31.63805656815965
30767.040437849108,29.99452116202149
30787.07812269503,32.04894041969419
30807.115807540955,30.405405013556027
30827.15349238688,31.63805656815965
30847.191177232802,33.28159197429782
30867.228862078726,28.350985755883325
30887.26654692465,34.103359677366896
30907.304231770573,40.677501301919555
30927.341916616497,30.81628886509057
30947.37960146242,32.870708122763276
30967.417286308344,32.870708122763276
30987.454971154268,33.28159197429782
31007.49265600019,38.62308204424685
31027.530340846115,34.103359677366896
31047.56802569204,29.99452116202149
31067.60571053796,34.92512738043598
31087.643395383882,34.103359677366896
31107.681080229806,28.761869607417864
31127.71876507573,32.04894041969419
31147.756449921653,29.583637310486946
31167.794134767577,27.940101904348783
31187.8318196135,38.62308204424685
31207.869504459424,25.885682646676077
31227.907189305348,29.172753458952407
31247.94487415127,35.74689508350506
31267.982558997195,30.81628886509057
31288.02024384312,29.583637310486946
31308.057928689042,22.187727982865212
31328.095613534966,32.870708122763276
31348.13329838089,32.45982427122873
31368.170983226813,32.45982427122873
31388.208668072737,30.405405013556027
31408.24635291866,25.885682646676077
31428.284037764584,28.761869607417864
31448.321722610508,31.227172716625113
31468.35940745643,31.63805656815965
31488.397092302355,32.870708122763276
31508.43477714828,29.172753458952407
31528.472461994203,30.405405013556027
31548.510146840126,28.761869607417864
31568.54783168605,31.63805656815965
31588.585516531974,32.04894041969419
31608.623201377897,29.99452116202149
31628.660886223817,27.940101904348783
31648.69857106974,34.92512738043598
31668.736255915665,25.885682646676077
31688.773940761588,27.529218052814244
31708.81162560751,29.99452116202149
31728.849310453435,24.653031092072457
31748.88699529936,27.529218052814244
31768.924680145283,27.940101904348783
31788.962364991206,27.940101904348783
31809.00004983713,31.227172716625113
31829.037734683054,36.568662786574144
31849.075419528977,29.172753458952407
31869.1131043749,28.761869607417864
31889.150789220825,27.940101904348783
31909.18847406675,22.187727982865212
31929.226158912672,29.99452116202149
31949.263843758596,28.761869607417864
31969.30152860452,28.350985755883325
31989.339213450443,27.940101904348783
32009.376898296367,31.63805656815965
32029.41458314229,26.29656649821062
32049.452267988214,23.831263389003375
32069.489952834138,29.583637310486946
32089.52763768006,26.707450349745162
32109.565322525985,31.63805656815965
32129.60300737191,27.940101904348783
32149.640692217832,18.900657170588882
32169.678377063756,24.653031092072457
32189.71606190968,19.722424873657964
32209.7537467556,21.77684413133067
32229.791431601523,28.761869607417864
32249.829116447447,22.187727982865212
32269.86680129337,23.009495685934294
32289.904486139294,23.009495685934294
32309.942170985218,22.187727982865212
32329.97985583114,20.133308725192506
32350.017540677065,20.544192576727045
32370.05522552299,23.009495685934294
32390.092910368912,25.885682646676077
32410.130595214836,24.653031092072457
32430.16828006076,26.29656649821062
32450.205964906683,23.420379537468833
32470.243649752607,19.311541022123425
32490.28133459853,24.653031092072457
32510.319019444454,20.955076428261588
32530.356704290378,24.653031092072457
32550.3943891363,25.063914943606996
32570.432073982225,23.831263389003375
32590.46975882815,26.29656649821062
32610.507443674072,20.133308725192506
32630.545128519996,18.0788894675198
32650.58281336592,20.955076428261588
32670.620498211843,19.722424873657964
32690.658183057767,24.242147240537914
32710.69586790369,22.59861183439975
32730.733552749614,23.420379537468833
32750.771237595538,21.365960279796127
32770.80892244146,24.242147240537914
32790.846607287385,23.009495685934294
32810.884292133305,23.420379537468833
32830.92197697923,21.77684413133067
32850.95966182515,18.489773319054343
32870.99734667108,18.489773319054343
32891.035031517,21.365960279796127
32911.07271636293,20.955076428261588
32931.11040120885,21.365960279796127
32951.148086054774,22.59861183439975
32971.185770900694,14.380934803708932
32991.22345574662,20.133308725192506
33011.26114059254,18.489773319054343
33031.29882543847,15.202702506778014
33051.33651028439,22.59861183439975
33071.37419513031,16.024470209847095
33091.41187997624,21.365960279796127
33111.44956482216,23.420379537468833
33131.487249668084,16.846237912916177
33151.524934514004,18.0788894675198
33171.56261935993,17.668005615985262
33191.60030420585,15.613586358312556
33211.63798905178,15.613586358312556
33231.6756738977,20.133308725192506
33251.713358743626,18.0788894675198
33271.751043589546,23.420379537468833
33291.78872843547,16.846237912916177
33311.82641328139,13.970050952174391
33331.86409812732,15.202702506778014
33351.90178297324,17.25712176445072
33371.93946781917,17.25712176445072
33391.97715266509,20.133308725192506
33412.014837511015,15.613586358312556
33432.052522356935,16.846237912916177
33452.09020720286,16.435354061381638
33472.12789204878,16.024470209847095
33492.16557689471,16.435354061381638
33512.20326174063,16.024470209847095
33532.24094658656,16.024470209847095
33552.27863143248,16.024470209847095
33572.316316278404,15.202702506778014
33592.354001124324,17.668005615985262
33612.39168597025,12.737399397570769
33632.42937081617,17.25712176445072
33652.46705566209,14.791818655243473
33672.50474050802,18.900657170588882
33692.54242535394,18.489773319054343
33712.580110199866,14.380934803708932
33732.617795045786,15.202702506778014
33752.65547989171,14.380934803708932
33772.69316473763,16.435354061381638
33792.73084958356,9.861212436828982
33812.76853442948,11.504747842967147
33832.80621927541,11.915631694501688
33852.84390412133,11.915631694501688
33872.881588967255,14.791818655243473
33892.919273813175,10.682980139898063
33912.9569586591,16.435354061381638
33932.99464350502,11.915631694501688
33953.03232835095,12.326515546036228
33973.07001319687,10.682980139898063
33993.1076980428,13.55916710063985
34013.14538288872,11.093863991432606
34033.183067734644,14.380934803708932
34053.220752580564,11.915631694501688
34073.25843742649,9.861212436828982
34093.29612227241,11.504747842967147
34113.33380711834,17.25712176445072
34133.37149196426,10.682980139898063
34153.409176810186,11.093863991432606
34173.446861656106,10.272096288363523
34193.484546502026,11.093863991432606
34213.52223134795,14.791818655243473
34233.55991619387,10.682980139898063
34253.5976010398,14.380934803708932
34273.63528588572,13.14828324910531
34293.67297073165,12.737399397570769
34313.71065557757,7.3959093276217365
34333.748340423495,7.806793179156278
34353.786025269415,5.341490069949032
34373.82371011534,10.272096288363523
34393.86139496126,8.217677030690819
34413.89907980719,9.861212436828982
34433.93676465311,9.450328585294441
34453.97444949904,7.3959093276217365
34474.01213434496,7.806793179156278
34494.049819190885,6.163257773018114
34514.087504036805,6.574141624552655
34534.12518888273,12.737399397570769
34554.16287372865,6.574141624552655
34574.20055857458,3.2870708122763275
34594.2382434205,11.093863991432606
34614.27592826643,7.806793179156278
34634.31361311235,5.341490069949032
34654.351297958274,6.163257773018114
34674.388982804194,11.093863991432606
34694.42666765012,6.985025476087196
34714.46435249604,5.341490069949032
34734.50203734197,4.1088385153454094
34754.53972218789,7.806793179156278
34774.57740703381,6.574141624552655
34794.615091879736,6.574141624552655
34814.652776725656,9.450328585294441
34834.69046157158,8.62856088222536
34854.7281464175,7.3959093276217365
34874.76583126343,5.752373921483573
34894.80351610935,4.51972236687995
34914.84120095528,4.930606218414491
34934.8788858012,8.217677030690819
34954.916570647125,7.3959093276217365
34974.954255493045,4.51972236687995
34994.99194033897,6.163257773018114
35015.02962518489,6.985025476087196
35035.06731003082,4.930606218414491
35055.10499487674,8.62856088222536
35075.14267972267,6.574141624552655
35095.18036456859,5.752373921483573
35115.218049414514,6.574141624552655
35135.255734260434,3.2870708122763275
35155.29341910636,4.930606218414491
35175.33110395228,5.341490069949032
35195.36878879821,5.752373921483573
35215.40647364413,5.752373921483573
35235.444158490056,4.1088385153454094
35255.481843335976,2.8761869607417867
35275.5195281819,2.0544192576727047
35295.55721302782,3.2870708122763275
35315.59489787375,2.8761869607417867
35335.63258271967,2.8761869607417867
35355.67026756559,2.4653031092072455
35375.70795241152,6.574141624552655
35395.74563725744,2.4653031092072455
35415.783322103365,4.930606218414491
35435.821006949285,2.4653031092072455
35455.85869179521,2.4653031092072455
35475.89637664113,3.6979546638108682
35495.93406148706,2.8761869607417867
35515.97174633298,2.8761869607417867
35536.00943117891,4.51972236687995
35556.04711602483,3.6979546638108682
35576.084800870754,2.8761869607417867
35596.122485716674,3.6979546638108682
35616.1601705626,4.1088385153454094
35636.19785540852,3.6979546638108682
35656.23554025445,3.2870708122763275
35676.27322510037,2.0544192576727047
35696.310909946296,2.8761869607417867
35716.348594792216,0.8217677030690819
35736.38627963814,3.2870708122763275
35756.42396448406,2.8761869607417867
35776.46164932999,2.0544192576727047
35796.49933417591,3.2870708122763275
35816.53701902184,2.0544192576727047
35836.57470386776,2.0544192576727047
35856.612388713686,1.2326515546036227
35876.650073559606,2.4653031092072455
35896.687758405526,2.4653031092072455
35916.72544325145,1.2326515546036227
35936.76312809737,1.6435354061381637
35956.8008129433,2.0544192576727047
35976.83849778922,2.8761869607417867
35996.87618263515,2.4653031092072455
36016.91386748107,0.8217677030690819
36036.951552326995,0.8217677030690819
36056.989237172915,2.4653031092072455
36077.02692201884,2.4653031092072455
36097.06460686476,0.8217677030690819
36117.10229171069,0.8217677030690819
36137.13997655661,1.6435354061381637
36157.17766140254,1.6435354061381637
36177.21534624846,0.8217677030690819
36197.253031094384,2.4653031092072455
36217.290715940304,1.2326515546036227
36237.32840078623,2.0544192576727047
36257.36608563215,0.8217677030690819
36277.40377047808,2.0544192576727047
36297.441455324,2.0544192576727047
36317.479140169926,2.0544192576727047
36337.516825015846,1.2326515546036227
36357.55450986177,1.2326515546036227
36377.59219470769,0.8217677030690819
36397.62987955362,1.2326515546036227
36417.66756439954,2.0544192576727047
36437.70524924547,1.2326515546036227
36457.74293409139,1.6435354061381637
36477.78061893731,1.6435354061381637
36497.818303783235,0.8217677030690819
36517.855988629155,0.0
36537.89367347508,2.4653031092072455
36557.931358321,1.2326515546036227
36577.96904316693,1.2326515546036227
36598.00672801285,1.2326515546036227
36618.04441285878,0.0
36638.0820977047,0.8217677030690819
36658.119782550624,1.2326515546036227
36678.157467396544,0.8217677030690819
36698.19515224247,1.2326515546036227
36718.23283708839,2.0544192576727047
36738.27052193432,0.8217677030690819
36758.30820678024,1.6435354061381637
36778.345891626166,1.6435354061381637
36798.383576472086,1.2326515546036227
36818.42126131801,1.2326515546036227
36838.45894616393,1.2326515546036227
36858.49663100986,1.2326515546036227
36878.53431585578,0.41088385153454093
36898.57200070171,0.41088385153454093
36918.60968554763,1.6435354061381637
36938.647370393555,0.41088385153454093
36958.685055239475,1.2326515546036227
36978.7227400854,0.41088385153454093
36998.76042493132,1.6435354061381637
37018.79810977725,1.2326515546036227
37038.83579462317,0.8217677030690819
37058.87347946909,0.8217677030690819
37078.91116431502,1.6435354061381637
37098.94884916094,0.41088385153454093
37118.986534006865,0.41088385153454093
37139.024218852785,0.41088385153454093
37159.06190369871,0.8217677030690819
37179.09958854463,0.8217677030690819
37199.13727339056,0.8217677030690819
37219.17495823648,1.2326515546036227
37239.21264308241,0.41088385153454093
37259.25032792833,1.2326515546036227
37279.288012774254,0.41088385153454093
37299.325697620174,0.8217677030690819
37319.3633824661,1.2326515546036227
37339.40106731202,1.2326515546036227
37359.43875215795,2.0544192576727047
37379.47643700387,0.8217677030690819
37399.514121849796,0.41088385153454093
37419.551806695716,0.41088385153454093
37439.58949154164,0.8217677030690819
37459.62717638756,0.8217677030690819
37479.66486123349,0.41088385153454093
37499.70254607941,0.41088385153454093
37519.74023092534,1.6435354061381637
37539.77791577126,2.0544192576727047
37559.815600617185,0.41088385153454093
37579.853285463105,0.0
37599.89097030903,0.0
37619.92865515495,0.8217677030690819
37639.96634000087,0.0
37660.0040248468,0.0
37680.04170969272,0.0
37700.07939453865,0.8217677030690819
37720.11707938457,1.2326515546036227
37740.154764230494,1.6435354061381637
37760.192449076414,1.2326515546036227
37780.23013392234,0.41088385153454093
37800.26781876826,0.41088385153454093
37820.30550361419,1.2326515546036227
37840.34318846011,1.6435354061381637
37860.380873306036,0.41088385153454093
37880.418558151956,0.0
37900.45624299788,0.8217677030690819
37920.4939278438,0.8217677030690819
37940.53161268973,1.2326515546036227
37960.56929753565,0.41088385153454093
37980.60698238158,0.41088385153454093
38000.6446672275,0.41088385153454093
38020.682352073425,0.41088385153454093
38040.720036919345,0.8217677030690819
38060.75772176527,0.8217677030690819
38080.79540661119,0.8217677030690819
38100.83309145712,0.0
38120.87077630304,0.8217677030690819
38140.90846114897,2.0544192576727047
38160.94614599489,0.41088385153454093
38180.98383084081,0.41088385153454093
38201.021515686734,0.0
38221.059200532654,0.41088385153454093
38241.09688537858,0.41088385153454093
38261.1345702245,0.8217677030690819
38281.17225507043,0.41088385153454093
38301.20993991635,0.8217677030690819
38321.247624762276,1.6435354061381637
38341.285309608196,0.8217677030690819
38361.32299445412,0.0
38381.36067930004,1.6435354061381637
38401.39836414597,0.8217677030690819
38421.43604899189,0.41088385153454093
38441.47373383782,0.41088385153454093
38461.51141868374,0.0
38481.549103529665,1.2326515546036227
38501.586788375585,0.41088385153454093
38521.62447322151,1.2326515546036227
38541.66215806743,1.2326515546036227
38561.69984291336,0.41088385153454093
38581.73752775928,0.0
38601.77521260521,0.0
38621.81289745113,0.41088385153454093
38641.850582297055,0.0
38661.888267142975,0.41088385153454093
38681.9259519889,0.8217677030690819
38701.96363683482,0.0
38722.00132168075,0.0
38742.03900652667,0.41088385153454093
38762.07669137259,0.0
38782.11437621852,1.6435354061381637
38802.15206106444,0.0
38822.189745910364,0.0
38842.227430756284,0.8217677030690819
38862.26511560221,0.0
38882.30280044813,0.0
38902.34048529406,0.41088385153454093
38922.37817013998,0.41088385153454093
38942.415854985906,1.6435354061381637
38962.453539831826,0.0
38982.49122467775,0.41088385153454093
39002.52890952367,0.0
39022.5665943696,0.0
39042.60427921552,0.41088385153454093
39062.64196406145,0.41088385153454093
39082.67964890737,0.41088385153454093
39102.717333753295,0.0
39122.755018599215,0.0
39142.79270344514,0.8217677030690819
39162.83038829106,0.41088385153454093
39182.86807313699,0.41088385153454093
39202.90575798291,0.41088385153454093
39222.94344282884,0.0
39242.98112767476,0.8217677030690819
39263.018812520684,0.0
39283.056497366604,0.41088385153454093
39303.09418221253,0.8217677030690819
39323.13186705845,1.2326515546036227
39343.16955190437,0.0
39363.2072367503,0.8217677030690819
39383.24492159622,0.8217677030690819
39403.282606442146,0.0
39423.320291288066,0.0
39443.35797613399,0.41088385153454093
39463.39566097991,0.0
39483.43334582584,0.41088385153454093
39503.47103067176,0.0
39523.50871551769,0.8217677030690819
39543.54640036361,0.0
39563.584085209535,0.8217677030690819
39583.621770055455,0.0
39603.65945490138,0.41088385153454093
39623.6971397473,0.0
39643.73482459323,0.41088385153454093
39663.77250943915,0.0
39683.81019428508,0.0
39703.847879131,0.41088385153454093
39723.885563976924,0.0
39743.923248822844,0.41088385153454093
39763.96093366877,0.41088385153454093
39783.99861851469,0.0
39804.03630336062,0.0
39824.07398820654,0.8217677030690819
39844.111673052466,0.0
39864.14935789839,0.8217677030690819
39884.187042744314,0.8217677030690819
39904.224727590234,0.0
39924.262412436154,0.41088385153454093
39944.30009728208,0.0
39964.337782128,0.41088385153454093
39984.37546697393,0.0
40004.41315181985,0.41088385153454093
40024.450836665776,0.41088385153454093
40044.488521511696,0.0
40064.52620635762,0.41088385153454093
40084.56389120354,0.0
40104.60157604947,0.41088385153454093
40124.63926089539,0.41088385153454093
40144.67694574132,0.41088385153454093
40164.71463058724,1.2326515546036227
40184.752315433165,0.0
40204.790000279085,0.41088385153454093
40224.82768512501,0.0
40244.86536997093,0.0
40264.90305481686,0.8217677030690819
40284.94073966278,0.0
40304.97842450871,0.0
40325.01610935463,0.0
40345.053794200554,0.0
40365.091479046474,0.41088385153454093
40385.1291638924,0.0
40405.16684873832,0.0
40425.20453358425,0.0
40445.24221843017,0.41088385153454093
40465.27990327609,0.41088385153454093
40485.317588122016,0.8217677030690819
40505.355272967936,0.8217677030690819
40525.39295781386,1.6435354061381637
40545.43064265978,1.2326515546036227
40565.46832750571,0.0
40585.50601235163,0.41088385153454093
40605.54369719756,0.0
40625.58138204348,0.41088385153454093
40645.619066889405,0.41088385153454093
40665.656751735325,0.0
40685.69443658125,0.41088385153454093
40705.73212142717,1.2326515546036227
40725.7698062731,0.8217677030690819
40745.80749111902,0.0
40765.84517596495,0.0
40785.88286081087,0.0
40805.920545656794,0.0
40825.958230502714,0.0
40845.99591534864,0.41088385153454093
40866.03360019456,0.0
40886.07128504049,0.41088385153454093
40906.10896988641,0.0
40926.146654732336,0.8217677030690819
40946.184339578256,0.0
40966.22202442418,0.0
40986.2597092701,0.8217677030690819
41006.29739411603,0.0
