Energy (keV),Intensity (CPS)
-11.243347803050243,0.0
8.795313519634112,0.0
28.83397484231847,0.0
48.872636165002824,0.0
68.91129748768718,0.0
88.94995881037154,0.0
108.98862013305589,0.0
129.02728145574022,0.0
149.06594277842458,0.0
169.10460410110895,0.0
189.1432654237933,0.0
209.18192674647764,0.0
229.220588069162,0.0
249.25924939184637,0.0
269.2979107145307,0.0
289.3365720372151,0.0
309.3752333598994,0.0
329.41389468258376,0.0
349.45255600526815,0.36388098397252544
369.4912173279525,0.0
389.5298786506369,0.36388098397252544
409.5685399733212,0.0
429.60720129600554,0.7277619679450509
449.64586261868993,0.7277619679450509
469.68452394137427,1.0916429519175763
489.7231852640586,0.7277619679450509
509.761846586743,0.36388098397252544
529.8005079094273,0.7277619679450509
549.8391692321117,1.0916429519175763
569.877830554796,0.7277619679450509
589.9164918774804,1.0916429519175763
609.9551532001648,0.7277619679450509
629.9938145228491,0.0
650.0324758455334,0.7277619679450509
670.0711371682178,0.36388098397252544
690.1097984909022,0.7277619679450509
710.1484598135866,1.4555239358901018
730.1871211362709,0.36388098397252544
750.2257824589552,0.7277619679450509
770.2644437816396,0.7277619679450509
790.303105104324,0.7277619679450509
810.3417664270083,0.36388098397252544
830.3804277496927,1.0916429519175763
850.419089072377,1.0916429519175763
870.4577503950613,0.36388098397252544
890.4964117177457,0.0
910.5350730404301,1.4555239358901018
930.5737343631145,0.0
950.6123956857988,0.7277619679450509
970.6510570084831,0.36388098397252544
990.6897183311675,0.0
1010.7283796538519,0.36388098397252544
1030.7670409765362,0.7277619679450509
1050.8057022992205,0.36388098397252544
1070.844363621905,0.36388098397252544
1090.8830249445894,0.7277619679450509
1110.9216862672736,0.7277619679450509
1130.960347589958,0.0
1150.9990089126422,0.0
1171.0376702353267,0.36388098397252544
1191.0763315580111,1.0916429519175763
1211.1149928806954,0.7277619679450509
1231.1536542033798,0.0
1251.192315526064,0.36388098397252544
1271.2309768487485,1.0916429519175763
1291.269638171433,0.36388098397252544
1311.3082994941171,0.0
1331.3469608168016,0.7277619679450509
1351.3856221394858,0.36388098397252544
1371.4242834621703,0.0
1391.4629447848547,0.0
1411.501606107539,1.4555239358901018
1431.5402674302234,0.7277619679450509
1451.5789287529076,1.4555239358901018
1471.617590075592,0.7277619679450509
1491.6562513982765,1.0916429519175763
1511.6949127209607,1.0916429519175763
1531.7335740436451,0.7277619679450509
1551.7722353663294,1.0916429519175763
1571.8108966890138,0.0
1591.8495580116983,0.0
1611.8882193343825,0.7277619679450509
1631.926880657067,1.0916429519175763
1651.9655419797512,0.0
1672.0042033024356,0.7277619679450509
1692.0428646251198,0.36388098397252544
1712.0815259478043,1.4555239358901018
1732.1201872704887,1.0916429519175763
1752.158848593173,0.36388098397252544
1772.1975099158574,0.36388098397252544
1792.2361712385416,0.36388098397252544
1812.274832561226,0.0
1832.3134938839105,0.36388098397252544
1852.3521552065947,0.7277619679450509
1872.3908165292792,0.7277619679450509
1892.4294778519634,0.36388098397252544
1912.4681391746478,0.7277619679450509
1932.5068004973323,0.7277619679450509
1952.5454618200165,0.36388098397252544
1972.584123142701,0.36388098397252544
1992.6227844653852,1.0916429519175763
2012.6614457880696,0.0
2032.700107110754,1.0916429519175763
2052.7387684334385,0.7277619679450509
2072.7774297561227,0.36388098397252544
2092.816091078807,1.4555239358901018
2112.854752401491,0.36388098397252544
2132.893413724176,0.7277619679450509
2152.93207504686,1.0916429519175763
2172.9707363695443,0.7277619679450509
2193.009397692229,0.36388098397252544
2213.048059014913,1.0916429519175763
2233.0867203375974,0.7277619679450509
2253.125381660282,0.0
2273.1640429829663,0.7277619679450509
2293.2027043056505,0.36388098397252544
2313.2413656283347,1.4555239358901018
2333.2800269510194,1.4555239358901018
2353.3186882737036,1.0916429519175763
2373.357349596388,1.0916429519175763
2393.3960109190725,0.36388098397252544
2413.4346722417567,0.36388098397252544
2433.473333564441,0.7277619679450509
2453.5119948871256,0.7277619679450509
2473.55065620981,0.7277619679450509
2493.589317532494,0.36388098397252544
2513.6279788551783,0.7277619679450509
2533.666640177863,0.7277619679450509
2553.705301500547,1.4555239358901018
2573.7439628232314,0.7277619679450509
2593.782624145916,3.6388098397252544
2613.8212854686003,1.8194049198626272
2633.8599467912845,3.274928855752729
2653.8986081139687,1.0916429519175763
2673.9372694366534,0.36388098397252544
2693.9759307593376,0.36388098397252544
2714.014592082022,1.4555239358901018
2734.0532534047065,1.4555239358901018
2754.0919147273908,1.0916429519175763
2774.130576050075,0.7277619679450509
2794.1692373727597,0.36388098397252544
2814.207898695444,0.0
2834.246560018128,1.8194049198626272
2854.2852213408123,0.7277619679450509
2874.323882663497,2.547166887807678
2894.362543986181,4.366571807670305
2914.4012053088654,11.644191487120814
2934.43986663155,18.5579301825988
2954.4785279542343,19.28569215054385
2974.5171892769185,18.5579301825988
2994.555850599603,12.008072471093339
3014.5945119222874,8.00538164739556
3034.6331732449717,2.547166887807678
3054.671834567656,1.8194049198626272
3074.7104958903406,1.4555239358901018
3094.749157213025,1.4555239358901018
3114.787818535709,2.9110478717802035
3134.8264798583937,2.547166887807678
3154.865141181078,2.9110478717802035
3174.903802503762,3.274928855752729
3194.942463826447,2.1832859038351526
3214.981125149131,3.274928855752729
3235.019786471815,1.8194049198626272
3255.0584477944994,1.8194049198626272
3275.097109117184,1.4555239358901018
3295.1357704398683,2.547166887807678
3315.1744317625526,2.1832859038351526
3335.2130930852372,2.1832859038351526
3355.2517544079215,0.36388098397252544
3375.2904157306057,1.4555239358901018
3395.32907705329,1.8194049198626272
3415.3677383759746,1.8194049198626272
3435.406399698659,1.0916429519175763
3455.445061021343,1.0916429519175763
3475.4837223440277,0.36388098397252544
3495.522383666712,0.36388098397252544
3515.561044989396,0.0
3535.599706312081,0.7277619679450509
3555.638367634765,0.7277619679450509
3575.6770289574492,0.7277619679450509
3595.7156902801335,0.36388098397252544
3615.754351602818,0.7277619679450509
3635.7930129255024,3.6388098397252544
3655.8316742481866,2.9110478717802035
3675.8703355708712,7.6415006634230345
3695.9089968935555,4.730452791642831
3715.9476582162397,4.366571807670305
3735.9863195389244,4.00269082369778
3756.0249808616086,2.547166887807678
3776.063642184293,0.7277619679450509
3796.102303506977,0.7277619679450509
3816.1409648296617,0.0
3836.179626152346,0.36388098397252544
3856.21828747503,0.7277619679450509
3876.256948797715,1.0916429519175763
3896.295610120399,0.36388098397252544
3916.3342714430833,0.7277619679450509
3936.3729327657675,0.0
3956.411594088452,0.0
3976.4502554111364,1.4555239358901018
3996.4889167338206,0.36388098397252544
4016.5275780565053,1.0916429519175763
4036.5662393791895,0.7277619679450509
4056.6049007018737,0.36388098397252544
4076.6435620245584,1.8194049198626272
4096.682223347243,0.0
4116.720884669928,1.0916429519175763
4136.7595459926115,0.36388098397252544
4156.798207315296,1.4555239358901018
4176.836868637981,0.0
4196.875529960665,0.7277619679450509
4216.914191283349,0.36388098397252544
4236.952852606033,0.7277619679450509
4256.991513928718,0.7277619679450509
4277.030175251402,1.0916429519175763
4297.068836574086,1.0916429519175763
4317.107497896771,0.36388098397252544
4337.1461592194555,0.36388098397252544
4357.184820542139,1.0916429519175763
4377.223481864824,0.36388098397252544
4397.262143187509,0.7277619679450509
4417.300804510192,0.0
4437.339465832877,0.36388098397252544
4457.378127155562,0.36388098397252544
4477.4167884782455,0.36388098397252544
4497.45544980093,0.36388098397252544
4517.494111123615,0.36388098397252544
4537.532772446299,1.8194049198626272
4557.571433768983,1.0916429519175763
4577.610095091667,0.36388098397252544
4597.648756414352,1.8194049198626272
4617.687417737036,1.8194049198626272
4637.72607905972,4.366571807670305
4657.764740382405,2.547166887807678
4677.8034017050895,4.00269082369778
4697.842063027773,1.8194049198626272
4717.880724350458,3.274928855752729
4737.919385673143,2.1832859038351526
4757.958046995826,2.9110478717802035
4777.996708318511,4.730452791642831
4798.035369641196,4.730452791642831
4818.0740309638795,5.458214759587881
4838.112692286564,6.185976727532933
4858.151353609249,5.822095743560407
4878.190014931933,5.094333775615356
4898.228676254617,1.8194049198626272
4918.267337577302,1.4555239358901018
4938.305998899986,2.1832859038351526
4958.34466022267,1.8194049198626272
4978.383321545354,2.547166887807678
4998.421982868039,2.547166887807678
5018.4606441907235,4.730452791642831
5038.499305513407,3.6388098397252544
5058.537966836092,4.366571807670305
5078.576628158777,3.6388098397252544
5098.61528948146,1.0916429519175763
5118.653950804145,1.4555239358901018
5138.69261212683,2.1832859038351526
5158.7312734495135,5.458214759587881
5178.769934772198,4.730452791642831
5198.808596094883,6.913738695477983
5218.847257417567,10.916429519175763
5238.885918740251,10.188667551230711
5258.924580062936,9.460905583285662
5278.96324138562,12.371953455065865
5299.001902708304,8.369262631368086
5319.040564030988,8.369262631368086
5339.079225353673,7.6415006634230345
5359.117886676358,4.730452791642831
5379.156547999041,9.824786567258187
5399.195209321726,6.913738695477983
5419.233870644411,5.822095743560407
5439.272531967094,8.369262631368086
5459.311193289779,5.458214759587881
5479.349854612464,6.913738695477983
5499.388515935148,4.00269082369778
5519.427177257832,8.369262631368086
5539.465838580517,5.822095743560407
5559.504499903201,5.822095743560407
5579.543161225885,7.6415006634230345
5599.58182254857,7.6415006634230345
5619.620483871254,8.00538164739556
5639.6591451939385,7.6415006634230345
5659.697806516623,6.913738695477983
5679.736467839307,6.913738695477983
5699.775129161992,16.01076329479112
5719.813790484675,11.644191487120814
5739.85245180736,12.008072471093339
5759.891113130045,10.188667551230711
5779.929774452728,10.916429519175763
5799.968435775413,10.552548535203238
5820.007097098098,12.73583443903839
5840.045758420782,17.102406246708696
5860.084419743466,10.916429519175763
5880.123081066151,13.463596406983442
5900.161742388835,15.646882310818594
5920.200403711519,14.919120342873542
5940.239065034204,12.371953455065865
5960.277726356888,13.463596406983442
5980.3163876795725,17.102406246708696
6000.355049002257,16.73852526273617
6020.393710324941,14.919120342873542
6040.432371647626,15.283001326846069
6060.471032970309,17.46628723068122
6080.509694292994,19.649573134516373
6100.548355615679,21.832859038351526
6120.5870169383625,21.105097070406476
6140.625678261047,17.830168214653746
6160.664339583732,25.47166887807678
6180.703000906416,24.74390691013173
6200.7416622291,24.016144942186678
6220.780323551785,30.929883637664663
6240.818984874469,29.47435970177456
6260.857646197153,37.47974134917012
6280.896307519838,33.840931509444864
6300.934968842522,37.47974134917012
6320.9736301652065,39.663027253005275
6341.012291487891,47.668408900400834
6361.050952810575,46.576765948483256
6381.08961413326,58.94871940354912
6401.128275455944,58.94871940354912
6421.166936778628,50.94333775615356
6441.205598101313,52.03498070807114
6461.2442594239965,42.21019414081295
6481.282920746681,38.935265285060225
6501.321582069366,33.840931509444864
6521.36024339205,36.75197938122507
6541.398904714734,29.47435970177456
6561.437566037419,32.02152658958224
6581.476227360103,29.47435970177456
6601.514888682787,36.75197938122507
6621.553550005472,33.113169541499815
6641.592211328156,34.20481249341739
6661.6308726508405,36.75197938122507
6681.669533973525,32.02152658958224
6701.708195296209,37.84362233314265
6721.746856618894,38.935265285060225
6741.785517941578,38.20750331711517
6761.824179264262,43.66571807670305
6781.862840586947,26.927192813966883
6801.9015019096305,37.1158603651976
6821.940163232315,40.390789220950325
6841.978824555,51.67109972409861
6862.017485877684,43.66571807670305
6882.056147200368,47.668408900400834
6902.094808523053,46.940646932455785
6922.133469845737,45.48512299656568
6942.172131168421,49.12393283629093
6962.210792491106,56.40155251574144
6982.24945381379,55.309909563823865
7002.2881151364745,49.48781382026346
7022.326776459159,57.85707645163154
7042.365437781843,56.037671531768915
7062.404099104528,55.67379054779639
7082.442760427212,55.67379054779639
7102.481421749896,58.94871940354912
7122.520083072581,52.03498070807114
7142.5587443952645,55.67379054779639
7162.597405717949,55.309909563823865
7182.636067040634,53.49050464396124
7202.674728363318,60.76812432341175
7222.713389686002,45.84900398053821
7242.752051008687,52.39886169204367
7262.790712331371,62.9514102272469
7282.829373654055,65.49857711505457
7302.86803497674,60.0403623554667
7322.906696299424,64.04305317916447
7342.9453576221085,60.0403623554667
7362.984018944793,56.037671531768915
7383.022680267477,70.59291089066994
7403.061341590162,76.41500663423034
7423.100002912846,75.6872446662853
7443.13866423553,72.41231581053256
7463.177325558215,70.59291089066994
7483.215986880899,66.22633908299963
7503.254648203583,72.41231581053256
7523.293309526268,78.23441155409297
7543.331970848952,68.04574400286226
7563.370632171636,70.59291089066994
7583.409293494321,75.32336368231276
7603.447954817005,71.6845538425875
7623.486616139689,74.95948269834024
7643.525277462374,79.32605450601055
7663.563938785058,69.50126793875236
7683.602600107743,76.41500663423034
7703.641261430427,78.23441155409297
7723.679922753111,81.87322139381823
7743.718584075796,83.69262631368085
7763.75724539848,72.04843482656004
7783.795906721164,80.05381647395559
7803.834568043849,70.2290299066974
7823.873229366533,85.14815024957095
7843.911890689217,78.5982925380655
7863.950552011902,91.33412697710389
7883.989213334586,93.88129386491157
7904.02787465727,96.42846075271925
7924.066535979955,109.89205715970269
7944.105197302639,102.9783184642247
7964.143858625323,114.98639093531804
7984.182519948008,144.82463162106512
8004.221181270692,147.3717985088728
8024.259842593377,160.10763294791118
8044.298503916061,158.6521090120211
8064.337165238745,151.01060834859805
8084.37582656143,144.09686965312008
8104.414487884114,151.01060834859805
8124.453149206798,119.71684372696087
8144.491810529483,123.35565356668613
8164.5304718521675,104.79772338408733
8184.569133174852,110.98370011162027
8204.607794497535,106.61712830394995
8224.646455820219,102.61443748025218
8244.685117142904,112.07534306353783
8264.723778465588,115.71415290326308
8284.762439788272,116.80579585518066
8304.801101110957,117.89743880709824
8324.839762433641,113.53086699942794
8344.878423756325,102.61443748025218
8364.91708507901,109.52817617573015
8384.955746401694,110.25593814367521
8404.994407724378,128.44998734230148
8425.033069047062,120.0807247109334
8445.071730369747,121.90012963079602
8465.110391692431,125.17505848654875
8485.149053015115,151.7383703165431
8505.1877143378,159.0159899959936
8525.226375660484,216.1453044796801
8545.265036983168,250.3501169730975
8565.303698305854,328.948409511163
8585.342359628537,400.996844337723
8605.381020951221,464.3121355489425
8625.419682273907,469.04258834058527
8645.45834359659,478.50349392387096
8665.497004919274,439.93210962278323
8685.53566624196,360.2421741328002
8705.574327564644,316.94033704006966
8725.612988887327,261.6304274762458
8745.651650210013,199.40677921694393
8765.690311532697,180.48496805037263
8785.72897285538,164.11032377160896
8805.767634178066,161.19927589982876
8825.80629550075,146.28015555695524
8845.844956823434,155.01329917229583
8865.88361814612,161.5631568838013
8885.922279468803,164.4742047555815
8905.960940791487,161.92703786777383
8925.999602114172,164.83808573955403
8946.038263436856,149.91896539668048
8966.07692475954,151.01060834859805
8986.115586082225,172.84346738694958
9006.15424740491,149.19120342873543
9026.192908727593,165.20196672352654
9046.231570050279,153.92165622037825
9066.270231372962,143.369107685175
9086.308892695646,161.19927589982876
9106.347554018332,156.83270409215845
9126.386215341015,153.92165622037825
9146.4248766637,155.37718015626837
9166.463537986383,161.19927589982876
9186.502199309069,157.196585076131
9206.540860631752,154.64941818832332
9226.579521954436,153.92165622037825
9246.618183277122,164.11032377160896
9266.656844599805,169.20465754722434
9286.69550592249,179.75720608242756
9306.734167245175,164.11032377160896
9326.772828567859,173.93511033886716
9346.811489890542,168.47689557927927
9366.850151213228,172.84346738694958
9386.888812535912,173.57122935489463
9406.927473858595,161.92703786777383
9426.966135181281,181.9404919862627
9447.004796503965,183.39601592215283
9467.043457826649,179.75720608242756
9487.082119149334,188.12646871379565
9507.120780472018,219.78411431940538
9527.159441794702,230.3366628546086
9547.198103117387,225.9700910469383
9567.236764440071,241.25309237378437
9587.275425762755,228.8811389187185
9607.31408708544,219.78411431940538
9627.352748408124,226.33397203091081
9647.391409730808,210.68708972009222
9667.430071053494,204.50111299255929
9687.468732376177,190.3097546176308
9707.507393698861,190.67363560160334
9727.546055021547,170.2963004991419
9747.58471634423,192.8569215054385
9767.623377666914,197.22349331310878
9787.6620389896,182.30437297023525
9807.700700312284,182.30437297023525
9827.739361634967,190.3097546176308
9847.778022957653,188.12646871379565
9867.816684280337,195.40408839324616
9887.85534560302,184.12377789009787
9907.894006925704,188.12646871379565
9927.93266824839,189.94587363365827
9947.971329571074,186.67094477790556
9968.009990893757,194.31244544132858
9988.048652216443,192.12915953749342
10008.087313539127,183.75989690612533
10028.12597486181,188.12646871379565
10048.164636184496,199.40677921694393
10068.20329750718,195.04020740927365
10088.241958829864,194.6763264253011
10108.28062015255,197.5873742970813
10128.319281475233,197.5873742970813
10148.357942797917,194.6763264253011
10168.396604120602,179.02944411448252
10188.435265443286,183.39601592215283
10208.47392676597,194.6763264253011
10228.512588088655,200.134541184889
10248.551249411339,198.31513626502635
10268.589910734023,203.0455890566692
10288.628572056708,201.22618413680658
10308.667233379392,199.77066020091647
10328.705894702076,199.40677921694393
10348.744556024762,182.30437297023525
10368.783217347445,202.68170807269667
10388.821878670129,202.68170807269667
10408.860539992815,200.134541184889
10428.899201315498,197.22349331310878
10448.937862638182,198.6790172489989
10468.976523960868,187.76258772982314
10489.015185283552,190.67363560160334
10509.053846606235,197.22349331310878
10529.09250792892,199.40677921694393
10549.131169251605,200.86230315283404
10569.169830574288,194.31244544132858
10589.208491896974,197.95125528105385
10609.247153219658,209.23156578420213
10629.285814542342,200.86230315283404
10649.324475865025,189.58199264968576
10669.36313718771,196.49573134516373
10689.401798510395,181.5766110022902
10709.440459833078,195.40408839324616
10729.479121155764,203.4094700406417
10749.517782478448,207.04827988036698
10769.556443801132,203.77335102461424
10789.595105123817,217.60082841557022
10809.6337664465,218.32859038351526
10829.672427769185,211.4148516880373
10849.71108909187,230.3366628546086
10869.749750414554,218.32859038351526
10889.788411737238,225.60621006296577
10909.827073059923,214.68978054379002
10929.865734382607,196.49573134516373
10949.90439570529,189.21811166571322
10969.943057027976,186.67094477790556
10989.98171835066,198.31513626502635
11010.020379673344,194.31244544132858
11030.05904099603,173.20734837092212
11050.097702318713,193.94856445735607
11070.136363641397,197.95125528105385
11090.175024964083,189.58199264968576
11110.213686286766,203.77335102461424
11130.25234760945,189.94587363365827
11150.291008932136,190.67363560160334
11170.32967025482,196.85961232913627
11190.368331577503,195.04020740927365
11210.406992900189,193.94856445735607
11230.445654222873,184.8515398580429
11250.484315545556,189.94587363365827
11270.522976868242,187.03482576187807
11290.561638190926,192.8569215054385
11310.60029951361,183.39601592215283
11330.638960836295,193.58468347338354
11350.677622158979,194.31244544132858
11370.716283481663,187.76258772982314
11390.754944804346,183.39601592215283
11410.793606127032,190.67363560160334
11430.832267449716,189.58199264968576
11450.8709287724,183.0321349381803
11470.909590095085,189.21811166571322
11490.948251417769,199.40677921694393
11510.986912740453,182.30437297023525
11531.025574063138,192.12915953749342
11551.064235385822,190.3097546176308
11571.102896708506,177.2100391946199
11591.141558031191,189.21811166571322
11611.180219353875,195.04020740927365
11631.218880676559,168.8407765632518
11651.257541999244,180.84884903434514
11671.296203321928,172.11570541900454
11691.334864644612,199.04289823297142
11711.373525967298,177.93780116256494
11731.412187289981,184.4876588740704
11751.450848612665,173.57122935489463
11771.48950993535,185.9431828099605
11791.528171258034,164.11032377160896
11811.566832580718,165.56584770749907
11831.605493903404,173.57122935489463
11851.644155226088,169.20465754722434
11871.682816548771,176.48227722667482
11891.721477871457,171.38794345105947
11911.76013919414,157.56046606010352
11931.798800516824,162.65479983571888
11951.83746183951,179.02944411448252
11971.876123162194,172.11570541900454
11991.914784484878,166.29360967544412
12011.953445807563,176.48227722667482
12031.992107130247,163.38256180366392
12052.03076845293,177.2100391946199
12072.069429775616,176.11839624270232
12092.1080910983,161.19927589982876
12112.146752420984,159.0159899959936
12132.185413743668,157.196585076131
12152.224075066353,164.83808573955403
12172.262736389037,169.56853853119685
12192.30139771172,148.4634414607904
12212.340059034406,166.65749065941665
12232.37872035709,147.3717985088728
12252.417381679774,153.55777523640575
12272.45604300246,157.196585076131
12292.494704325143,154.64941818832332
12312.533365647827,150.64672736462552
12332.572026970513,151.3744893325706
12352.610688293196,152.10225130051563
12372.64934961588,146.64403654092774
12392.688010938566,142.27746473325746
12412.72667226125,148.09956047681786
12432.765333583933,150.64672736462552
12452.803994906619,134.27208308586188
12472.842656229303,148.4634414607904
12492.881317551986,132.8165591499718
12512.919978874672,144.4607506370926
12532.958640197356,134.63596406983442
12552.99730152004,149.55508441270797
12573.035962842725,135.36372603777946
12593.074624165409,132.08879718202672
12613.113285488093,144.82463162106512
12633.151946810778,130.63327324613664
12653.190608133462,140.0941788294223
12673.229269456146,131.72491619805422
12693.267930778831,126.99446340641138
12713.306592101515,133.90820210188937
12733.345253424199,127.72222537435643
12753.383914746884,134.27208308586188
12773.422576069568,129.90551127819157
12793.461237392252,118.6252007750433
12813.499898714937,135.36372603777946
12833.538560037621,123.71953455065865
12853.577221360305,129.17774931024653
12873.615882682989,120.0807247109334
12893.654544005674,121.17236766285097
12913.693205328358,111.34758109559279
12933.731866651042,118.26131979107076
12953.770527973727,119.35296274298834
12973.809189296411,123.71953455065865
12993.847850619095,109.52817617573015
13013.88651194178,106.25324731997743
13033.925173264464,110.98370011162027
13053.963834587148,117.53355782312572
13074.002495909834,105.52548535203238
13094.041157232517,107.34489027189501
13114.079818555201,100.0672705924445
13134.118479877887,94.97293681682913
13154.15714120057,103.34219944819722
13174.195802523254,97.52010370463682
13194.23446384594,102.9783184642247
13214.273125168624,93.88129386491157
13234.311786491307,98.97562764052692
13254.350447813993,92.78965091299399
13274.389109136677,89.87860304121378
13294.42777045936,92.78965091299399
13314.466431782046,74.59560171436772
13334.50509310473,89.87860304121378
13354.543754427414,84.4203882816259
13374.5824157501,81.87322139381823
13394.621077072783,88.7869600892962
13414.659738395467,90.60636500915884
13434.698399718152,77.87053057012045
13454.737061040836,75.32336368231276
13474.77572236352,78.96217352203801
13494.814383686205,68.40962498683479
13514.85304500889,72.77619679450508
13534.891706331573,72.41231581053256
13554.930367654257,65.86245809902711
13574.969028976942,66.59022006697215
13595.007690299626,65.49857711505457
13615.04635162231,70.2290299066974
13635.085012944995,63.67917219519195
13655.12367426768,62.223648259301854
13675.162335590363,69.86514892272488
13695.200996913049,68.04574400286226
13715.239658235732,60.0403623554667
13735.278319558416,65.86245809902711
13755.316980881102,58.5848384195766
13775.355642203785,46.576765948483256
13795.39430352647,49.48781382026346
13815.432964849155,44.02959906067558
13835.471626171839,51.30721874012609
13855.510287494522,48.032289884373355
13875.548948817208,48.396170868345884
13895.587610139892,46.940646932455785
13915.626271462575,41.4824321728679
13935.664932785261,34.93257446136244
13955.703594107945,36.38809839725254
13975.742255430629,37.84362233314265
13995.780916753314,38.935265285060225
14015.819578075998,36.02421741328002
14035.858239398682,36.02421741328002
14055.896900721367,32.02152658958224
14075.935562044051,36.38809839725254
14095.974223366735,28.382716749856986
14116.01288468942,29.110478717802035
14136.051546012104,25.47166887807678
14156.090207334788,22.924501990269103
14176.128868657474,20.013454118488898
14196.167529980157,25.835549862049305
14216.206191302841,21.468978054379
14236.244852625527,21.468978054379
14256.28351394821,21.832859038351526
14276.322175270894,24.380025926159206
14296.360836593578,15.646882310818594
14316.399497916263,14.919120342873542
14336.438159238947,19.649573134516373
14356.476820561631,14.555239358901018
14376.515481884317,17.46628723068122
14396.554143207,12.371953455065865
14416.592804529684,11.644191487120814
14436.63146585237,12.008072471093339
14456.670127175053,13.099715423010917
14476.708788497737,8.00538164739556
14496.747449820423,10.916429519175763
14516.786111143107,8.369262631368086
14536.82477246579,7.277619679450509
14556.863433788476,8.369262631368086
14576.90209511116,9.460905583285662
14596.940756433843,9.097024599313135
14616.979417756529,7.6415006634230345
14637.018079079213,6.913738695477983
14657.056740401897,4.730452791642831
14677.095401724582,6.185976727532933
14697.134063047266,6.913738695477983
14717.17272436995,5.458214759587881
14737.211385692635,5.094333775615356
14757.250047015319,4.00269082369778
14777.288708338003,4.00269082369778
14797.327369660688,4.00269082369778
14817.366030983372,2.547166887807678
14837.404692306056,3.6388098397252544
14857.443353628742,1.4555239358901018
14877.482014951425,1.4555239358901018
14897.520676274109,0.36388098397252544
14917.559337596795,1.8194049198626272
14937.597998919478,1.0916429519175763
14957.636660242162,2.1832859038351526
14977.675321564848,0.7277619679450509
14997.713982887532,1.4555239358901018
15017.752644210215,2.1832859038351526
15037.791305532899,0.7277619679450509
15057.829966855585,1.4555239358901018
15077.868628178268,0.0
15097.907289500952,0.36388098397252544
15117.945950823638,1.8194049198626272
15137.984612146322,0.0
15158.023273469005,0.36388098397252544
15178.06193479169,0.0
15198.100596114375,0.0
15218.139257437058,0.0
15238.177918759744,0.0
15258.216580082428,0.0
15278.255241405112,0.0
15298.293902727797,0.0
15318.33256405048,0.36388098397252544
15338.371225373165,0.0
15358.40988669585,0.0
15378.448548018534,0.0
15398.487209341218,0.0
15418.525870663903,0.36388098397252544
15438.564531986587,0.0
15458.60319330927,0.0
15478.641854631956,0.0
15498.68051595464,0.0
15518.719177277324,0.36388098397252544
15538.75783860001,0.36388098397252544
15558.796499922693,0.0
15578.835161245377,0.0
15598.873822568063,0.0
15618.912483890746,0.0
15638.95114521343,0.0
15658.989806536116,0.0
15679.0284678588,0.0
15699.067129181483,0.0
15719.105790504169,0.0
15739.144451826853,0.0
15759.183113149536,0.36388098397252544
15779.22177447222,0.0
15799.260435794906,0.0
15819.29909711759,0.0
15839.337758440273,0.0
15859.376419762959,0.36388098397252544
15879.415081085643,0.0
15899.453742408326,0.0
15919.492403731012,0.36388098397252544
15939.531065053696,0.7277619679450509
15959.56972637638,0.0
15979.608387699065,0.0
15999.647049021749,0.0
16019.685710344433,0.0
16039.724371667118,0.0
16059.763032989802,0.0
16079.801694312486,0.0
16099.840355635171,0.0
16119.879016957855,0.7277619679450509
16139.917678280539,0.36388098397252544
16159.956339603224,0.0
16179.995000925908,0.0
16200.033662248592,0.36388098397252544
16220.072323571278,0.0
16240.110984893961,0.0
16260.149646216645,0.0
16280.18830753933,0.36388098397252544
16300.226968862014,0.36388098397252544
16320.265630184698,0.0
16340.304291507384,0.0
16360.342952830068,0.0
16380.381614152753,0.0
16400.420275475437,0.0
16420.45893679812,0.0
16440.497598120804,0.0
16460.53625944349,0.36388098397252544
16480.574920766172,0.0
16500.61358208886,0.36388098397252544
16520.652243411543,0.36388098397252544
16540.690904734227,0.0
16560.72956605691,0.0
16580.768227379594,0.36388098397252544
16600.80688870228,0.0
16620.845550024966,0.0
16640.88421134765,0.0
16660.922872670333,0.7277619679450509
16680.961533993017,0.36388098397252544
16701.0001953157,0.0
16721.038856638384,0.0
16741.077517961072,0.0
16761.116179283756,0.0
16781.15484060644,0.0
16801.193501929123,0.0
16821.232163251807,0.0
16841.27082457449,0.36388098397252544
16861.309485897174,0.0
16881.348147219862,0.0
16901.386808542546,0.0
16921.42546986523,0.7277619679450509
16941.464131187913,0.0
16961.502792510597,0.0
16981.54145383328,0.0
17001.580115155968,0.0
17021.618776478652,0.0
17041.657437801336,0.7277619679450509
17061.69609912402,0.0
17081.734760446703,0.0
17101.773421769387,0.36388098397252544
17121.812083092074,0.36388098397252544
17141.850744414758,0.0
17161.889405737442,0.36388098397252544
17181.928067060126,0.0
17201.96672838281,0.7277619679450509
17222.005389705493,0.0
17242.04405102818,0.0
17262.082712350864,0.7277619679450509
17282.121373673548,0.36388098397252544
17302.160034996232,0.36388098397252544
17322.198696318916,0.36388098397252544
17342.2373576416,0.0
17362.276018964287,0.0
17382.31468028697,0.0
17402.353341609654,0.7277619679450509
17422.392002932338,0.0
17442.430664255022,0.0
17462.469325577706,0.0
17482.507986900393,0.7277619679450509
17502.546648223077,0.0
17522.58530954576,0.0
17542.623970868444,0.7277619679450509
17562.662632191128,0.36388098397252544
17582.701293513812,0.7277619679450509
17602.739954836496,0.0
17622.778616159183,0.36388098397252544
17642.817277481867,0.36388098397252544
17662.85593880455,0.36388098397252544
17682.894600127234,0.0
17702.933261449918,0.0
17722.971922772602,0.0
17743.01058409529,0.36388098397252544
17763.049245417973,0.0
17783.087906740657,0.36388098397252544
17803.12656806334,0.7277619679450509
17823.165229386024,0.0
17843.203890708708,1.4555239358901018
17863.242552031395,0.7277619679450509
17883.28121335408,0.36388098397252544
17903.319874676763,0.0
17923.358535999447,1.0916429519175763
17943.39719732213,0.36388098397252544
17963.435858644814,0.36388098397252544
17983.4745199675,0.36388098397252544
18003.513181290185,0.36388098397252544
18023.55184261287,0.0
18043.590503935553,0.0
18063.629165258237,0.36388098397252544
18083.66782658092,0.0
18103.706487903608,0.7277619679450509
18123.74514922629,0.0
18143.783810548975,0.36388098397252544
18163.82247187166,0.0
18183.861133194343,0.0
18203.899794517027,0.0
18223.938455839714,0.0
18243.977117162398,0.36388098397252544
18264.01577848508,0.0
18284.054439807765,0.36388098397252544
18304.09310113045,0.36388098397252544
18324.131762453133,0.36388098397252544
18344.170423775817,0.0
18364.209085098504,0.0
18384.247746421188,0.36388098397252544
18404.28640774387,0.0
18424.325069066555,0.36388098397252544
18444.36373038924,0.0
18464.402391711923,0.7277619679450509
18484.44105303461,0.36388098397252544
18504.479714357294,0.36388098397252544
18524.518375679978,0.36388098397252544
18544.55703700266,0.0
18564.595698325345,0.7277619679450509
18584.63435964803,0.7277619679450509
18604.673020970717,0.0
18624.7116822934,0.7277619679450509
18644.750343616084,0.36388098397252544
18664.789004938768,0.36388098397252544
18684.82766626145,0.7277619679450509
18704.866327584135,0.0
18724.904988906823,0.36388098397252544
18744.943650229507,0.7277619679450509
18764.98231155219,0.36388098397252544
18785.020972874874,0.0
18805.059634197558,0.36388098397252544
18825.09829552024,0.0
18845.13695684293,0.0
18865.175618165613,0.36388098397252544
18885.214279488297,0.7277619679450509
18905.25294081098,0.0
18925.291602133664,0.0
18945.330263456348,0.7277619679450509
18965.368924779035,0.36388098397252544
18985.40758610172,0.0
19005.446247424403,0.0
19025.484908747087,1.0916429519175763
19045.52357006977,0.0
19065.562231392454,0.0
19085.600892715138,0.36388098397252544
19105.639554037825,0.7277619679450509
19125.67821536051,0.0
19145.716876683193,0.7277619679450509
19165.755538005877,0.36388098397252544
19185.79419932856,0.0
19205.832860651244,0.36388098397252544
19225.87152197393,0.36388098397252544
19245.910183296615,0.36388098397252544
19265.9488446193,0.0
19285.987505941983,0.0
19306.026167264667,0.0
19326.06482858735,0.0
19346.103489910038,0.0
19366.14215123272,0.36388098397252544
19386.180812555405,0.0
19406.21947387809,0.36388098397252544
19426.258135200773,0.0
19446.296796523457,0.0
19466.335457846144,0.0
19486.374119168828,0.36388098397252544
19506.41278049151,0.36388098397252544
19526.451441814195,0.0
19546.49010313688,1.0916429519175763
19566.528764459563,0.0
19586.56742578225,0.0
19606.606087104934,1.0916429519175763
19626.644748427618,0.36388098397252544
19646.6834097503,0.0
19666.722071072985,1.0916429519175763
19686.76073239567,1.0916429519175763
19706.799393718356,0.0
19726.83805504104,0.0
19746.876716363724,0.36388098397252544
19766.915377686408,0.0
19786.95403900909,1.4555239358901018
19806.992700331775,0.0
19827.03136165446,0.36388098397252544
19847.070022977146,0.0
19867.10868429983,0.36388098397252544
19887.147345622514,1.0916429519175763
19907.186006945198,0.0
19927.22466826788,0.36388098397252544
19947.263329590565,0.7277619679450509
19967.301990913253,0.0
19987.340652235936,0.36388098397252544
20007.37931355862,0.0
20027.417974881304,0.36388098397252544
20047.456636203988,0.36388098397252544
20067.49529752667,0.7277619679450509
20087.53395884936,0.36388098397252544
20107.572620172043,0.0
20127.611281494726,0.0
20147.64994281741,0.36388098397252544
20167.688604140094,0.0
20187.727265462778,0.7277619679450509
20207.765926785465,0.0
20227.80458810815,0.0
20247.843249430833,0.0
20267.881910753516,1.4555239358901018
20287.9205720762,0.36388098397252544
20307.959233398884,0.7277619679450509
20327.99789472157,0.36388098397252544
20348.036556044255,1.0916429519175763
20368.07521736694,0.36388098397252544
20388.113878689623,0.36388098397252544
20408.152540012306,1.0916429519175763
20428.19120133499,0.0
20448.229862657678,0.0
20468.26852398036,1.0916429519175763
20488.307185303045,0.7277619679450509
20508.34584662573,0.0
20528.384507948413,0.0
20548.423169271096,0.7277619679450509
20568.46183059378,0.36388098397252544
20588.500491916468,0.7277619679450509
20608.53915323915,0.36388098397252544
20628.577814561835,0.0
20648.61647588452,0.7277619679450509
20668.655137207203,0.36388098397252544
20688.693798529886,0.36388098397252544
20708.732459852574,0.7277619679450509
20728.771121175258,0.36388098397252544
20748.80978249794,0.0
20768.848443820625,0.36388098397252544
20788.88710514331,0.36388098397252544
20808.925766465993,0.36388098397252544
20828.96442778868,1.0916429519175763
20849.003089111364,0.36388098397252544
20869.041750434048,0.7277619679450509
20889.08041175673,0.0
20909.119073079415,0.36388098397252544
20929.1577344021,0.7277619679450509
20949.196395724786,0.36388098397252544
20969.23505704747,0.36388098397252544
20989.273718370154,0.36388098397252544
21009.312379692838,0.0
21029.35104101552,0.36388098397252544
21049.389702338205,0.7277619679450509
21069.428363660893,0.0
21089.467024983576,0.7277619679450509
21109.50568630626,0.0
21129.544347628944,0.0
21149.583008951628,0.0
21169.62167027431,0.36388098397252544
21189.660331597,0.0
21209.698992919682,0.0
21229.737654242366,0.36388098397252544
21249.77631556505,0.36388098397252544
21269.814976887734,0.0
21289.853638210418,0.0
21309.8922995331,0.36388098397252544
21329.93096085579,0.7277619679450509
21349.969622178472,0.36388098397252544
21370.008283501156,0.36388098397252544
21390.04694482384,0.36388098397252544
21410.085606146524,0.36388098397252544
21430.124267469208,1.0916429519175763
21450.162928791895,0.36388098397252544
21470.20159011458,0.36388098397252544
21490.240251437262,1.0916429519175763
21510.278912759946,0.0
21530.31757408263,1.8194049198626272
21550.356235405314,0.0
21570.394896728,0.36388098397252544
21590.433558050685,1.0916429519175763
21610.47221937337,0.0
21630.510880696052,0.7277619679450509
21650.549542018736,0.0
21670.58820334142,1.0916429519175763
21690.626864664107,0.36388098397252544
21710.66552598679,0.7277619679450509
21730.704187309475,0.0
21750.74284863216,0.0
21770.781509954842,0.0
21790.820171277526,0.36388098397252544
21810.858832600214,1.0916429519175763
21830.897493922897,0.0
21850.93615524558,1.0916429519175763
21870.974816568265,0.36388098397252544
21891.01347789095,0.36388098397252544
21911.052139213632,0.0
21931.09080053632,0.7277619679450509
21951.129461859004,0.7277619679450509
21971.168123181687,0.0
21991.20678450437,0.36388098397252544
22011.245445827055,0.0
22031.28410714974,0.36388098397252544
22051.322768472422,0.0
22071.36142979511,0.36388098397252544
22091.400091117794,0.36388098397252544
22111.438752440477,0.36388098397252544
22131.47741376316,0.0
22151.516075085845,0.0
22171.55473640853,0.36388098397252544
22191.593397731216,0.36388098397252544
22211.6320590539,0.36388098397252544
22231.670720376584,0.36388098397252544
22251.709381699267,0.36388098397252544
22271.74804302195,0.0
22291.786704344635,0.36388098397252544
22311.825365667322,0.36388098397252544
22331.864026990006,0.36388098397252544
22351.90268831269,0.0
22371.941349635374,0.0
22391.980010958057,0.36388098397252544
22412.01867228074,0.36388098397252544
22432.05733360343,0.7277619679450509
22452.095994926112,0.36388098397252544
22472.134656248796,0.36388098397252544
22492.17331757148,0.36388098397252544
22512.211978894164,0.36388098397252544
22532.250640216847,0.36388098397252544
22552.289301539535,0.0
22572.32796286222,0.7277619679450509
22592.366624184902,0.0
22612.405285507586,0.0
22632.44394683027,0.36388098397252544
22652.482608152954,0.0
22672.52126947564,0.0
22692.559930798325,0.36388098397252544
22712.59859212101,0.7277619679450509
22732.637253443692,0.7277619679450509
22752.675914766376,0.36388098397252544
22772.71457608906,0.0
22792.753237411744,0.0
22812.79189873443,0.0
22832.830560057115,0.7277619679450509
22852.8692213798,0.36388098397252544
22872.907882702482,0.36388098397252544
22892.946544025166,0.0
22912.98520534785,0.36388098397252544
22933.023866670537,0.36388098397252544
22953.06252799322,0.0
22973.101189315905,0.0
22993.13985063859,0.0
23013.178511961272,0.36388098397252544
23033.217173283956,0.7277619679450509
23053.255834606643,0.36388098397252544
23073.294495929327,0.0
23093.33315725201,0.36388098397252544
23113.371818574695,0.0
23133.41047989738,0.36388098397252544
23153.449141220062,0.36388098397252544
23173.48780254275,0.0
23193.526463865433,0.0
23213.565125188117,0.0
23233.6037865108,0.36388098397252544
23253.642447833485,0.36388098397252544
23273.68110915617,0.0
23293.719770478856,0.36388098397252544
23313.75843180154,0.0
23333.797093124223,0.0
23353.835754446907,0.36388098397252544
23373.87441576959,0.36388098397252544
23393.913077092275,0.0
23413.951738414962,0.0
23433.990399737646,0.36388098397252544
23454.02906106033,0.0
23474.067722383013,0.0
23494.106383705697,0.0
23514.14504502838,0.0
23534.183706351065,0.36388098397252544
23554.222367673752,0.36388098397252544
23574.261028996436,0.0
23594.29969031912,0.36388098397252544
23614.338351641803,0.0
23634.377012964487,0.7277619679450509
23654.41567428717,0.0
23674.45433560986,0.0
23694.492996932542,0.7277619679450509
23714.531658255226,0.0
23734.57031957791,0.36388098397252544
23754.608980900593,0.0
23774.647642223277,0.7277619679450509
23794.686303545965,0.0
23814.72496486865,0.36388098397252544
23834.763626191332,0.36388098397252544
23854.802287514016,0.0
23874.8409488367,0.0
23894.879610159383,0.0
23914.91827148207,0.36388098397252544
23934.956932804755,0.0
23954.99559412744,0.0
23975.034255450122,0.36388098397252544
23995.072916772806,0.36388098397252544
24015.11157809549,0.0
24035.150239418177,0.0
24055.18890074086,0.7277619679450509
24075.227562063545,0.0
24095.26622338623,0.0
24115.304884708912,0.0
24135.343546031596,0.36388098397252544
24155.382207354283,0.36388098397252544
24175.420868676967,0.0
24195.45952999965,0.0
24215.498191322335,0.0
24235.53685264502,0.36388098397252544
24255.575513967702,0.0
24275.614175290386,0.36388098397252544
24295.652836613073,0.0
24315.691497935757,0.0
24335.73015925844,0.0
24355.768820581125,0.0
24375.80748190381,0.0
24395.846143226492,0.7277619679450509
24415.88480454918,0.0
24435.923465871863,0.0
24455.962127194547,0.0
24476.00078851723,0.0
24496.039449839915,0.0
24516.0781111626,0.0
24536.116772485286,0.0
24556.15543380797,0.0
24576.194095130653,0.0
24596.232756453337,0.0
24616.27141777602,0.0
24636.310079098705,0.0
24656.348740421392,0.36388098397252544
24676.387401744076,0.0
24696.42606306676,0.0
24716.464724389443,0.0
24736.503385712127,0.0
24756.54204703481,0.0
24776.5807083575,0.36388098397252544
24796.619369680182,0.0
24816.658031002866,0.0
24836.69669232555,0.0
24856.735353648233,0.0
24876.774014970917,0.36388098397252544
24896.812676293604,0.0
24916.85133761629,0.0
24936.889998938972,0.36388098397252544
24956.928660261656,0.0
24976.96732158434,0.0
24997.005982907023,0.0
25017.044644229707,0.0
25037.083305552394,0.0
25057.12196687508,0.0
25077.160628197762,0.0
25097.199289520446,0.0
25117.23795084313,0.36388098397252544
25137.276612165813,0.0
25157.3152734885,0.0
25177.353934811184,0.0
25197.39259613387,0.0
25217.431257456552,0.0
25237.469918779236,0.0
25257.50858010192,0.0
25277.547241424607,0.36388098397252544
25297.58590274729,0.0
25317.624564069974,0.0
25337.66322539266,0.36388098397252544
25357.701886715342,0.0
25377.740548038026,0.0
25397.779209360713,0.0
25417.817870683397,0.36388098397252544
25437.85653200608,0.0
25457.895193328764,0.0
25477.93385465145,0.0
25497.972515974132,0.0
25518.01117729682,0.0
25538.049838619503,0.0
25558.088499942187,0.0
25578.12716126487,0.0
25598.165822587554,0.36388098397252544
25618.20448391024,0.36388098397252544
25638.243145232926,0.0
25658.28180655561,0.0
25678.320467878293,0.0
25698.359129200977,0.36388098397252544
25718.39779052366,0.0
25738.436451846344,0.0
25758.47511316903,0.36388098397252544
25778.513774491716,0.0
25798.5524358144,0.0
25818.591097137083,0.0
25838.629758459767,0.0
25858.66841978245,0.0
25878.707081105134,0.0
25898.745742427822,0.0
25918.784403750506,0.0
25938.82306507319,0.0
25958.861726395873,0.36388098397252544
25978.900387718557,0.0
25998.93904904124,0.0
26018.977710363928,0.0
26039.016371686612,0.0
26059.055033009296,0.0
26079.09369433198,0.0
26099.132355654663,0.0
26119.171016977347,0.0
26139.209678300034,0.0
26159.248339622718,0.0
26179.2870009454,0.0
26199.325662268086,0.0
26219.36432359077,0.0
26239.402984913453,0.0
26259.44164623614,0.0
26279.480307558824,0.0
26299.518968881508,0.0
26319.55763020419,0.36388098397252544
26339.596291526876,0.0
26359.63495284956,0.36388098397252544
26379.673614172243,0.0
26399.71227549493,0.0
26419.750936817614,0.0
26439.789598140298,0.0
26459.82825946298,0.0
26479.866920785666,0.0
26499.90558210835,0.0
26519.944243431037,0.0
26539.98290475372,0.0
26560.021566076404,0.0
26580.060227399088,0.0
26600.09888872177,0.0
26620.137550044456,0.0
26640.176211367143,0.0
26660.214872689827,0.0
26680.25353401251,0.0
26700.292195335194,0.0
26720.330856657878,0.0
26740.36951798056,0.0
26760.40817930325,0.0
26780.446840625933,0.0
26800.485501948617,0.0
26820.5241632713,0.0
26840.562824593984,0.0
26860.601485916668,0.0
26880.640147239355,0.0
26900.67880856204,0.0
26920.717469884723,0.0
26940.756131207407,0.0
26960.79479253009,0.0
26980.833453852774,0.0
27000.87211517546,0.0
27020.910776498145,0.0
27040.94943782083,0.0
27060.988099143513,0.0
27081.026760466197,0.0
27101.06542178888,0.0
27121.104083111564,0.0
27141.14274443425,0.0
27161.181405756935,0.0
27181.22006707962,0.0
27201.258728402303,0.0
27221.297389724987,0.0
27241.33605104767,0.0
27261.374712370358,0.0
27281.41337369304,0.0
27301.452035015725,0.0
27321.49069633841,0.0
27341.529357661093,0.0
27361.568018983777,0.0
27381.606680306464,0.0
27401.645341629148,0.0
27421.68400295183,0.0
27441.722664274515,0.0
27461.7613255972,0.0
27481.799986919883,0.0
27501.83864824257,0.0
27521.877309565254,0.0
27541.915970887938,0.0
27561.95463221062,0.0
27581.993293533305,0.0
27602.03195485599,0.0
27622.070616178677,0.0
27642.10927750136,0.0
27662.147938824044,0.0
27682.186600146728,0.0
27702.22526146941,0.0
27722.263922792095,0.0
27742.302584114783,0.0
27762.341245437467,0.0
27782.37990676015,0.0
27802.418568082834,0.0
27822.457229405518,0.0
27842.4958907282,0.0
27862.534552050885,0.0
27882.573213373573,0.0
27902.611874696257,0.0
27922.65053601894,0.0
27942.689197341624,0.0
27962.727858664308,0.0
27982.76651998699,0.0
28002.80518130968,0.0
28022.843842632363,0.0
28042.882503955047,0.0
28062.92116527773,0.0
28082.959826600414,0.0
28102.998487923098,0.0
28123.037149245785,0.0
28143.07581056847,0.0
28163.114471891153,0.0
28183.153133213837,0.0
28203.19179453652,0.0
28223.230455859204,0.0
28243.26911718189,0.0
28263.307778504575,0.0
28283.34643982726,0.0
28303.385101149943,0.0
28323.423762472627,0.0
28343.46242379531,0.0
28363.501085117998,0.0
28383.53974644068,0.0
28403.578407763365,0.0
28423.61706908605,0.0
28443.655730408733,0.0
28463.694391731417,0.0
28483.733053054104,0.0
28503.771714376788,0.0
28523.81037569947,0.0
28543.849037022155,0.0
28563.88769834484,0.0
28583.926359667523,0.0
28603.965020990207,0.0
28624.003682312894,0.0
28644.042343635578,0.0
28664.08100495826,0.0
28684.119666280945,0.0
28704.15832760363,0.0
28724.196988926313,0.0
28744.235650249,0.0
28764.274311571684,0.0
28784.312972894368,0.0
28804.35163421705,0.0
28824.390295539735,0.0
28844.42895686242,0.0
28864.467618185106,0.0
28884.50627950779,0.0
28904.544940830474,0.0
28924.583602153158,0.0
28944.62226347584,0.0
28964.660924798525,0.0
28984.699586121213,0.0
29004.738247443896,0.0
29024.77690876658,0.0
29044.815570089264,0.0
29064.854231411948,0.0
29084.89289273463,0.0
29104.93155405732,0.0
29124.970215380003,0.0
29145.008876702686,0.0
29165.04753802537,0.0
29185.086199348054,0.0
29205.124860670738,0.0
29225.163521993425,0.0
29245.20218331611,0.0
29265.240844638793,0.0
29285.279505961476,0.0
29305.31816728416,0.0
29325.356828606844,0.0
29345.395489929528,0.0
29365.434151252215,0.0
29385.4728125749,0.0
29405.511473897583,0.0
29425.550135220266,0.0
29445.58879654295,0.0
29465.627457865634,0.0
29485.66611918832,0.0
29505.704780511005,0.0
29525.74344183369,0.0
29545.782103156373,0.0
29565.820764479056,0.0
29585.85942580174,0.0
29605.898087124428,0.0
29625.93674844711,0.0
29645.975409769795,0.0
29666.01407109248,0.0
29686.052732415163,0.0
29706.091393737846,0.0
29726.130055060534,0.0
29746.168716383218,0.0
29766.2073777059,0.0
29786.246039028585,0.0
29806.28470035127,0.0
29826.323361673953,0.0
29846.36202299664,0.0
29866.400684319324,0.0
29886.439345642008,0.0
29906.47800696469,0.0
29926.516668287375,0.0
29946.55532961006,0.0
29966.593990932746,0.0
29986.63265225543,0.0
30006.671313578114,0.0
30026.709974900798,0.0
30046.74863622348,0.0
30066.787297546165,0.0
30086.82595886885,0.0
30106.864620191536,0.0
30126.90328151422,0.0
30146.941942836904,0.0
30166.980604159588,0.0
30187.01926548227,0.0
30207.057926804955,0.0
30227.096588127642,0.0
30247.135249450326,0.0
30267.17391077301,0.0
30287.212572095694,0.0
30307.251233418378,0.0
30327.28989474106,0.0
30347.32855606375,0.0
30367.367217386432,0.0
30387.405878709116,0.0
30407.4445400318,0.0
30427.483201354484,0.0
30447.521862677168,0.0
30467.560523999855,0.0
30487.59918532254,0.0
30507.637846645222,0.0
30527.676507967906,0.0
30547.71516929059,0.0
30567.753830613274,0.0
30587.79249193596,0.0
30607.831153258645,0.0
30627.86981458133,0.0
30647.908475904012,0.0
30667.947137226696,0.0
30687.98579854938,0.0
30708.024459872067,0.0
30728.06312119475,0.0
30748.101782517435,0.0
30768.14044384012,0.0
30788.179105162802,0.0
30808.217766485486,0.0
30828.25642780817,0.0
30848.295089130857,0.0
30868.33375045354,0.0
30888.372411776225,0.0
30908.41107309891,0.0
30928.449734421592,0.0
30948.488395744276,0.0
30968.527057066964,0.0
30988.565718389647,0.0
31008.60437971233,0.0
31028.643041035015,0.0
31048.6817023577,0.0
31068.720363680382,0.0
31088.75902500307,0.0
31108.797686325754,0.0
31128.836347648437,0.0
31148.87500897112,0.0
31168.913670293805,0.0
31188.95233161649,0.0
31208.990992939176,0.0
31229.02965426186,0.0
31249.068315584544,0.0
31269.106976907227,0.0
31289.14563822991,0.0
31309.184299552595,0.0
31329.222960875282,0.0
31349.261622197966,0.0
31369.30028352065,0.0
31389.338944843334,0.0
31409.377606166017,0.0
31429.4162674887,0.0
31449.45492881139,0.0
31469.493590134072,0.0
31489.532251456756,0.0
31509.57091277944,0.0
31529.609574102124,0.0
31549.648235424807,0.0
31569.68689674749,0.0
31589.72555807018,0.0
31609.764219392862,0.0
31629.802880715546,0.0
31649.84154203823,0.0
31669.880203360914,0.0
31689.918864683597,0.0
31709.957526006285,0.0
31729.99618732897,0.0
31750.034848651652,0.0
31770.073509974336,0.0
31790.11217129702,0.0
31810.150832619704,0.0
31830.18949394239,0.0
31850.228155265075,0.0
31870.26681658776,0.0
31890.305477910442,0.0
31910.344139233126,0.0
31930.38280055581,0.0
31950.421461878497,0.0
31970.46012320118,0.0
31990.498784523865,0.0
32010.53744584655,0.0
32030.576107169232,0.0
32050.614768491916,0.0
32070.653429814603,0.0
32090.692091137287,0.0
32110.73075245997,0.0
32130.769413782655,0.0
32150.80807510534,0.0
32170.846736428022,0.0
32190.88539775071,0.0
32210.924059073393,0.0
32230.962720396077,0.0
32251.00138171876,0.0
32271.040043041445,0.0
32291.07870436413,0.0
32311.117365686812,0.0
32331.1560270095,0.0
32351.194688332183,0.0
32371.233349654867,0.0
32391.27201097755,0.0
32411.310672300235,0.0
32431.34933362292,0.0
32451.387994945606,0.0
32471.42665626829,0.0
32491.465317590973,0.0
32511.503978913657,0.0
32531.54264023634,0.0
32551.581301559025,0.0
32571.619962881712,0.0
32591.658624204396,0.0
32611.69728552708,0.0
32631.735946849763,0.0
32651.774608172447,0.0
32671.81326949513,0.0
32691.85193081782,0.0
32711.890592140502,0.0
32731.929253463186,0.0
32751.96791478587,0.0
32772.00657610856,0.0
32792.04523743124,0.0
32812.083898753925,0.0
32832.122560076605,0.0
32852.16122139929,0.0
32872.19988272198,0.0
32892.23854404466,0.0
32912.27720536735,0.0
32932.31586669003,0.0
32952.354528012715,0.0
32972.393189335395,0.0
32992.43185065808,0.0
33012.47051198077,0.0
33032.50917330345,0.0
33052.54783462614,0.0
33072.58649594882,0.0
33092.625157271505,0.0
33112.663818594185,0.0
33132.70247991687,0.0
33152.74114123956,0.0
33172.77980256224,0.0
33192.81846388493,0.0
33212.85712520761,0.0
33232.895786530295,0.0
33252.93444785298,0.0
33272.97310917566,0.0
33293.01177049835,0.0
33313.05043182103,0.0
33333.08909314372,0.0
33353.1277544664,0.0
33373.166415789085,0.0
33393.20507711177,0.0
33413.24373843445,0.0
33433.28239975714,0.0
33453.32106107982,0.0
33473.35972240251,0.0
33493.398383725194,0.0
33513.437045047875,0.0
33533.47570637056,0.0
33553.51436769324,0.0
33573.55302901593,0.0
33593.59169033861,0.0
33613.6303516613,0.0
33633.669012983984,0.0
33653.707674306665,0.0
33673.74633562935,0.0
33693.78499695203,0.0
33713.82365827472,0.0
33733.8623195974,0.0
33753.90098092009,0.0
33773.939642242774,0.0
33793.978303565455,0.0
33814.01696488814,0.0
33834.05562621082,0.0
33854.09428753351,0.0
33874.1329488562,0.0
33894.17161017888,0.0
33914.210271501564,0.0
33934.248932824245,0.0
33954.28759414693,0.0
33974.32625546961,0.0
33994.3649167923,0.0
34014.40357811499,0.0
34034.44223943767,0.0
34054.480900760354,0.0
34074.519562083035,0.0
34094.55822340572,0.0
34114.59688472841,0.0
34134.63554605109,0.0
34154.67420737378,0.0
34174.71286869646,0.0
34194.751530019144,0.0
34214.790191341825,0.0
34234.82885266451,0.0
34254.8675139872,0.0
34274.90617530988,0.0
34294.94483663257,0.0
34314.98349795525,0.0
34335.022159277934,0.0
34355.06082060062,0.0
34375.0994819233,0.0
34395.13814324599,0.0
34415.17680456867,0.0
34435.21546589136,0.0
34455.25412721404,0.0
34475.292788536724,0.0
34495.33144985941,0.0
34515.37011118209,0.0
34535.40877250478,0.0
34555.44743382746,0.0
34575.48609515015,0.0
34595.52475647283,0.0
34615.563417795514,0.0
34635.6020791182,0.0
34655.64074044088,0.0
34675.67940176357,0.0
34695.71806308625,0.0
34715.75672440894,0.0
34735.795385731624,0.0
34755.834047054304,0.0
34775.87270837699,0.0
34795.91136969967,0.0
34815.95003102236,0.0
34835.98869234504,0.0
34856.02735366773,0.0
34876.066014990414,0.0
34896.104676313094,0.0
34916.14333763578,0.0
34936.18199895846,0.0
34956.22066028115,0.0
34976.25932160384,0.0
34996.29798292652,0.0
35016.336644249204,0.0
35036.375305571884,0.0
35056.41396689457,0.0
35076.45262821725,0.0
35096.49128953994,0.0
35116.52995086263,0.0
35136.56861218531,0.0
35156.607273507994,0.0
35176.645934830674,0.0
35196.68459615336,0.0
35216.72325747604,0.0
35236.76191879873,0.0
35256.80058012142,0.0
35276.8392414441,0.0
35296.877902766784,0.0
35316.916564089464,0.0
35336.95522541215,0.0
35356.99388673484,0.0
35377.03254805752,0.0
35397.07120938021,0.0
35417.10987070289,0.0
35437.148532025574,0.0
35457.187193348254,0.0
35477.22585467094,0.0
35497.26451599363,0.0
35517.30317731631,0.0
35537.341838639,0.0
35557.38049996168,0.0
35577.419161284364,0.0
35597.45782260705,0.0
35617.49648392973,0.0
35637.53514525242,0.0
35657.5738065751,0.0
35677.61246789779,0.0
35697.65112922047,0.0
35717.689790543154,0.0
35737.72845186584,0.0
35757.76711318852,0.0
35777.80577451121,0.0
35797.84443583389,0.0
35817.88309715658,0.0
35837.921758479264,0.0
35857.960419801944,0.0
35877.99908112463,0.0
35898.03774244731,0.0
35918.07640377,0.0
35938.11506509268,0.0
35958.15372641537,0.0
35978.192387738054,0.0
35998.231049060734,0.0
36018.26971038342,0.0
36038.3083717061,0.0
36058.34703302879,0.0
36078.38569435147,0.0
36098.42435567416,0.0
36118.463016996844,0.0
36138.501678319524,0.0
36158.54033964221,0.0
36178.57900096489,0.0
36198.61766228758,0.0
36218.65632361027,0.0
36238.69498493295,0.0
36258.733646255634,0.0
36278.772307578314,0.0
36298.810968901,0.0
36318.84963022368,0.0
36338.88829154637,0.0
36358.92695286906,0.0
36378.96561419174,0.0
36399.004275514424,0.0
36419.042936837104,0.0
36439.08159815979,0.0
36459.12025948248,0.0
36479.15892080516,0.0
36499.19758212785,0.0
36519.23624345053,0.0
36539.274904773214,0.0
36559.313566095894,0.0
36579.35222741858,0.0
36599.39088874127,0.0
36619.42955006395,0.0
36639.46821138664,0.0
36659.50687270932,0.0
36679.545534032004,0.0
36699.584195354684,0.0
36719.62285667737,0.0
36739.66151800006,0.0
36759.70017932274,0.0
36779.73884064543,0.0
36799.77750196811,0.0
36819.816163290794,0.0
36839.85482461348,0.0
36859.89348593616,0.0
36879.93214725885,0.0
36899.97080858153,0.0
36920.00946990422,0.0
36940.0481312269,0.0
36960.086792549584,0.0
36980.12545387227,0.0
37000.16411519495,0.0
37020.20277651764,0.0
37040.24143784032,0.0
37060.28009916301,0.0
37080.318760485694,0.0
37100.357421808374,0.0
37120.39608313106,0.0
37140.43474445374,0.0
37160.47340577643,0.0
37180.51206709911,0.0
37200.5507284218,0.0
37220.589389744484,0.0
37240.628051067164,0.0
37260.66671238985,0.0
37280.70537371253,0.0
37300.74403503522,0.0
37320.78269635791,0.0
37340.82135768059,0.0
37360.860019003274,0.0
37380.898680325954,0.0
37400.93734164864,0.0
37420.97600297132,0.0
37441.01466429401,0.0
37461.0533256167,0.0
37481.09198693938,0.0
37501.130648262064,0.0
37521.169309584744,0.0
37541.20797090743,0.0
37561.24663223011,0.0
37581.2852935528,0.0
37601.32395487549,0.0
37621.36261619817,0.0
37641.401277520854,0.0
37661.439938843534,0.0
37681.47860016622,0.0
37701.51726148891,0.0
37721.55592281159,0.0
37741.59458413428,0.0
37761.63324545696,0.0
37781.671906779644,0.0
37801.710568102324,0.0
37821.74922942501,0.0
37841.7878907477,0.0
37861.82655207038,0.0
37881.86521339307,0.0
37901.90387471575,0.0
37921.942536038434,0.0
37941.98119736112,0.0
37962.0198586838,0.0
37982.05852000649,0.0
38002.09718132917,0.0
38022.13584265186,0.0
38042.17450397454,0.0
38062.213165297224,0.0
38082.25182661991,0.0
38102.29048794259,0.0
38122.32914926528,0.0
38142.36781058796,0.0
38162.406471910646,0.0
38182.44513323333,0.0
38202.483794556014,0.0
38222.5224558787,0.0
38242.56111720138,0.0
38262.59977852407,0.0
38282.63843984675,0.0
38302.677101169436,0.0
38322.715762492124,0.0
38342.754423814804,0.0
38362.79308513749,0.0
38382.83174646017,0.0
38402.87040778286,0.0
38422.90906910554,0.0
38442.947730428226,0.0
38462.986391750914,0.0
38483.025053073594,0.0
38503.06371439628,0.0
38523.10237571896,0.0
38543.14103704165,0.0
38563.179698364336,0.0
38583.218359687016,0.0
38603.257021009704,0.0
38623.295682332384,0.0
38643.33434365507,0.0
38663.37300497775,0.0
38683.41166630044,0.0
38703.450327623126,0.0
38723.488988945806,0.0
38743.527650268494,0.0
38763.566311591174,0.0
38783.60497291386,0.0
38803.64363423655,0.0
38823.68229555923,0.0
38843.720956881916,0.0
38863.759618204596,0.0
38883.798279527284,0.0
38903.836940849964,0.0
38923.87560217265,0.0
38943.91426349534,0.0
38963.95292481802,0.0
38983.991586140706,0.0
39004.030247463386,0.0
39024.068908786074,0.0
39044.107570108754,0.0
39064.14623143144,0.0
39084.18489275413,0.0
39104.22355407681,0.0
39124.262215399496,0.0
39144.300876722176,0.0
39164.339538044864,0.0
39184.37819936755,0.0
39204.41686069023,0.0
39224.45552201292,0.0
39244.4941833356,0.0
39264.532844658286,0.0
39284.571505980966,0.0
39304.610167303654,0.0
39324.64882862634,0.0
39344.68748994902,0.0
39364.72615127171,0.0
39384.76481259439,0.0
39404.803473917076,0.0
39424.84213523976,0.0
39444.880796562444,0.0
39464.91945788513,0.0
39484.95811920781,0.0
39504.9967805305,0.0
39525.03544185318,0.0
39545.074103175866,0.0
39565.11276449855,0.0
39585.151425821234,0.0
39605.19008714392,0.0
39625.2287484666,0.0
39645.26740978929,0.0
39665.30607111197,0.0
39685.344732434656,0.0
39705.38339375734,0.0
39725.422055080024,0.0
39745.46071640271,0.0
39765.49937772539,0.0
39785.53803904808,0.0
39805.576700370766,0.0
39825.615361693446,0.0
39845.65402301613,0.0
39865.692684338814,0.0
39885.7313456615,0.0
39905.77000698418,0.0
39925.80866830687,0.0
39945.847329629556,0.0
39965.885990952236,0.0
39985.92465227492,0.0
40005.963313597604,0.0
40026.00197492029,0.0
40046.04063624298,0.0
40066.07929756566,0.0
40086.117958888346,0.0
40106.156620211026,0.0
40126.19528153371,0.0
40146.233942856394,0.0
40166.27260417908,0.0
40186.31126550177,0.0
40206.34992682445,0.0
40226.388588147136,0.0
40246.427249469816,0.0
40266.4659107925,0.0
40286.50457211519,0.0
40306.54323343787,0.0
40326.58189476056,0.0
40346.62055608324,0.0
40366.659217405926,0.0
40386.697878728606,0.0
40406.73654005129,0.0
40426.77520137398,0.0
40446.81386269666,0.0
40466.85252401935,0.0
40486.89118534203,0.0
40506.929846664716,0.0
40526.968507987396,0.0
40547.00716931008,0.0
40567.04583063277,0.0
40587.08449195545,0.0
40607.12315327814,0.0
40627.16181460082,0.0
40647.200475923506,0.0
40667.23913724619,0.0
40687.27779856887,0.0
40707.31645989156,0.0
40727.35512121424,0.0
40747.39378253693,0.0
40767.43244385961,0.0
40787.471105182296,0.0
40807.50976650498,0.0
40827.54842782766,0.0
40847.58708915035,0.0
40867.62575047303,0.0
40887.66441179572,0.0
40907.703073118406,0.0
40927.741734441086,0.0
40947.78039576377,0.0
40967.81905708645,0.0
40987.85771840914,0.0
41007.89637973182,0.0
