Energy (keV),Intensity (CPS)
-10.994443496252579,0.0
9.044424230294648,0.0
29.083291956841876,0.0
49.12215968338911,0.0
69.16102740993634,0.0
89.19989513648355,0.0
109.23876286303079,0.0
129.277630589578,0.0
149.31649831612523,0.0
169.35536604267247,0.0
189.39423376921968,0.0
209.43310149576692,0.0
229.47196922231416,0.0
249.51083694886137,0.0
269.5497046754086,0.0
289.58857240195584,0.0
309.62744012850305,0.0
329.66630785505026,0.0
349.70517558159753,0.0
369.74404330814474,0.0
389.78291103469195,0.0
409.8217787612392,0.0
429.8606464877864,0.0
449.89951421433364,0.0
469.9383819408809,0.0
489.9772496674281,0.730130941425513
510.0161173939753,0.3650654707127565
530.0549851205226,0.0
550.0938528470698,1.0951964121382696
570.1327205736171,0.3650654707127565
590.1715883001643,0.3650654707127565
610.2104560267115,0.730130941425513
630.2493237532588,0.0
650.288191479806,1.0951964121382696
670.3270592063532,1.0951964121382696
690.3659269329004,1.0951964121382696
710.4047946594477,0.3650654707127565
730.4436623859949,0.0
750.4825301125421,1.0951964121382696
770.5213978390893,0.3650654707127565
790.5602655656365,0.0
810.5991332921838,0.3650654707127565
830.6380010187311,0.730130941425513
850.6768687452783,0.0
870.7157364718255,0.730130941425513
890.7546041983727,0.730130941425513
910.7934719249199,0.0
930.8323396514671,0.3650654707127565
950.8712073780144,0.730130941425513
970.9100751045617,0.730130941425513
990.9489428311089,1.460261882851026
1010.9878105576561,0.3650654707127565
1031.0266782842032,0.3650654707127565
1051.0655460107505,0.0
1071.1044137372976,0.0
1091.143281463845,0.0
1111.182149190392,0.0
1131.2210169169393,0.0
1151.2598846434867,0.0
1171.2987523700338,1.8253273535637826
1191.337620096581,0.3650654707127565
1211.3764878231282,1.460261882851026
1231.4153555496755,0.0
1251.4542232762226,1.0951964121382696
1271.49309100277,0.3650654707127565
1291.5319587293172,0.3650654707127565
1311.5708264558643,0.0
1331.6096941824117,0.3650654707127565
1351.6485619089588,0.0
1371.687429635506,0.3650654707127565
1391.7262973620532,0.0
1411.7651650886005,0.3650654707127565
1431.8040328151478,0.730130941425513
1451.842900541695,2.190392824276539
1471.8817682682422,2.555458294989296
1491.9206359947893,0.730130941425513
1511.9595037213367,0.730130941425513
1531.998371447884,0.3650654707127565
1552.037239174431,0.0
1572.0761069009784,0.3650654707127565
1592.1149746275255,0.3650654707127565
1612.1538423540728,0.0
1632.19271008062,0.0
1652.2315778071672,0.3650654707127565
1672.2704455337146,0.0
1692.3093132602617,1.0951964121382696
1712.348180986809,1.8253273535637826
1732.387048713356,1.8253273535637826
1752.4259164399034,1.8253273535637826
1772.4647841664505,0.3650654707127565
1792.5036518929978,1.8253273535637826
1812.5425196195451,1.0951964121382696
1832.5813873460922,1.0951964121382696
1852.6202550726396,1.460261882851026
1872.6591227991867,0.730130941425513
1892.697990525734,0.730130941425513
1912.7368582522813,1.0951964121382696
1932.7757259788284,0.730130941425513
1952.8145937053757,0.730130941425513
1972.8534614319228,0.3650654707127565
1992.8923291584701,0.3650654707127565
2012.9311968850172,0.3650654707127565
2032.9700646115646,0.3650654707127565
2053.0089323381117,1.8253273535637826
2073.047800064659,0.730130941425513
2093.0866677912063,0.3650654707127565
2113.1255355177536,0.0
2133.1644032443005,0.0
2153.203270970848,0.730130941425513
2173.242138697395,0.3650654707127565
2193.2810064239425,0.3650654707127565
2213.31987415049,0.3650654707127565
2233.3587418770367,1.0951964121382696
2253.397609603584,0.0
2273.4364773301313,0.730130941425513
2293.4753450566786,1.0951964121382696
2313.514212783226,0.730130941425513
2333.553080509773,1.460261882851026
2353.59194823632,0.3650654707127565
2373.6308159628675,1.8253273535637826
2393.669683689415,0.3650654707127565
2413.7085514159617,0.730130941425513
2433.747419142509,0.730130941425513
2453.7862868690563,0.3650654707127565
2473.8251545956036,0.3650654707127565
2493.864022322151,0.3650654707127565
2513.902890048698,1.460261882851026
2533.941757775245,0.0
2553.9806255017925,3.2855892364148085
2574.01949322834,1.0951964121382696
2594.058360954887,2.190392824276539
2614.097228681434,1.460261882851026
2634.1360964079813,2.920523765702052
2654.1749641345286,0.730130941425513
2674.213831861076,0.3650654707127565
2694.2526995876233,0.3650654707127565
2714.29156731417,0.3650654707127565
2734.3304350407175,0.3650654707127565
2754.369302767265,0.730130941425513
2774.408170493812,0.730130941425513
2794.447038220359,1.0951964121382696
2814.4859059469063,0.3650654707127565
2834.5247736734536,0.730130941425513
2854.563641400001,2.920523765702052
2874.6025091265483,3.6506547071275652
2894.641376853095,6.571178472829617
2914.6802445796425,7.666374884967887
2934.71911230619,16.7930116527868
2954.757980032737,20.07860088920161
2974.7968477592844,19.348469947776096
2994.8357154858313,10.221833179957184
3014.8745832123786,8.3965058263934
3034.913450938926,1.8253273535637826
3054.9523186654733,1.0951964121382696
3074.9911863920206,0.3650654707127565
3095.0300541185675,1.460261882851026
3115.068921845115,1.460261882851026
3135.107789571662,2.190392824276539
3155.1466572982094,1.8253273535637826
3175.1855250247563,1.0951964121382696
3195.2243927513036,3.6506547071275652
3215.263260477851,1.460261882851026
3235.3021282043983,3.2855892364148085
3255.3409959309456,1.8253273535637826
3275.3798636574925,4.015720177840322
3295.41873138404,5.110916589978592
3315.457599110587,4.015720177840322
3335.4964668371344,5.475982060691348
3355.5353345636818,5.841047531404104
3375.5742022902286,1.460261882851026
3395.613070016776,2.555458294989296
3415.6519377433233,1.460261882851026
3435.6908054698706,0.3650654707127565
3455.729673196418,0.3650654707127565
3475.768540922965,1.0951964121382696
3495.807408649512,1.0951964121382696
3515.8462763760594,0.730130941425513
3535.885144102607,0.0
3555.9240118291536,1.8253273535637826
3575.962879555701,1.460261882851026
3596.0017472822483,1.0951964121382696
3616.0406150087956,1.8253273535637826
3636.079482735343,4.745851119265835
3656.11835046189,3.2855892364148085
3676.157218188437,4.380785648553078
3696.1960859149845,6.936243943542374
3716.234953641532,4.380785648553078
3736.273821368079,3.6506547071275652
3756.312689094626,3.6506547071275652
3776.3515568211733,0.730130941425513
3796.3904245477206,1.0951964121382696
3816.429292274268,0.3650654707127565
3836.4681600008153,0.0
3856.507027727362,0.730130941425513
3876.5458954539095,0.3650654707127565
3896.584763180457,0.730130941425513
3916.623630907004,0.0
3936.662498633551,0.0
3956.7013663600983,1.0951964121382696
3976.7402340866456,0.0
3996.779101813193,0.730130941425513
4016.8179695397403,1.0951964121382696
4036.856837266287,1.8253273535637826
4056.8957049928345,0.730130941425513
4076.934572719382,1.0951964121382696
4096.973440445929,0.3650654707127565
4117.012308172476,0.730130941425513
4137.051175899023,0.0
4157.090043625571,0.730130941425513
4177.128911352118,0.0
4197.167779078665,0.3650654707127565
4217.206646805213,0.0
4237.24551453176,0.730130941425513
4257.284382258307,1.0951964121382696
4277.323249984854,0.0
4297.362117711401,1.0951964121382696
4317.400985437948,0.3650654707127565
4337.439853164496,0.3650654707127565
4357.478720891043,0.730130941425513
4377.51758861759,0.3650654707127565
4397.556456344138,0.0
4417.595324070685,1.0951964121382696
4437.634191797232,1.0951964121382696
4457.673059523779,0.0
4477.711927250326,0.3650654707127565
4497.750794976873,0.730130941425513
4517.789662703421,0.3650654707127565
4537.828530429968,0.730130941425513
4557.867398156515,0.3650654707127565
4577.906265883063,1.460261882851026
4597.94513360961,0.0
4617.984001336157,0.730130941425513
4638.022869062705,0.3650654707127565
4658.061736789251,0.730130941425513
4678.100604515798,1.8253273535637826
4698.139472242346,0.730130941425513
4718.178339968893,0.3650654707127565
4738.21720769544,0.3650654707127565
4758.256075421988,1.460261882851026
4778.294943148535,1.0951964121382696
4798.333810875082,1.460261882851026
4818.37267860163,1.8253273535637826
4838.411546328176,0.3650654707127565
4858.450414054723,0.0
4878.489281781271,1.460261882851026
4898.528149507818,1.0951964121382696
4918.567017234365,0.730130941425513
4938.605884960913,1.0951964121382696
4958.64475268746,1.0951964121382696
4978.683620414007,0.730130941425513
4998.722488140555,0.3650654707127565
5018.761355867102,0.730130941425513
5038.800223593648,2.920523765702052
5058.839091320196,2.920523765702052
5078.877959046743,1.8253273535637826
5098.91682677329,1.460261882851026
5118.955694499838,0.3650654707127565
5138.994562226385,2.555458294989296
5159.033429952932,2.920523765702052
5179.07229767948,1.8253273535637826
5199.111165406027,0.730130941425513
5219.150033132573,2.920523765702052
5239.188900859121,3.2855892364148085
5259.227768585668,3.6506547071275652
5279.266636312215,2.920523765702052
5299.305504038763,6.571178472829617
5319.34437176531,5.475982060691348
5339.383239491857,3.6506547071275652
5359.422107218405,3.6506547071275652
5379.460974944952,6.571178472829617
5399.499842671499,5.841047531404104
5419.538710398046,8.3965058263934
5439.577578124593,4.745851119265835
5459.61644585114,5.841047531404104
5479.655313577688,5.841047531404104
5499.694181304235,4.380785648553078
5519.733049030782,8.761571297106157
5539.77191675733,5.841047531404104
5559.810784483877,5.110916589978592
5579.849652210424,5.110916589978592
5599.888519936971,5.841047531404104
5619.927387663518,5.841047531404104
5639.966255390065,6.206113002116861
5660.005123116613,6.936243943542374
5680.04399084316,5.110916589978592
5700.082858569707,12.047160533520966
5720.121726296255,8.031440355680644
5740.160594022802,12.047160533520966
5760.199461749349,7.666374884967887
5780.2383294758965,8.031440355680644
5800.277197202443,9.49170223853167
5820.31606492899,7.3013094142551305
5840.354932655538,12.412226004233721
5860.393800382085,11.682095062808209
5880.432668108632,8.3965058263934
5900.47153583518,15.332749769935774
5920.510403561727,14.967684299223018
5940.549271288274,11.682095062808209
5960.5881390148215,17.158077123499556
5980.627006741368,13.872487887084748
6000.665874467915,16.062880711361288
6020.704742194463,16.062880711361288
6040.74360992101,18.98340447706334
6060.782477647557,17.523142594212313
6080.821345374105,15.69781524064853
6100.860213100652,18.253273535637828
6120.899080827199,20.07860088920161
6140.9379485537465,18.98340447706334
6160.976816280294,26.649779362031225
6181.01568400684,20.443666359914367
6201.054551733388,24.459386537754686
6221.093419459935,33.951088776286355
6241.132287186482,31.030565010584304
6261.17115491303,38.331874424839434
6281.210022639577,34.68121971771187
6301.248890366124,44.17292195624354
6321.2877580926715,49.28383854622213
6341.326625819219,45.268118368381806
6361.365493545765,45.268118368381806
6381.404361272313,48.188642134083864
6401.44322899886,51.83929684121143
6421.482096725407,47.45851119265835
6441.520964451955,44.17292195624354
6461.559832178502,49.28383854622213
6481.598699905049,37.60174348341392
6501.6375676315965,32.125761422722576
6521.676435358144,35.046285188424626
6541.715303084691,27.37991030345674
6561.754170811238,28.110041244882254
6581.793038537785,31.030565010584304
6601.831906264332,33.5860233055736
6621.87077399088,26.649779362031225
6641.909641717427,36.1414816005629
6661.948509443974,34.31615424699911
6681.9873771705215,35.41135065913738
6702.026244897069,33.951088776286355
6722.065112623616,39.06200536626495
6742.103980350163,32.49082689343533
6762.14284807671,32.125761422722576
6782.181715803257,31.76069595200982
6802.220583529805,42.71266007339251
6822.259451256352,45.99824930980732
6842.298318982899,33.5860233055736
6862.3371867094465,39.79213630769046
6882.376054435994,49.648904016934885
6902.414922162541,44.17292195624354
6922.4537898890885,42.71266007339251
6942.492657615635,44.17292195624354
6962.531525342182,52.204362311924186
6982.57039306873,45.268118368381806
7002.609260795277,50.74410042907316
7022.648128521824,56.58514796047726
7042.6869962483715,55.48995154833899
7062.725863974919,53.66462419477521
7082.764731701466,51.109165899785914
7102.8035994280135,57.31527890190277
7122.84246715456,49.28383854622213
7142.881334881107,56.22008248976451
7162.920202607655,47.45851119265835
7182.959070334202,51.109165899785914
7202.997938060749,66.80698114043444
7223.0368057872965,49.28383854622213
7243.075673513844,71.55283225970028
7263.114541240391,63.15632643330688
7283.1534089669385,58.04540984332829
7303.192276693486,62.06113002116861
7323.231144420032,71.18776678898752
7343.27001214658,66.80698114043444
7363.308879873127,71.91789773041303
7383.347747599674,70.09257037684925
7403.3866153262215,71.18776678898752
7423.425483052769,70.09257037684925
7443.464350779316,70.09257037684925
7463.5032185058635,75.20348696682784
7483.542086232411,80.67946902751919
7503.580953958957,78.1240107325299
7523.619821685505,77.02881432039163
7543.658689412052,68.99737396471099
7563.697557138599,71.91789773041303
7583.736424865147,66.44191566972168
7603.775292591694,75.20348696682784
7623.814160318241,67.1720466111472
7643.8530280447885,75.93361790825335
7663.891895771336,71.55283225970028
7683.930763497883,72.2829632011258
7703.96963122443,71.55283225970028
7724.008498950977,81.04453449823195
7744.047366677524,72.2829632011258
7764.086234404072,72.64802867183855
7784.125102130619,91.63143314890189
7804.163969857166,79.58427261538093
7824.2028375837135,74.47335602540232
7844.241705310261,86.88558202963605
7864.280573036808,80.31440355680644
7884.319440763355,90.90130220747638
7904.358308489902,92.72662956104016
7924.397176216449,95.28208785602945
7944.436043942997,106.23405197741215
7964.474911669544,117.18601609879484
7984.513779396091,136.1694205758582
8004.5526471226385,135.43928963443267
8024.591514849186,163.18426540860216
8044.630382575733,162.45413446717666
8064.66925030228,154.422694111496
8084.708118028827,151.1371048750812
8104.746985755374,149.67684299223018
8124.785853481922,128.86811116160305
8144.824721208469,120.83667080592241
8164.863588935016,116.09081968665657
8184.902456661563,114.63055780380554
8204.94132438811,111.34496856739074
8224.980192114657,114.99562327451831
8245.019059841205,108.05937933097593
8265.057927567752,117.5510815695076
8285.0967952943,115.36068874523106
8305.135663020847,102.21833179957183
8325.174530747394,106.23405197741215
8345.213398473941,117.91614704022035
8365.252266200489,120.47160533520966
8385.291133927036,128.5030456908903
8405.330001653583,122.29693268877344
8425.36886938013,121.20173627663516
8445.407737106678,133.97902775158164
8465.446604833225,138.72487887084748
8485.485472559772,151.50217034579396
8505.52434028632,180.70740800281447
8525.563208012867,219.40434789836667
8545.602075739413,265.402597208174
8565.64094346596,338.78075682143805
8585.679811192507,401.93708325474495
8605.718678919055,493.20345093293406
8625.757546645602,519.4881648242525
8645.79641437215,509.26633164429535
8665.835282098697,460.347558568786
8685.874149825244,377.842762187703
8705.913017551791,332.5746438193212
8725.951885278339,273.7991030345674
8745.990753004886,209.54758018912224
8766.029620731433,178.8820806492507
8786.06848845798,174.5012950006976
8806.107356184528,154.422694111496
8826.146223911075,165.00959276216594
8846.185091637622,150.40697393365568
8866.22395936417,154.78775958220876
8886.262827090717,160.99387258432563
8906.301694817264,153.69256317007049
8926.34056254381,156.61308693577254
8946.379430270357,165.37465823287872
8966.418297996905,146.75631922652812
8986.457165723452,152.59736675793224
9006.49603345,152.59736675793224
9026.534901176547,149.67684299223018
9046.573768903094,148.94671205080465
9066.612636629641,159.16854523076185
9086.651504356189,169.75544388143177
9106.690372082736,167.56505105715524
9126.729239809283,160.99387258432563
9146.76810753583,150.04190846294293
9166.806975262378,160.2637416429001
9186.845842988925,168.66024746929352
9206.884710715472,160.62880711361288
9226.92357844202,149.31177752151743
9246.962446168567,182.89780082709103
9267.001313895114,151.1371048750812
9287.040181621662,183.99299723922928
9307.079049348207,154.422694111496
9327.117917074755,169.02531294000627
9347.156784801302,181.07247347352722
9367.19565252785,171.94583670570833
9387.234520254397,171.94583670570833
9407.273387980944,184.7231281806548
9427.312255707491,186.91352100493134
9447.351123434039,198.2305505970268
9467.389991160586,194.94496136061198
9487.428858887133,206.26199095270744
9507.46772661368,204.8017290698564
9527.506594340228,216.11875866195186
9547.545462066775,238.38775237543
9567.584329793322,235.1021631390152
9587.62319751987,231.8165739026004
9607.662065246417,235.8322940804407
9627.700932972964,224.51526448834525
9647.739800699512,208.45238377698396
9667.778668426059,203.34146718700538
9687.817536152605,193.1196340070482
9707.856403879152,185.81832459279306
9727.8952716057,184.7231281806548
9747.934139332247,190.19911024134615
9767.973007058794,199.32574700916507
9788.011874785341,192.02443759490993
9808.050742511889,185.08819365136756
9828.089610238436,181.80260441495275
9848.128477964983,185.81832459279306
9868.16734569153,192.02443759490993
9888.206213418078,168.66024746929352
9908.245081144625,167.56505105715524
9928.283948871172,185.81832459279306
9948.32281659772,182.89780082709103
9968.361684324267,208.08731830627121
9988.400552050814,206.99212189413294
10008.439419777362,196.04015777275026
10028.478287503909,201.15107436272885
10048.517155230456,199.69081247987782
10068.556022957002,199.69081247987782
10088.59489068355,205.53186001128194
10108.633758410097,186.5484555342186
10128.672626136644,197.5004196556013
10148.711493863191,200.42094342130332
10168.750361589739,205.53186001128194
10188.789229316286,189.8340447706334
10208.828097042833,197.1353541848885
10228.86696476938,194.21483041918648
10248.905832495928,220.49954431050494
10268.944700222475,192.02443759490993
10288.983567949022,201.15107436272885
10309.02243567557,202.97640171629263
10329.061303402117,215.38862772052636
10349.100171128664,194.57989588989923
10369.139038855212,209.54758018912224
10389.177906581759,195.31002683132473
10409.216774308306,215.02356224981358
10429.255642034854,216.11875866195186
10449.2945097614,207.35718736484571
10469.333377487947,216.8488896033774
10489.372245214494,214.29343130838808
10509.411112941041,199.32574700916507
10529.449980667589,190.19911024134615
10549.488848394136,213.1982348962498
10569.527716120683,189.46897929992065
10589.56658384723,193.1196340070482
10609.605451573778,202.97640171629263
10629.644319300325,194.94496136061198
10649.683187026872,213.1982348962498
10669.72205475342,203.70653265771813
10689.760922479967,192.38950306562268
10709.799790206514,210.64277660126052
10729.838657933062,207.35718736484571
10749.87752565961,201.15107436272885
10769.916393386156,206.62705642342019
10789.955261112704,201.88120530415435
10809.994128839251,208.81744924769674
10830.032996565797,215.7536931912391
10850.071864292344,204.43666359914366
10870.110732018891,239.84801425828104
10890.149599745439,235.46722860972795
10910.188467471986,190.92924118277165
10930.227335198533,217.5790205448029
10950.26620292508,211.73797301339877
10970.305070651628,205.53186001128194
10990.343938378175,206.62705642342019
11010.382806104722,192.75456853633546
11030.42167383127,194.21483041918648
11050.460541557817,201.88120530415435
11070.499409284364,198.2305505970268
11090.538277010912,194.94496136061198
11110.57714473746,190.5641757120589
11130.616012464006,214.65849677910083
11150.654880190554,186.5484555342186
11170.693747917101,205.16679454056916
11190.732615643648,192.75456853633546
11210.771483370194,196.77028871417576
11230.810351096741,193.8497649484737
11250.849218823289,182.89780082709103
11270.888086549836,194.94496136061198
11290.926954276383,198.9606815384523
11310.96582200293,202.97640171629263
11331.004689729478,195.67509230203748
11351.043557456025,195.67509230203748
11371.082425182572,181.80260441495275
11391.12129290912,187.64365194635684
11411.160160635667,183.99299723922928
11431.199028362214,197.86548512631404
11451.237896088762,194.57989588989923
11471.27676381531,200.42094342130332
11491.315631541856,199.69081247987782
11511.354499268404,192.02443759490993
11531.393366994951,180.34234253210172
11551.432234721498,170.4855748228573
11571.471102448046,201.88120530415435
11591.509970174591,206.26199095270744
11611.548837901139,169.75544388143177
11631.587705627686,178.8820806492507
11651.626573354233,207.72225283555846
11671.66544108078,192.02443759490993
11691.704308807328,190.5641757120589
11711.743176533875,185.4532591220803
11731.782044260422,186.91352100493134
11751.82091198697,189.10391382920787
11771.859779713517,184.35806270994203
11791.898647440064,169.39037841071902
11811.937515166612,186.91352100493134
11831.97638289316,174.8663604714104
11852.015250619706,173.04103311784658
11872.054118346254,175.23142594212314
11892.092986072801,188.73884835849512
11912.131853799348,176.3266223542614
11932.170721525896,179.97727706138897
11952.209589252443,172.31090217642108
11972.248456978989,172.31090217642108
11992.287324705536,170.12050935214455
12012.326192432083,175.96155688354864
12032.36506015863,179.24714611996345
12052.403927885178,177.42181876639967
12072.442795611725,183.99299723922928
12092.481663338272,174.8663604714104
12112.52053106482,161.35893805503838
12132.559398791367,164.6445272914532
12152.598266517914,174.8663604714104
12172.637134244462,152.96243222864499
12192.67600197101,164.27946182074044
12212.714869697556,180.34234253210172
12232.753737424104,149.31177752151743
12252.792605150651,159.16854523076185
12272.831472877198,165.73972370359147
12292.870340603746,166.83492011572974
12312.909208330293,141.28033716583678
12332.94807605684,150.04190846294293
12352.986943783386,158.07334881862357
12373.025811509933,154.05762864078326
12393.06467923648,148.94671205080465
12413.103546963028,144.5659264022516
12433.142414689575,156.61308693577254
12453.181282416122,141.64540263654953
12473.22015014267,144.5659264022516
12493.259017869217,152.96243222864499
12513.297885595764,134.3440932222944
12533.336753322312,154.422694111496
12553.37562104886,146.02618828510262
12573.414488775406,134.70915869300717
12593.453356501954,121.93186721806067
12613.492224228501,134.3440932222944
12633.531091955048,150.40697393365568
12653.569959681596,142.01046810726228
12673.608827408143,141.64540263654953
12693.64769513469,127.40784927875202
12713.686562861238,130.32837304445408
12733.725430587783,125.947587395901
12753.76429831433,125.21745645447548
12773.803166040878,113.17029592095452
12793.842033767425,119.01134345235863
12813.880901493972,124.85239098376273
12833.91976922052,125.21745645447548
12853.958636947067,130.32837304445408
12873.997504673614,123.02706363019895
12894.036372400162,126.31265286661376
12914.07524012671,124.48732551304998
12934.114107853256,130.32837304445408
12954.152975579804,122.66199815948619
12974.191843306351,117.18601609879484
12994.230711032898,113.17029592095452
13014.269578759446,104.40872462384837
13034.308446485993,120.47160533520966
13054.34731421254,116.45588515736934
13074.386181939088,106.96418291883766
13094.425049665635,104.40872462384837
13114.46391739218,112.80523045024177
13134.502785118728,97.47248068030599
13154.541652845275,115.36068874523106
13174.580520571822,101.12313538743356
13194.61938829837,101.12313538743356
13214.658256024917,109.51964121382696
13234.697123751464,94.9170223853167
13254.735991478012,93.82182597317842
13274.77485920456,107.69431386026318
13294.813726931106,90.17117126605086
13314.852594657654,96.01221879745496
13334.891462384201,81.04453449823195
13354.930330110748,91.26636767818913
13374.969197837296,87.98077844177432
13395.008065563843,77.75894526181715
13415.04693329039,91.99649861961464
13435.085801016938,90.53623673676361
13455.124668743485,79.94933808609368
13475.163536470032,79.58427261538093
13495.202404196578,77.02881432039163
13515.241271923125,70.09257037684925
13535.280139649672,77.39387979110438
13555.31900737622,65.34671925758342
13575.357875102767,70.09257037684925
13595.396742829314,76.66374884967887
13615.435610555862,67.90217755257271
13635.47447828241,72.2829632011258
13655.513346008956,54.75982060691348
13675.552213735504,67.53711208185996
13695.591081462051,62.06113002116861
13715.629949188598,65.34671925758342
13735.668816915146,56.950213431190015
13755.707684641693,63.15632643330688
13775.74655236824,48.91877307550937
13795.785420094788,54.75982060691348
13815.824287821335,55.48995154833899
13835.863155547882,53.66462419477521
13855.90202327443,46.36331478052008
13875.940891000975,48.188642134083864
13895.979758727522,52.204362311924186
13916.01862645407,45.63318383909456
13936.057494180617,41.982529131967
13956.096361907164,43.807856485530785
13976.135229633712,39.06200536626495
13996.17409736026,35.41135065913738
14016.212965086806,33.951088776286355
14036.251832813354,35.41135065913738
14056.290700539901,39.06200536626495
14076.329568266448,26.649779362031225
14096.368435992996,31.39563048129706
14116.407303719543,32.85589236414809
14136.44617144609,32.85589236414809
14156.485039172638,23.729255596329175
14176.523906899185,30.30043406915879
14196.562774625732,24.094321067041932
14216.60164235228,25.919648420605714
14236.640510078827,18.98340447706334
14256.679377805372,26.284713891318468
14276.71824553192,18.98340447706334
14296.757113258467,17.523142594212313
14316.795980985014,17.88820806492507
14336.834848711562,19.348469947776096
14356.87371643811,16.7930116527868
14376.912584164656,15.69781524064853
14396.951451891204,13.142356945659234
14416.990319617751,14.967684299223018
14437.029187344298,12.777291474946479
14457.068055070846,14.237553357797504
14477.106922797393,13.507422416371991
14497.14579052394,12.047160533520966
14517.184658250488,10.951964121382696
14537.223525977035,6.206113002116861
14557.262393703582,9.49170223853167
14577.30126143013,12.777291474946479
14597.340129156677,3.2855892364148085
14617.378996883224,6.571178472829617
14637.41786460977,4.745851119265835
14657.456732336317,5.475982060691348
14677.495600062864,7.666374884967887
14697.534467789412,6.571178472829617
14717.57333551596,3.2855892364148085
14737.612203242506,2.920523765702052
14757.651070969054,3.6506547071275652
14777.689938695601,2.555458294989296
14797.728806422148,5.110916589978592
14817.767674148696,2.920523765702052
14837.806541875243,2.190392824276539
14857.84540960179,3.2855892364148085
14877.884277328338,2.920523765702052
14897.923145054885,3.6506547071275652
14917.962012781432,1.8253273535637826
14938.00088050798,1.0951964121382696
14958.039748234527,1.8253273535637826
14978.078615961074,1.8253273535637826
14998.117483687622,1.0951964121382696
15018.156351414167,0.730130941425513
15038.195219140714,0.3650654707127565
15058.234086867262,1.8253273535637826
15078.27295459381,0.3650654707127565
15098.311822320356,1.0951964121382696
15118.350690046904,1.0951964121382696
15138.389557773451,0.0
15158.428425499998,0.3650654707127565
15178.467293226546,0.0
15198.506160953093,0.0
15218.54502867964,0.3650654707127565
15238.583896406188,0.0
15258.622764132735,0.0
15278.661631859282,0.0
15298.70049958583,0.0
15318.739367312377,0.0
15338.778235038924,0.0
15358.817102765472,0.0
15378.855970492019,0.0
15398.894838218564,0.0
15418.933705945112,0.3650654707127565
15438.97257367166,0.0
15459.011441398206,0.0
15479.050309124754,0.0
15499.089176851301,0.0
15519.128044577848,0.3650654707127565
15539.166912304396,0.0
15559.205780030943,0.0
15579.24464775749,0.0
15599.283515484038,0.0
15619.322383210585,0.0
15639.361250937132,0.3650654707127565
15659.40011866368,0.3650654707127565
15679.438986390227,0.3650654707127565
15699.477854116774,0.0
15719.516721843322,0.0
15739.555589569869,0.0
15759.594457296414,0.0
15779.633325022962,0.0
15799.67219274951,0.0
15819.711060476056,0.0
15839.749928202604,0.0
15859.788795929151,0.0
15879.827663655698,0.0
15899.866531382246,0.0
15919.905399108793,0.0
15939.94426683534,0.0
15959.983134561888,0.0
15980.022002288435,0.0
16000.060870014982,0.3650654707127565
16020.09973774153,0.0
16040.138605468077,0.0
16060.177473194624,0.0
16080.216340921172,0.0
16100.255208647719,0.0
16120.294076374266,0.0
16140.332944100812,0.3650654707127565
16160.37181182736,0.0
16180.410679553906,0.0
16200.449547280454,0.0
16220.488415007001,0.0
16240.527282733548,0.0
16260.566150460096,0.0
16280.605018186643,0.0
16300.64388591319,0.0
16320.682753639738,0.0
16340.721621366285,0.3650654707127565
16360.760489092832,0.3650654707127565
16380.799356819378,0.0
16400.838224545925,0.3650654707127565
16420.877092272473,0.0
16440.91595999902,0.3650654707127565
16460.954827725567,0.0
16480.993695452114,0.0
16501.03256317866,0.0
16521.07143090521,0.0
16541.110298631756,0.0
16561.149166358304,0.3650654707127565
16581.18803408485,0.0
16601.2269018114,0.0
16621.265769537946,0.3650654707127565
16641.304637264493,0.0
16661.34350499104,0.0
16681.382372717588,0.3650654707127565
16701.421240444135,0.0
16721.460108170682,0.0
16741.49897589723,0.0
16761.537843623777,0.0
16781.576711350324,0.0
16801.61557907687,0.3650654707127565
16821.65444680342,0.730130941425513
16841.693314529966,0.3650654707127565
16861.732182256514,0.0
16881.77104998306,0.0
16901.80991770961,0.0
16921.848785436156,0.0
16941.887653162703,0.3650654707127565
16961.92652088925,0.0
16981.965388615798,0.730130941425513
17002.004256342345,0.3650654707127565
17022.043124068892,0.0
17042.08199179544,0.3650654707127565
17062.120859521987,0.0
17082.159727248534,0.0
17102.198594975078,0.3650654707127565
17122.237462701625,0.730130941425513
17142.276330428173,0.730130941425513
17162.31519815472,0.0
17182.354065881267,0.0
17202.392933607814,0.0
17222.43180133436,0.730130941425513
17242.47066906091,0.0
17262.509536787456,0.0
17282.548404514004,0.0
17302.58727224055,0.0
17322.6261399671,0.3650654707127565
17342.665007693646,0.3650654707127565
17362.703875420193,0.0
17382.74274314674,0.0
17402.781610873288,0.3650654707127565
17422.820478599835,0.0
17442.859346326382,0.730130941425513
17462.89821405293,0.3650654707127565
17482.937081779477,0.730130941425513
17502.975949506024,0.0
17523.01481723257,0.0
17543.05368495912,0.0
17563.092552685666,0.0
17583.131420412214,0.3650654707127565
17603.17028813876,0.0
17623.20915586531,0.3650654707127565
17643.248023591856,0.0
17663.286891318403,0.3650654707127565
17683.32575904495,0.3650654707127565
17703.364626771498,0.0
17723.403494498045,1.0951964121382696
17743.442362224592,0.730130941425513
17763.48122995114,0.0
17783.520097677687,0.3650654707127565
17803.558965404234,0.0
17823.59783313078,0.730130941425513
17843.63670085733,0.3650654707127565
17863.675568583873,0.0
17883.71443631042,0.0
17903.753304036967,0.0
17923.792171763514,0.0
17943.83103949006,0.0
17963.86990721661,0.3650654707127565
17983.908774943156,0.730130941425513
18003.947642669704,0.3650654707127565
18023.98651039625,0.0
18044.0253781228,0.3650654707127565
18064.064245849346,0.0
18084.103113575893,0.0
18104.14198130244,0.3650654707127565
18124.180849028988,0.0
18144.219716755535,0.0
18164.258584482082,0.730130941425513
18184.29745220863,0.0
18204.336319935177,0.3650654707127565
18224.375187661724,0.0
18244.41405538827,0.3650654707127565
18264.45292311482,0.3650654707127565
18284.491790841366,0.0
18304.530658567914,0.0
18324.56952629446,0.0
18344.60839402101,0.0
18364.647261747556,0.3650654707127565
18384.686129474103,0.3650654707127565
18404.72499720065,0.730130941425513
18424.763864927198,0.3650654707127565
18444.802732653745,0.730130941425513
18464.841600380292,0.3650654707127565
18484.88046810684,0.0
18504.919335833387,1.0951964121382696
18524.958203559934,0.3650654707127565
18544.99707128648,0.0
18565.03593901303,0.0
18585.074806739576,0.3650654707127565
18605.113674466123,0.0
18625.152542192667,0.0
18645.191409919214,0.730130941425513
18665.23027764576,0.0
18685.26914537231,0.0
18705.308013098856,0.0
18725.346880825404,0.3650654707127565
18745.38574855195,0.0
18765.4246162785,0.0
18785.463484005046,1.0951964121382696
18805.502351731593,0.0
18825.54121945814,0.730130941425513
18845.580087184688,0.3650654707127565
18865.618954911235,0.3650654707127565
18885.657822637782,0.0
18905.69669036433,0.3650654707127565
18925.735558090877,0.0
18945.774425817424,0.0
18965.81329354397,0.3650654707127565
18985.85216127052,0.3650654707127565
19005.891028997066,0.0
19025.929896723614,0.0
19045.96876445016,0.0
19066.00763217671,0.3650654707127565
19086.046499903256,0.0
19106.085367629803,0.3650654707127565
19126.12423535635,0.730130941425513
19146.163103082898,0.0
19166.201970809445,0.0
19186.240838535992,0.0
19206.27970626254,0.3650654707127565
19226.318573989087,0.3650654707127565
19246.357441715634,0.3650654707127565
19266.39630944218,0.3650654707127565
19286.43517716873,0.0
19306.474044895276,0.3650654707127565
19326.512912621823,1.0951964121382696
19346.55178034837,0.0
19366.590648074918,0.0
19386.629515801462,0.3650654707127565
19406.66838352801,0.0
19426.707251254556,0.3650654707127565
19446.746118981104,0.0
19466.78498670765,0.730130941425513
19486.8238544342,0.730130941425513
19506.862722160746,0.3650654707127565
19526.901589887293,1.0951964121382696
19546.94045761384,0.730130941425513
19566.979325340388,0.730130941425513
19587.018193066935,0.3650654707127565
19607.057060793482,0.3650654707127565
19627.09592852003,0.3650654707127565
19647.134796246577,1.0951964121382696
19667.173663973124,0.0
19687.21253169967,0.3650654707127565
19707.25139942622,0.3650654707127565
19727.290267152766,0.0
19747.329134879314,0.3650654707127565
19767.36800260586,0.730130941425513
19787.40687033241,0.730130941425513
19807.445738058956,0.0
19827.484605785503,0.3650654707127565
19847.52347351205,0.3650654707127565
19867.562341238598,0.730130941425513
19887.601208965145,0.3650654707127565
19907.640076691692,0.0
19927.67894441824,0.3650654707127565
19947.717812144787,0.0
19967.756679871334,0.0
19987.79554759788,1.0951964121382696
20007.83441532443,0.0
20027.873283050976,0.3650654707127565
20047.912150777523,0.3650654707127565
20067.95101850407,0.3650654707127565
20087.989886230618,0.3650654707127565
20108.028753957165,0.3650654707127565
20128.067621683713,0.730130941425513
20148.106489410256,0.730130941425513
20168.145357136804,0.730130941425513
20188.18422486335,0.730130941425513
20208.2230925899,0.730130941425513
20228.261960316446,0.3650654707127565
20248.300828042993,0.730130941425513
20268.33969576954,0.3650654707127565
20288.378563496088,0.3650654707127565
20308.417431222635,0.0
20328.456298949182,0.0
20348.49516667573,0.730130941425513
20368.534034402277,0.0
20388.572902128824,0.3650654707127565
20408.61176985537,0.0
20428.65063758192,1.0951964121382696
20448.689505308466,0.3650654707127565
20468.728373035014,0.3650654707127565
20488.76724076156,0.3650654707127565
20508.80610848811,0.730130941425513
20528.844976214656,0.730130941425513
20548.883843941203,0.730130941425513
20568.92271166775,0.0
20588.961579394298,0.3650654707127565
20609.000447120845,0.0
20629.039314847392,0.3650654707127565
20649.07818257394,0.0
20669.117050300487,0.3650654707127565
20689.155918027034,0.0
20709.19478575358,0.3650654707127565
20729.23365348013,0.3650654707127565
20749.272521206676,0.3650654707127565
20769.311388933223,0.3650654707127565
20789.35025665977,0.0
20809.389124386318,0.3650654707127565
20829.427992112865,0.3650654707127565
20849.466859839413,0.730130941425513
20869.50572756596,0.730130941425513
20889.544595292504,0.0
20909.58346301905,1.0951964121382696
20929.6223307456,0.0
20949.661198472146,0.0
20969.700066198693,0.3650654707127565
20989.73893392524,0.0
21009.777801651788,0.3650654707127565
21029.816669378335,0.0
21049.855537104882,0.0
21069.89440483143,0.730130941425513
21089.933272557977,0.0
21109.972140284524,0.3650654707127565
21130.01100801107,1.0951964121382696
21150.04987573762,0.3650654707127565
21170.088743464166,0.3650654707127565
21190.127611190714,0.0
21210.16647891726,0.3650654707127565
21230.20534664381,0.3650654707127565
21250.244214370356,0.730130941425513
21270.283082096903,0.0
21290.32194982345,0.730130941425513
21310.360817549998,0.0
21330.399685276545,1.460261882851026
21350.438553003092,0.0
21370.47742072964,0.3650654707127565
21390.516288456187,0.3650654707127565
21410.555156182734,0.0
21430.59402390928,0.0
21450.63289163583,0.0
21470.671759362376,0.3650654707127565
21490.710627088924,0.3650654707127565
21510.74949481547,0.0
21530.788362542018,0.0
21550.827230268565,0.0
21570.866097995113,0.3650654707127565
21590.90496572166,0.730130941425513
21610.943833448207,0.730130941425513
21630.982701174755,0.730130941425513
21651.0215689013,0.730130941425513
21671.060436627846,0.0
21691.099304354393,0.0
21711.13817208094,0.0
21731.177039807488,0.0
21751.215907534035,0.0
21771.254775260582,0.3650654707127565
21791.29364298713,0.3650654707127565
21811.332510713677,0.3650654707127565
21831.371378440224,0.3650654707127565
21851.41024616677,0.730130941425513
21871.44911389332,0.3650654707127565
21891.487981619866,0.0
21911.526849346414,0.0
21931.56571707296,0.3650654707127565
21951.60458479951,0.3650654707127565
21971.643452526056,1.460261882851026
21991.682320252603,1.460261882851026
22011.72118797915,0.0
22031.760055705698,0.0
22051.798923432245,0.0
22071.837791158792,0.0
22091.87665888534,0.730130941425513
22111.915526611887,0.3650654707127565
22131.954394338434,0.0
22151.99326206498,0.0
22172.03212979153,0.730130941425513
22192.070997518076,0.3650654707127565
22212.109865244624,0.730130941425513
22232.14873297117,0.3650654707127565
22252.187600697718,0.0
22272.226468424265,0.0
22292.265336150813,0.730130941425513
22312.30420387736,0.3650654707127565
22332.343071603907,0.730130941425513
22352.381939330455,0.0
22372.420807057002,0.3650654707127565
22392.45967478355,0.730130941425513
22412.498542510093,0.3650654707127565
22432.53741023664,0.3650654707127565
22452.576277963188,0.0
22472.615145689735,0.3650654707127565
22492.654013416282,0.3650654707127565
22512.69288114283,0.0
22532.731748869377,0.730130941425513
22552.770616595924,0.3650654707127565
22572.80948432247,0.3650654707127565
22592.84835204902,0.0
22612.887219775566,0.730130941425513
22632.926087502114,0.0
22652.96495522866,0.0
22673.00382295521,0.0
22693.042690681756,0.730130941425513
22713.081558408303,0.3650654707127565
22733.12042613485,0.0
22753.159293861398,0.0
22773.198161587945,0.730130941425513
22793.237029314492,0.0
22813.27589704104,0.3650654707127565
22833.314764767587,0.3650654707127565
22853.353632494134,0.730130941425513
22873.39250022068,0.3650654707127565
22893.43136794723,0.0
22913.470235673776,0.0
22933.509103400324,0.730130941425513
22953.54797112687,0.0
22973.586838853418,0.3650654707127565
22993.625706579965,0.0
23013.664574306513,0.0
23033.70344203306,0.0
23053.742309759607,0.0
23073.781177486155,0.3650654707127565
23093.820045212702,0.0
23113.85891293925,0.3650654707127565
23133.897780665797,0.3650654707127565
23153.936648392344,0.0
23173.975516118888,0.0
23194.014383845435,0.0
23214.053251571982,0.3650654707127565
23234.09211929853,0.0
23254.130987025077,0.3650654707127565
23274.169854751624,0.0
23294.20872247817,0.0
23314.24759020472,0.0
23334.286457931266,0.0
23354.325325657814,1.460261882851026
23374.36419338436,0.0
23394.40306111091,0.0
23414.441928837456,0.0
23434.480796564003,0.3650654707127565
23454.51966429055,0.0
23474.558532017098,0.3650654707127565
23494.597399743645,0.0
23514.636267470192,0.0
23534.67513519674,0.0
23554.714002923287,0.0
23574.752870649834,0.3650654707127565
23594.79173837638,0.3650654707127565
23614.83060610293,0.730130941425513
23634.869473829476,0.0
23654.908341556024,0.3650654707127565
23674.94720928257,0.3650654707127565
23694.986077009118,0.3650654707127565
23715.024944735665,0.0
23735.063812462213,0.0
23755.10268018876,0.0
23775.141547915307,0.0
23795.180415641855,0.3650654707127565
23815.219283368402,0.3650654707127565
23835.25815109495,0.0
23855.297018821497,0.0
23875.335886548044,0.3650654707127565
23895.37475427459,0.3650654707127565
23915.41362200114,0.0
23935.452489727682,0.0
23955.49135745423,0.0
23975.530225180777,0.0
23995.569092907324,0.0
24015.60796063387,0.0
24035.64682836042,0.3650654707127565
24055.685696086966,0.3650654707127565
24075.724563813514,0.0
24095.76343154006,0.0
24115.80229926661,0.0
24135.841166993156,0.0
24155.880034719703,0.0
24175.91890244625,0.0
24195.957770172798,0.0
24215.996637899345,0.0
24236.035505625892,0.730130941425513
24256.07437335244,0.3650654707127565
24276.113241078987,0.0
24296.152108805534,0.730130941425513
24316.19097653208,0.3650654707127565
24336.22984425863,0.0
24356.268711985176,0.730130941425513
24376.307579711724,0.0
24396.34644743827,0.0
24416.385315164818,0.3650654707127565
24436.424182891365,0.3650654707127565
24456.463050617913,0.730130941425513
24476.50191834446,0.0
24496.540786071007,0.0
24516.579653797555,0.0
24536.618521524102,0.0
24556.65738925065,0.0
24576.696256977197,0.3650654707127565
24596.735124703744,0.0
24616.77399243029,0.3650654707127565
24636.81286015684,0.3650654707127565
24656.851727883386,0.0
24676.890595609933,0.0
24696.929463336477,0.0
24716.968331063024,0.0
24737.00719878957,0.0
24757.04606651612,0.3650654707127565
24777.084934242666,0.3650654707127565
24797.123801969214,0.0
24817.16266969576,0.0
24837.20153742231,0.0
24857.240405148856,0.0
24877.279272875403,0.3650654707127565
24897.31814060195,0.0
24917.357008328498,0.0
24937.395876055045,0.0
24957.434743781592,0.0
24977.47361150814,0.3650654707127565
24997.512479234687,0.0
25017.551346961234,0.0
25037.59021468778,0.0
25057.62908241433,0.0
25077.667950140876,0.3650654707127565
25097.706817867424,0.3650654707127565
25117.74568559397,0.0
25137.784553320518,0.0
25157.823421047065,0.0
25177.862288773613,0.3650654707127565
25197.90115650016,0.0
25217.940024226707,0.0
25237.978891953255,0.0
25258.017759679802,0.0
25278.05662740635,0.0
25298.095495132897,0.0
25318.134362859444,0.0
25338.17323058599,0.3650654707127565
25358.21209831254,0.3650654707127565
25378.250966039086,0.0
25398.289833765633,0.0
25418.32870149218,0.0
25438.367569218728,0.0
25458.40643694527,0.3650654707127565
25478.44530467182,0.0
25498.484172398366,0.0
25518.523040124914,0.3650654707127565
25538.56190785146,0.0
25558.60077557801,0.0
25578.639643304556,0.0
25598.678511031103,0.0
25618.71737875765,0.0
25638.756246484198,0.0
25658.795114210745,0.0
25678.833981937292,0.0
25698.87284966384,0.3650654707127565
25718.911717390387,0.0
25738.950585116934,0.0
25758.98945284348,0.0
25779.02832057003,0.0
25799.067188296576,0.0
25819.106056023124,0.0
25839.14492374967,0.0
25859.183791476218,0.0
25879.222659202765,0.0
25899.261526929313,0.0
25919.30039465586,0.0
25939.339262382407,0.0
25959.378130108955,0.3650654707127565
25979.416997835502,0.0
25999.45586556205,0.0
26019.494733288597,0.0
26039.533601015144,0.3650654707127565
26059.57246874169,0.0
26079.61133646824,0.0
26099.650204194786,0.0
26119.689071921333,0.0
26139.72793964788,0.0
26159.766807374428,0.0
26179.805675100975,0.3650654707127565
26199.844542827523,0.0
26219.883410554066,0.0
26239.922278280614,0.0
26259.96114600716,0.0
26280.00001373371,0.3650654707127565
26300.038881460256,0.0
26320.077749186803,0.0
26340.11661691335,0.0
26360.155484639898,0.0
26380.194352366445,0.0
26400.233220092992,0.0
26420.27208781954,0.0
26440.310955546087,0.3650654707127565
26460.349823272634,0.0
26480.38869099918,0.0
26500.42755872573,0.0
26520.466426452276,0.0
26540.505294178824,0.0
26560.54416190537,0.0
26580.583029631918,0.0
26600.621897358466,0.0
26620.660765085013,0.0
26640.69963281156,0.0
26660.738500538107,0.0
26680.777368264655,0.0
26700.816235991202,0.0
26720.85510371775,0.0
26740.893971444297,0.0
26760.932839170844,0.0
26780.97170689739,0.0
26801.01057462394,0.0
26821.049442350486,0.0
26841.088310077033,0.0
26861.12717780358,0.0
26881.166045530128,0.0
26901.204913256675,0.0
26921.243780983223,0.0
26941.28264870977,0.0
26961.321516436317,0.0
26981.36038416286,0.0
27001.39925188941,0.0
27021.438119615956,0.0
27041.476987342503,0.0
27061.51585506905,0.0
27081.554722795598,0.0
27101.593590522145,0.0
27121.632458248692,0.0
27141.67132597524,0.0
27161.710193701787,0.0
27181.749061428334,0.3650654707127565
27201.78792915488,0.0
27221.82679688143,0.0
27241.865664607976,0.0
27261.904532334524,0.0
27281.94340006107,0.0
27301.98226778762,0.3650654707127565
27322.021135514166,0.0
27342.060003240713,0.0
27362.09887096726,0.0
27382.137738693807,0.0
27402.176606420355,0.0
27422.215474146902,0.0
27442.25434187345,0.0
27462.293209599997,0.0
27482.332077326544,0.0
27502.37094505309,0.0
27522.40981277964,0.0
27542.448680506186,0.0
27562.487548232733,0.0
27582.52641595928,0.0
27602.565283685828,0.0
27622.604151412375,0.0
27642.643019138923,0.0
27662.68188686547,0.0
27682.720754592017,0.0
27702.759622318565,0.0
27722.798490045112,0.0
27742.837357771656,0.0
27762.876225498203,0.0
27782.91509322475,0.0
27802.953960951298,0.0
27822.992828677845,0.0
27843.031696404392,0.0
27863.07056413094,0.0
27883.109431857487,0.0
27903.148299584034,0.0
27923.18716731058,0.0
27943.22603503713,0.0
27963.264902763676,0.0
27983.303770490224,0.0
28003.34263821677,0.0
28023.38150594332,0.0
28043.420373669866,0.0
28063.459241396413,0.0
28083.49810912296,0.0
28103.536976849507,0.0
28123.575844576055,0.0
28143.614712302602,0.0
28163.65358002915,0.0
28183.692447755697,0.0
28203.731315482244,0.0
28223.77018320879,0.0
28243.80905093534,0.0
28263.847918661886,0.0
28283.886786388433,0.0
28303.92565411498,0.0
28323.964521841528,0.0
28344.003389568075,0.0
28364.042257294623,0.0
28384.08112502117,0.0
28404.119992747717,0.0
28424.158860474265,0.0
28444.197728200812,0.0
28464.23659592736,0.0
28484.275463653907,0.0
28504.31433138045,0.0
28524.353199106998,0.0
28544.392066833545,0.0
28564.430934560092,0.0
28584.46980228664,0.0
28604.508670013187,0.0
28624.547537739734,0.0
28644.58640546628,0.0
28664.62527319283,0.0
28684.664140919376,0.0
28704.703008645924,0.0
28724.74187637247,0.0
28744.78074409902,0.0
28764.819611825566,0.0
28784.858479552113,0.0
28804.89734727866,0.0
28824.936215005207,0.0
28844.975082731755,0.0
28865.013950458302,0.0
28885.05281818485,0.0
28905.091685911397,0.0
28925.130553637944,0.0
28945.16942136449,0.0
28965.20828909104,0.0
28985.247156817586,0.0
29005.286024544133,0.0
29025.32489227068,0.0
29045.363759997228,0.0
29065.402627723775,0.0
29085.441495450323,0.0
29105.48036317687,0.0
29125.519230903417,0.0
29145.558098629965,0.0
29165.596966356512,0.0
29185.63583408306,0.0
29205.674701809607,0.0
29225.713569536154,0.0
29245.7524372627,0.0
29265.791304989245,0.0
29285.830172715792,0.0
29305.86904044234,0.0
29325.907908168887,0.0
29345.946775895434,0.0
29365.98564362198,0.0
29386.02451134853,0.0
29406.063379075076,0.0
29426.102246801624,0.0
29446.14111452817,0.0
29466.17998225472,0.0
29486.218849981266,0.0
29506.257717707813,0.0
29526.29658543436,0.0
29546.335453160907,0.0
29566.374320887455,0.0
29586.413188614002,0.0
29606.45205634055,0.0
29626.490924067097,0.0
29646.529791793644,0.0
29666.56865952019,0.0
29686.60752724674,0.0
29706.646394973286,0.0
29726.685262699833,0.0
29746.72413042638,0.0
29766.762998152928,0.0
29786.801865879475,0.0
29806.840733606023,0.0
29826.87960133257,0.0
29846.918469059117,0.0
29866.957336785665,0.0
29886.996204512212,0.0
29907.03507223876,0.0
29927.073939965307,0.0
29947.112807691854,0.0
29967.1516754184,0.0
29987.19054314495,0.0
30007.229410871496,0.0
30027.26827859804,0.0
30047.307146324587,0.0
30067.346014051134,0.0
30087.38488177768,0.0
30107.42374950423,0.0
30127.462617230776,0.0
30147.501484957324,0.0
30167.54035268387,0.0
30187.57922041042,0.0
30207.618088136966,0.0
30227.656955863513,0.0
30247.69582359006,0.0
30267.734691316607,0.0
30287.773559043155,0.0
30307.812426769702,0.0
30327.85129449625,0.0
30347.890162222797,0.0
30367.929029949344,0.0
30387.96789767589,0.0
30408.00676540244,0.0
30428.045633128986,0.0
30448.084500855533,0.0
30468.12336858208,0.0
30488.162236308628,0.0
30508.201104035175,0.0
30528.239971761723,0.0
30548.27883948827,0.0
30568.317707214817,0.0
30588.356574941365,0.0
30608.395442667912,0.0
30628.43431039446,0.0
30648.473178121007,0.0
30668.512045847554,0.0
30688.5509135741,0.0
30708.58978130065,0.0
30728.628649027196,0.0
30748.667516753743,0.0
30768.70638448029,0.0
30788.745252206834,0.0
30808.78411993338,0.0
30828.82298765993,0.0
30848.861855386476,0.0
30868.900723113024,0.0
30888.93959083957,0.0
30908.97845856612,0.0
30929.017326292666,0.0
30949.056194019213,0.0
30969.09506174576,0.0
30989.133929472307,0.0
31009.172797198855,0.0
31029.211664925402,0.0
31049.25053265195,0.0
31069.289400378497,0.0
31089.328268105044,0.0
31109.36713583159,0.0
31129.40600355814,0.0
31149.444871284686,0.0
31169.483739011233,0.0
31189.52260673778,0.0
31209.561474464328,0.0
31229.600342190875,0.0
31249.639209917423,0.0
31269.67807764397,0.0
31289.716945370517,0.0
31309.755813097065,0.0
31329.794680823612,0.0
31349.83354855016,0.0
31369.872416276707,0.0
31389.911284003254,0.0
31409.9501517298,0.0
31429.98901945635,0.0
31450.027887182896,0.0
31470.066754909443,0.0
31490.10562263599,0.0
31510.144490362538,0.0
31530.18335808908,0.0
31550.22222581563,0.0
31570.261093542176,0.0
31590.299961268724,0.0
31610.33882899527,0.0
31630.37769672182,0.0
31650.416564448366,0.0
31670.455432174913,0.0
31690.49429990146,0.0
31710.533167628008,0.0
31730.572035354555,0.0
31750.610903081102,0.0
31770.64977080765,0.0
31790.688638534197,0.0
31810.727506260744,0.0
31830.76637398729,0.0
31850.80524171384,0.0
31870.844109440386,0.0
31890.882977166933,0.0
31910.92184489348,0.0
31930.960712620028,0.0
31950.999580346575,0.0
31971.038448073123,0.0
31991.07731579967,0.0
32011.116183526217,0.0
32031.155051252765,0.0
32051.193918979312,0.0
32071.23278670586,0.0
32091.271654432407,0.0
32111.310522158954,0.0
32131.3493898855,0.0
32151.38825761205,0.0
32171.427125338596,0.0
32191.465993065143,0.0
32211.50486079169,0.0
32231.543728518238,0.0
32251.582596244785,0.0
32271.621463971333,0.0
32291.660331697876,0.0
32311.699199424424,0.0
32331.73806715097,0.0
32351.77693487752,0.0
32371.815802604066,0.0
32391.854670330613,0.0
32411.89353805716,0.0
32431.932405783708,0.0
32451.971273510255,0.0
32472.010141236802,0.0
32492.04900896335,0.0
32512.087876689897,0.0
32532.126744416444,0.0
32552.16561214299,0.0
32572.20447986954,0.0
32592.243347596086,0.0
32612.282215322633,0.0
32632.32108304918,0.0
32652.359950775728,0.0
32672.398818502275,0.0
32692.437686228823,0.0
32712.47655395537,0.0
32732.515421681917,0.0
32752.554289408465,0.0
32772.59315713501,0.0
32792.63202486156,0.0
32812.6708925881,0.0
32832.709760314654,0.0
32852.7486280412,0.0
32872.78749576775,0.0
32892.82636349429,0.0
32912.86523122084,0.0
32932.90409894739,0.0
32952.94296667394,0.0
32972.98183440048,0.0
32993.02070212703,0.0
33013.059569853576,0.0
33033.09843758013,0.0
33053.13730530667,0.0
33073.17617303322,0.0
33093.215040759766,0.0
33113.25390848632,0.0
33133.29277621286,0.0
33153.33164393941,0.0
33173.370511665955,0.0
33193.409379392506,0.0
33213.44824711905,0.0
33233.4871148456,0.0
33253.525982572144,0.0
33273.564850298695,0.0
33293.60371802524,0.0
33313.64258575179,0.0
33333.68145347833,0.0
33353.720321204884,0.0
33373.75918893143,0.0
33393.79805665798,0.0
33413.83692438452,0.0
33433.87579211107,0.0
33453.91465983762,0.0
33473.95352756416,0.0
33493.99239529071,0.0
33514.031263017256,0.0
33534.07013074381,0.0
33554.10899847035,0.0
33574.1478661969,0.0
33594.186733923445,0.0
33614.225601649996,0.0
33634.26446937654,0.0
33654.30333710309,0.0
33674.342204829634,0.0
33694.381072556185,0.0
33714.41994028273,0.0
33734.45880800928,0.0
33754.49767573582,0.0
33774.536543462375,0.0
33794.57541118892,0.0
33814.61427891547,0.0
33834.65314664201,0.0
33854.692014368564,0.0
33874.73088209511,0.0
33894.76974982166,0.0
33914.8086175482,0.0
33934.84748527475,0.0
33954.8863530013,0.0
33974.92522072785,0.0
33994.96408845439,0.0
34015.00295618094,0.0
34035.041823907486,0.0
34055.08069163404,0.0
34075.11955936058,0.0
34095.15842708713,0.0
34115.197294813675,0.0
34135.236162540226,0.0
34155.27503026677,0.0
34175.31389799332,0.0
34195.352765719865,0.0
34215.39163344641,0.0
34235.43050117296,0.0
34255.4693688995,0.0
34275.508236626054,0.0
34295.5471043526,0.0
34315.58597207915,0.0
34335.62483980569,0.0
34355.66370753224,0.0
34375.70257525879,0.0
34395.74144298534,0.0
34415.78031071188,0.0
34435.81917843843,0.0
34455.858046164976,0.0
34475.89691389153,0.0
34495.93578161807,0.0
34515.97464934462,0.0
34536.013517071166,0.0
34556.05238479772,0.0
34576.09125252426,0.0
34596.13012025081,0.0
34616.168987977355,0.0
34636.207855703906,0.0
34656.24672343045,0.0
34676.285591157,0.0
34696.324458883544,0.0
34716.363326610095,0.0
34736.40219433664,0.0
34756.44106206319,0.0
34776.47992978973,0.0
34796.518797516284,0.0
34816.55766524283,0.0
34836.59653296938,0.0
34856.63540069592,0.0
34876.674268422474,0.0
34896.71313614902,0.0
34916.75200387557,0.0
34936.79087160211,0.0
34956.829739328656,0.0
34976.86860705521,0.0
34996.90747478175,0.0
35016.9463425083,0.0
35036.985210234845,0.0
35057.024077961396,0.0
35077.06294568794,0.0
35097.10181341449,0.0
35117.140681141034,0.0
35137.179548867585,0.0
35157.21841659413,0.0
35177.25728432068,0.0
35197.29615204722,0.0
35217.335019773775,0.0
35237.37388750032,0.0
35257.41275522687,0.0
35277.45162295341,0.0
35297.490490679964,0.0
35317.52935840651,0.0
35337.56822613306,0.0
35357.6070938596,0.0
35377.64596158615,0.0
35397.6848293127,0.0
35417.72369703925,0.0
35437.76256476579,0.0
35457.80143249234,0.0
35477.840300218886,0.0
35497.87916794544,0.0
35517.91803567198,0.0
35537.95690339853,0.0
35557.995771125075,0.0
35578.03463885163,0.0
35598.07350657817,0.0
35618.11237430472,0.0
35638.151242031265,0.0
35658.190109757816,0.0
35678.22897748436,0.0
35698.26784521091,0.0
35718.306712937454,0.0
35738.345580664,0.0
35758.38444839055,0.0
35778.42331611709,0.0
35798.46218384364,0.0
35818.50105157019,0.0
35838.53991929674,0.0
35858.57878702328,0.0
35878.61765474983,0.0
35898.656522476376,0.0
35918.69539020293,0.0
35938.73425792947,0.0
35958.77312565602,0.0
35978.811993382566,0.0
35998.85086110912,0.0
36018.88972883566,0.0
36038.92859656221,0.0
36058.967464288755,0.0
36079.006332015306,0.0
36099.04519974185,0.0
36119.0840674684,0.0
36139.122935194944,0.0
36159.161802921495,0.0
36179.20067064804,0.0
36199.23953837459,0.0
36219.27840610113,0.0
36239.317273827684,0.0
36259.35614155423,0.0
36279.39500928078,0.0
36299.43387700732,0.0
36319.472744733874,0.0
36339.51161246042,0.0
36359.55048018697,0.0
36379.58934791351,0.0
36399.62821564006,0.0
36419.66708336661,0.0
36439.70595109316,0.0
36459.7448188197,0.0
36479.783686546245,0.0
36499.822554272796,0.0
36519.86142199934,0.0
36539.90028972589,0.0
36559.939157452434,0.0
36579.978025178985,0.0
36600.01689290553,0.0
36620.05576063208,0.0
36640.09462835862,0.0
36660.133496085175,0.0
36680.17236381172,0.0
36700.21123153827,0.0
36720.25009926481,0.0
36740.288966991364,0.0
36760.32783471791,0.0
36780.36670244446,0.0
36800.405570171,0.0
36820.44443789755,0.0
36840.4833056241,0.0
36860.52217335065,0.0
36880.56104107719,0.0
36900.59990880374,0.0
36920.638776530286,0.0
36940.67764425684,0.0
36960.71651198338,0.0
36980.75537970993,0.0
37000.794247436475,0.0
37020.83311516303,0.0
37040.87198288957,0.0
37060.91085061612,0.0
37080.949718342665,0.0
37100.988586069216,0.0
37121.02745379576,0.0
37141.06632152231,0.0
37161.105189248854,0.0
37181.144056975405,0.0
37201.18292470195,0.0
37221.2217924285,0.0
37241.26066015504,0.0
37261.29952788159,0.0
37281.33839560814,0.0
37301.37726333468,0.0
37321.41613106123,0.0
37341.454998787776,0.0
37361.49386651433,0.0
37381.53273424087,0.0
37401.57160196742,0.0
37421.610469693966,0.0
37441.64933742052,0.0
37461.68820514706,0.0
37481.72707287361,0.0
37501.765940600155,0.0
37521.804808326706,0.0
37541.84367605325,0.0
37561.8825437798,0.0
37581.921411506344,0.0
37601.960279232895,0.0
37621.99914695944,0.0
37642.03801468599,0.0
37662.07688241253,0.0
37682.115750139084,0.0
37702.15461786563,0.0
37722.19348559218,0.0
37742.23235331872,0.0
37762.271221045274,0.0
37782.31008877182,0.0
37802.34895649837,0.0
37822.38782422491,0.0
37842.42669195146,0.0
37862.46555967801,0.0
37882.50442740456,0.0
37902.5432951311,0.0
37922.58216285765,0.0
37942.621030584196,0.0
37962.65989831075,0.0
37982.69876603729,0.0
38002.737633763834,0.0
38022.776501490385,0.0
38042.81536921693,0.0
38062.85423694348,0.0
38082.89310467002,0.0
38102.931972396575,0.0
38122.97084012312,0.0
38143.00970784967,0.0
38163.04857557621,0.0
38183.087443302764,0.0
38203.12631102931,0.0
38223.16517875586,0.0
38243.2040464824,0.0
38263.24291420895,0.0
38283.2817819355,0.0
38303.32064966205,0.0
38323.35951738859,0.0
38343.39838511514,0.0
38363.437252841686,0.0
38383.47612056824,0.0
38403.51498829478,0.0
38423.55385602133,0.0
38443.592723747875,0.0
38463.63159147443,0.0
38483.67045920097,0.0
38503.70932692752,0.0
38523.748194654065,0.0
38543.787062380616,0.0
38563.82593010716,0.0
38583.86479783371,0.0
38603.903665560254,0.0
38623.942533286805,0.0
38643.98140101335,0.0
38664.0202687399,0.0
38684.05913646644,0.0
38704.098004192994,0.0
38724.13687191954,0.0
38744.17573964609,0.0
38764.21460737263,0.0
38784.253475099176,0.0
38804.29234282573,0.0
38824.33121055227,0.0
38844.37007827882,0.0
38864.408946005366,0.0
38884.44781373192,0.0
38904.48668145846,0.0
38924.52554918501,0.0
38944.564416911555,0.0
38964.603284638106,0.0
38984.64215236465,0.0
39004.6810200912,0.0
39024.719887817744,0.0
39044.758755544295,0.0
39064.79762327084,0.0
39084.83649099739,0.0
39104.87535872393,0.0
39124.914226450484,0.0
39144.95309417703,0.0
39164.99196190358,0.0
39185.03082963012,0.0
39205.069697356674,0.0
39225.10856508322,0.0
39245.14743280977,0.0
39265.18630053631,0.0
39285.22516826286,0.0
39305.26403598941,0.0
39325.30290371596,0.0
39345.3417714425,0.0
39365.38063916905,0.0
39385.419506895596,0.0
39405.45837462215,0.0
39425.49724234869,0.0
39445.53611007524,0.0
39465.574977801785,0.0
39485.613845528336,0.0
39505.65271325488,0.0
39525.69158098142,0.0
39545.730448707975,0.0
39565.76931643452,0.0
39585.80818416107,0.0
39605.84705188761,0.0
39625.885919614164,0.0
39645.92478734071,0.0
39665.96365506726,0.0
39686.0025227938,0.0
39706.04139052035,0.0
39726.0802582469,0.0
39746.11912597345,0.0
39766.15799369999,0.0
39786.19686142654,0.0
39806.235729153086,0.0
39826.27459687964,0.0
39846.31346460618,0.0
39866.35233233273,0.0
39886.391200059275,0.0
39906.43006778583,0.0
39926.46893551237,0.0
39946.50780323892,0.0
39966.546670965465,0.0
39986.585538692016,0.0
40006.62440641856,0.0
40026.66327414511,0.0
40046.702141871654,0.0
40066.741009598205,0.0
40086.77987732475,0.0
40106.8187450513,0.0
40126.85761277784,0.0
40146.896480504394,0.0
40166.93534823094,0.0
40186.97421595749,0.0
40207.01308368403,0.0
40227.05195141058,0.0
40247.09081913713,0.0
40267.12968686368,0.0
40287.16855459022,0.0
40307.207422316766,0.0
40327.24629004332,0.0
40347.28515776986,0.0
40367.32402549641,0.0
40387.362893222955,0.0
40407.401760949506,0.0
40427.44062867605,0.0
40447.4794964026,0.0
40467.518364129144,0.0
40487.557231855695,0.0
40507.59609958224,0.0
40527.63496730879,0.0
40547.67383503533,0.0
40567.712702761884,0.0
40587.75157048843,0.0
40607.79043821498,0.0
40627.82930594152,0.0
40647.868173668074,0.0
40667.90704139462,0.0
40687.94590912117,0.0
40707.98477684771,0.0
40728.02364457426,0.0
40748.06251230081,0.0
40768.10138002736,0.0
40788.1402477539,0.0
40808.17911548045,0.0
40828.217983206996,0.0
40848.25685093355,0.0
40868.29571866009,0.0
40888.33458638664,0.0
40908.373454113185,0.0
40928.412321839736,0.0
40948.45118956628,0.0
40968.49005729283,0.0
40988.528925019375,0.0
41008.567792745926,0.0
