Energy (keV),Intensity (CPS)
-11.577213838444056,0.0
8.46268597120136,0.0
28.502585780846776,0.0
48.54248559049219,0.0
68.58238540013761,0.0
88.62228520978303,0.0
108.66218501942843,0.0
128.70208482907384,0.0
148.74198463871926,0.0
168.78188444836468,0.0
188.8217842580101,0.0
208.86168406765552,0.0
228.9015838773009,0.0
248.94148368694633,0.0
268.9813834965918,0.0
289.0212833062372,0.0
309.0611831158826,0.0
329.10108292552803,0.0
349.14098273517345,0.38450584907983343
369.18088254481887,0.7690116981596669
389.2207823544643,0.7690116981596669
409.2606821641097,0.0
429.30058197375513,0.7690116981596669
449.34048178340055,0.0
469.3803815930459,0.0
489.42028140269133,0.7690116981596669
509.46018121233675,0.38450584907983343
529.5000810219822,1.1535175472395003
549.5399808316275,1.9225292453991671
569.579880641273,2.3070350944790006
589.6197804509184,2.3070350944790006
609.6596802605638,3.0760467926386674
629.6995800702092,2.691540943558834
649.7394798798546,3.0760467926386674
669.7793796895,2.3070350944790006
689.8192794991454,2.691540943558834
709.8591793087909,1.5380233963193337
729.8990791184362,1.5380233963193337
749.9389789280817,2.691540943558834
769.9788787377271,0.7690116981596669
790.0187785473726,3.0760467926386674
810.0586783570179,3.8450584907983343
830.0985781666634,6.536599434357168
850.1384779763088,3.8450584907983343
870.1783777859542,5.767587736197502
890.2182775955996,13.842210566874003
910.2581774052451,15.76473981227317
930.2980772148904,32.298491322706006
950.3379770245358,31.52947962454634
970.3778768341813,16.533751510432836
990.4177766438266,10.766163774235336
1010.4576764534721,6.921105283437002
1030.4975762631175,6.152093585277335
1050.537476072763,10.381657925155503
1070.5773758824084,16.533751510432836
1090.6172756920537,18.456280755832005
1110.6571755016992,12.688693019634503
1130.6970753113446,9.997152076075668
1150.73697512099,9.612646226995835
1170.7768749306354,12.688693019634503
1190.8167747402808,14.226716415953836
1210.8566745499263,18.840786604911838
1230.8965743595718,15.76473981227317
1250.936474169217,8.84363452883617
1270.9763739788625,4.614070188958001
1291.016273788508,8.074622830676502
1311.0561735981532,4.229564339878168
1331.0960734077987,3.8450584907983343
1351.1359732174442,4.614070188958001
1371.1758730270897,3.460552641718501
1391.215772836735,4.229564339878168
1411.2556726463804,6.536599434357168
1431.2955724560259,5.767587736197502
1451.3354722656713,15.380233963193337
1471.3753720753166,9.997152076075668
1491.415271884962,10.766163774235336
1511.4551716946075,8.84363452883617
1531.495071504253,6.921105283437002
1551.5349713138983,6.152093585277335
1571.5748711235437,4.229564339878168
1591.6147709331892,3.8450584907983343
1611.6546707428345,8.84363452883617
1631.69457055248,6.152093585277335
1651.7344703621254,6.152093585277335
1671.774370171771,12.30418717055467
1691.8142699814161,20.763315850311006
1711.8541697910616,39.98860830430267
1731.894069600707,44.21817264418085
1751.9339694103526,37.681573209823675
1771.9738692199978,20.763315850311006
1792.0137690296433,11.535175472395004
1812.0536688392888,11.919681321474837
1832.0935686489343,9.228140377916002
1852.1334684585795,6.536599434357168
1872.173368268225,7.690116981596669
1892.2132680778705,7.690116981596669
1912.2531678875157,9.997152076075668
1932.2930676971612,9.997152076075668
1952.3329675068067,18.07177490675217
1972.3728673164521,18.840786604911838
1992.4127671260974,29.606950379147175
2012.4526669357429,30.37596207730684
2032.4925667453883,26.530903586508508
2052.532466555034,24.223868492029506
2072.572366364679,20.763315850311006
2092.6122661743248,25.76189188834884
2112.65216598397,29.606950379147175
2132.6920657936153,23.839362642949673
2152.731965603261,29.606950379147175
2172.771865412906,24.992880190189172
2192.8117652225515,29.606950379147175
2212.851665032197,31.52947962454634
2232.8915648418424,32.298491322706006
2252.9314646514877,42.68014924786151
2272.9713644611334,54.98433641841618
2293.0112642707786,63.827970947252346
2313.0511640804243,72.28709962700869
2333.0910638900696,71.51808792884901
2353.130963699715,66.13500604173134
2373.1708635093605,74.59413472148769
2393.2107633190058,69.98006453252968
2413.250663128651,55.75334811657585
2433.2905629382967,53.446313022096845
2453.330462747942,52.29279547485734
2473.3703625575877,51.90828962577751
2493.410262367233,58.829394909214514
2513.450162176878,71.13358207976918
2533.490061986524,74.97864057056752
2553.529961796169,87.66733359020202
2573.5698616058144,125.73341264910553
2593.60976141546,196.86699472887472
2613.6496612251053,354.89889870068623
2633.6895610347506,639.433227019763
2653.7294608443963,1058.5446025167814
2673.7693606540415,1548.0205483954094
2693.809260463687,1696.824311989305
2713.8491602733325,1513.0305161291446
2733.8890600829777,1083.1529768578907
2753.9289598926234,704.030209665175
2773.9688597022687,572.9137151289518
2794.008759511914,685.1894230602632
2814.0486593215596,857.8325492971084
2834.088559131205,944.7308711891508
2854.1284589408506,850.1424323155117
2874.168358750496,708.6442798541331
2894.208258560141,624.4374989056495
2914.248158369787,676.345788531427
2934.288058179432,741.3272770259189
2954.3279579890773,784.77643797194
2974.367857798723,733.6371600443222
2994.4077576083682,552.9194109768005
3014.4476574180135,376.4312262491569
3034.487557227659,251.8513311472909
3054.5274570373044,177.25719642580322
3074.56735684695,132.65451793254255
3094.6072566565954,125.3489068000257
3114.6471564662406,122.65736585646687
3134.6870562758863,151.87981038653422
3154.7269560855316,159.18542151905103
3174.766855895177,169.56707944420654
3194.8067557048225,144.57419925401737
3214.846655514468,120.73483661106769
3234.886555324113,106.12361434603403
3254.9264551337587,96.5109681190382
3274.966354943404,100.74053245891636
3295.0062547530497,114.58274302579036
3315.046154562695,124.1953892527862
3335.08605437234,123.42637755462653
3355.125954181986,124.1953892527862
3375.165853991631,115.73626057302987
3395.2057538012764,110.3531786859122
3415.245653610922,98.04899151535753
3435.2855534205673,97.27997981719786
3455.325453230213,98.04899151535753
3475.3653530398583,87.66733359020202
3495.4052528495035,88.82085113744152
3515.4451526591492,92.28140377916003
3535.4850524687945,91.12788623192053
3555.5249522784397,95.74195642087852
3575.5648520880854,103.81657925155503
3595.6047518977307,91.89689793008019
3615.644651707376,109.96867283683235
3635.6845515170216,116.50527227118953
3655.724451326667,131.88550623438286
3675.7643511363126,157.64739812273172
3695.804250945958,161.87696246260987
3715.844150755603,163.03048000984938
3735.884050565249,132.65451793254255
3755.923950374894,126.5024243472652
3775.9638501845393,112.27570793131136
3796.003749994185,107.66163774235336
3816.0436498038302,117.2742839693492
3836.0835496134755,124.57989510186603
3856.123449423121,117.2742839693492
3876.1633492327664,136.8840822724207
3896.203249042412,104.20108510063486
3916.2431488520574,114.19823717671053
3936.2830486617027,127.27143604542486
3956.3229484713484,137.26858812150053
3976.3628482809936,137.65309397058036
3996.402748090639,138.80661151781987
4016.4426479002846,130.73198868714337
4036.48254770993,134.19254132886186
4056.5224475195755,138.0375998196602
4076.5623473292208,150.7262928392947
4096.602247138867,128.42495359266437
4116.642146948512,128.42495359266437
4136.682046758157,131.1164945362232
4156.721946567803,124.57989510186603
4176.761846377448,134.19254132886186
4196.801746187094,140.3446349141392
4216.841645996739,151.49530453745436
4236.881545806385,143.8051875558577
4256.92144561603,146.49672849941655
4276.961345425675,143.42068170677786
4297.00124523532,150.7262928392947
4317.0411450449665,149.95728114113504
4337.081044854612,151.87981038653422
4357.120944664257,153.0333279337737
4377.160844473902,149.18826944297538
4397.2007442835475,153.0333279337737
4417.240644093194,186.10083095463938
4437.280543902839,218.78382812642522
4457.320443712484,267.2315651104842
4477.360343522129,327.5989834160181
4497.400243331775,362.97352153136274
4517.44014314142,374.12419115467793
4537.480042951066,341.8256998319719
4557.519942760711,291.0709277534339
4577.5598425703565,238.77813227857655
4597.599742380002,197.25150057795454
4617.639642189647,186.4853368037192
4637.679541999293,177.25719642580322
4657.719441808938,187.63885435095872
4677.759341618584,176.8726905767234
4697.799241428229,173.41213793500486
4717.839141237874,183.0247841620007
4737.87904104752,171.48960868960572
4757.918940857166,196.09798303071506
4777.958840666811,191.09940699267722
4797.998740476456,194.5599596343957
4818.038640286101,216.86129888102604
4838.078540095747,196.4824888797949
4858.118439905393,191.86841869083688
4878.158339715038,207.24865265403022
4898.198239524683,218.78382812642522
4918.2381393343285,231.0880152969799
4938.278039143974,215.32327548470673
4958.31793895362,223.39789831538323
4978.357838763265,220.7063573718244
4998.39773857291,210.70920529574872
5018.437638382556,216.47679303194622
5038.477538192201,223.39789831538323
5058.517438001846,218.78382812642522
5078.557337811492,233.77955624053874
5098.5972376211375,237.24010888225723
5118.637137430783,233.01054454237905
5138.677037240428,228.0119685043412
5158.716937050073,226.4739451080219
5178.756836859719,233.01054454237905
5198.796736669365,246.0837434110934
5218.83663647901,250.6978136000514
5238.876536288655,269.92310605404305
5258.9164360983,269.92310605404305
5278.956335907946,271.8456352994422
5298.996235717592,294.14697454607256
5319.036135527237,288.7638926589549
5339.076035336882,286.4568575644759
5359.115935146528,318.37084303810207
5379.155834956173,320.29337228350124
5399.195734765819,352.59186360620726
5419.235634575464,322.2159015289004
5439.2755343851095,309.1427026601861
5459.315434194755,304.14412662214824
5479.3553340044,280.3047639791986
5499.395233814045,263.7710124687657
5519.435133623691,291.0709277534339
5539.475033433337,295.3004920933121
5559.514933242982,284.9188341681566
5579.554833052627,259.54144812888757
5599.594732862272,286.4568575644759
5619.634632671919,274.15267039392126
5639.674532481564,302.6061032258289
5659.714432291209,297.60752718779105
5679.754332100854,312.9877611509844
5699.7942319105,289.53290435711455
5719.834131720146,312.9877611509844
5739.874031529791,328.7525009632576
5759.913931339436,302.22159737674906
5779.953831149081,304.9131383203079
5799.993730958727,315.29479624546343
5820.033630768372,332.2130536049761
5840.073530578018,341.8256998319719
5860.113430387663,333.7510770012954
5880.153330197309,355.66791039884595
5900.193230006954,322.2159015289004
5920.233129816599,344.1327349264509
5940.273029626245,368.3566034184804
5960.3129294358905,351.8228519080476
5980.352829245536,350.6693343608081
6000.392729055181,361.4354981350434
6020.432628864826,347.2087817190896
6040.4725286744715,338.3651471902534
6060.512428484118,350.2848285117283
6080.552328293763,344.51724077553075
6100.592228103408,346.4397700209299
6120.632127913053,343.36372322829124
6140.672027722699,362.2045098332031
6160.711927532345,383.35233153259395
6180.75182734199,394.1184953068293
6200.791727151635,384.89035492891327
6220.831626961281,419.49588134609826
6240.871526770926,433.3380919129723
6260.911426580571,424.8789632332159
6280.951326390217,420.6493988933378
6300.9912261998625,447.9493141780059
6321.031126009508,456.79294870684214
6341.071025819153,471.01966512279597
6361.110925628798,504.08716814366164
6381.150825438444,512.1617909743381
6401.19072524809,522.9279547485735
6421.230625057735,485.2463815387498
6441.27052486738,465.6365832356783
6461.310424677025,427.57050417677476
6481.350324486671,394.88750700498895
6501.390224296317,379.12276719271574
6521.430124105962,383.73683738167375
6541.470023915607,372.9706736074384
6561.5099237252525,345.2862524736904
6581.549823534898,360.66648643688376
6601.589723344544,365.28055662584177
6621.629623154189,378.73826134363594
6641.669522963834,354.51439285160643
6661.70942277348,374.50869700375773
6681.749322583125,351.8228519080476
6701.789222392771,357.59043964424507
6721.829122202416,368.3566034184804
6741.869022012062,379.12276719271574
6761.908921821707,360.66648643688376
6781.948821631352,384.1213432307536
6801.988721440997,379.12276719271574
6822.0286212506435,388.35090757063176
6842.068521060289,369.8946268147998
6862.108420869934,377.9692496454763
6882.148320679579,356.4369220970056
6902.1882204892245,378.73826134363594
6922.228120298871,366.4340741730813
6942.268020108516,362.97352153136274
6962.307919918161,366.0495683240014
6982.347819727806,375.27770870191745
7002.387719537452,385.6593666270729
7022.427619347097,372.5861677583586
7042.467519156743,373.3551794565183
7062.507418966388,353.3608753043669
7082.5473187760335,373.3551794565183
7102.587218585679,377.20023794731657
7122.627118395324,358.7439571914846
7142.66701820497,359.12846304056444
7162.706918014615,338.3651471902534
7182.746817824261,345.67075832277027
7202.786717633906,347.59328756816944
7222.826617443551,341.44119398289206
7242.866517253196,327.5989834160181
7262.906417062843,359.8974747387241
7282.946316872488,344.9017466246106
7302.986216682133,322.2159015289004
7323.026116491778,338.3651471902534
7343.066016301424,353.3608753043669
7363.10591611107,340.2876764356526
7383.145815920715,347.97779341724925
7403.18571573036,332.5975594540559
7423.2256155400055,327.2144775669382
7443.265515349651,346.4397700209299
7463.305415159296,327.5989834160181
7483.345314968942,330.6750302086567
7503.385214778587,327.9834892650979
7523.425114588233,337.2116296430139
7543.465014397878,313.75677284914406
7563.504914207523,314.9102903963836
7583.544814017169,318.7553488871819
7603.584713826815,310.29622020742556
7623.62461363646,315.67930209454323
7643.664513446105,308.3736909620264
7663.70441325575,314.1412786982239
7683.7443130653955,320.6778781325811
7703.784212875042,317.98633718902227
7723.824112684687,294.14697454607256
7743.864012494332,302.22159737674906
7763.903912303977,311.83424360374494
7783.943812113623,305.68215001846755
7803.983711923269,299.5300564331902
7824.023611732914,297.9920330368709
7844.063511542559,290.68642190435406
7864.103411352205,287.6103751117154
7884.14331116185,285.3033400172364
7904.183210971496,301.4525856785894
7924.223110781141,274.15267039392126
7944.2630105907865,301.4525856785894
7964.302910400432,294.14697454607256
7984.342810210077,281.45828152643804
8004.382710019722,279.15124643195907
8024.422609829368,277.61322303563975
8044.462509639014,276.45970548840023
8064.502409448659,286.8413634135557
8084.542309258304,284.53432831907674
8104.582209067949,288.3793868098751
8124.622108877596,285.68784586631625
8144.662008687241,273.38365869576154
8164.701908496886,276.45970548840023
8184.741808306531,282.61179907367756
8204.781708116177,277.61322303563975
8224.821607925822,261.46397737428674
8244.861507735468,271.8456352994422
8264.901407545112,268.0005768086439
8284.941307354758,252.62034284545055
8304.981207164405,248.3907785055724
8325.021106974049,236.08659133501772
8345.061006783695,255.69638963808924
8365.10090659334,262.61749492152626
8385.140806402986,256.4654013362489
8405.180706212632,228.39647435342107
8425.220606022276,243.39220246753456
8445.260505831922,259.9259539779674
8465.300405641567,248.3907785055724
8485.340305451213,244.16121416569422
8505.380205260859,245.31473171293374
8525.420105070503,223.78240416446306
8545.46000488015,248.77528435465223
8565.499904689794,236.8556030331774
8585.53980449944,238.39362642949672
8605.579704309084,242.6231907693749
8625.61960411873,237.24010888225723
8645.659503928377,238.0091205804169
8665.699403738021,223.78240416446306
8685.739303547667,226.4739451080219
8705.779203357311,208.4021702012697
8725.819103166958,216.47679303194622
8745.859002976604,213.01624039022772
8765.898902786248,198.40501812519406
8785.938802595894,193.40644208715622
8805.978702405539,212.24722869206806
8826.018602215185,197.63600642703437
8846.05850202483,204.17260586139156
8866.098401834475,189.56138359635787
8886.138301644121,175.33466718040404
8906.178201453766,202.6345824650722
8926.218101263412,183.0247841620007
8946.258001073058,170.3360911423662
8966.297900882702,166.49103265156788
8986.337800692349,174.56565548224438
9006.377700501993,153.80233963193336
9026.417600311639,149.18826944297538
9046.457500121283,145.72771680125686
9066.49739993093,171.48960868960572
9086.537299740576,161.49245661353004
9106.57719955022,160.33893906629055
9126.617099359866,148.80376359389552
9146.65699916951,146.49672849941655
9166.696898979157,144.9587051030972
9186.736798788803,143.03617585769803
9206.776698598447,127.65594189450469
9226.816598408093,126.5024243472652
9246.856498217738,130.73198868714337
9266.896398027384,127.27143604542486
9286.93629783703,127.27143604542486
9306.976197646674,121.11934246014754
9327.01609745632,111.89120208223153
9347.055997265965,112.66021378039119
9367.095897075611,91.89689793008019
9387.135796885257,86.51381604296252
9407.175696694901,90.74338038284068
9427.215596504548,89.97436868468102
9447.255496314192,94.58843887363902
9467.295396123838,82.28425170308435
9487.335295933484,83.82227509940368
9507.375195743129,83.43776925032385
9527.415095552775,78.43919321228601
9547.45499536242,76.13215811780702
9567.494895172065,69.21105283437002
9587.53479498171,74.59413472148769
9607.574694791356,69.21105283437002
9627.614594601002,60.75192415461368
9647.654494410646,58.06038321105485
9667.694394220292,55.368842267496014
9687.734294029937,53.83081887117668
9707.774193839583,44.21817264418085
9727.81409364923,48.44773698405901
9747.853993458873,34.221020568105175
9767.89389326852,36.91256151166401
9787.933793078164,37.681573209823675
9807.97369288781,36.14354981350434
9828.013592697456,29.606950379147175
9848.0534925071,31.52947962454634
9868.093392316747,26.91540943558834
9888.133292126391,26.530903586508508
9908.173191936037,21.532327548470672
9928.213091745683,22.68584509571017
9948.252991555328,17.68726905767234
9968.292891364974,14.995728114113504
9988.332791174618,14.995728114113504
10008.372690984264,14.995728114113504
10028.412590793909,13.45770471779417
10048.452490603555,11.150669623315169
10068.492390413201,8.459128679756336
10088.532290222845,9.612646226995835
10108.572190032492,6.152093585277335
10128.612089842136,7.690116981596669
10148.651989651782,6.536599434357168
10168.691889461428,5.767587736197502
10188.731789271073,6.152093585277335
10208.771689080719,4.614070188958001
10228.811588890363,4.229564339878168
10248.85148870001,4.998576038037834
10268.891388509655,2.3070350944790006
10288.9312883193,1.1535175472395003
10308.971188128946,4.229564339878168
10329.01108793859,1.9225292453991671
10349.050987748236,1.9225292453991671
10369.090887557883,1.9225292453991671
10389.130787367527,1.5380233963193337
10409.170687177173,1.9225292453991671
10429.210586986817,2.691540943558834
10449.250486796464,1.5380233963193337
10469.29038660611,1.9225292453991671
10489.330286415754,1.1535175472395003
10509.3701862254,0.7690116981596669
10529.410086035045,0.38450584907983343
10549.44998584469,1.5380233963193337
10569.489885654335,0.7690116981596669
10589.529785463981,1.5380233963193337
10609.569685273627,1.5380233963193337
10629.609585083272,1.9225292453991671
10649.649484892918,1.9225292453991671
10669.689384702562,0.7690116981596669
10689.729284512208,1.5380233963193337
10709.769184321854,1.5380233963193337
10729.809084131499,0.7690116981596669
10749.848983941145,1.5380233963193337
10769.88888375079,1.1535175472395003
10789.928783560435,2.691540943558834
10809.968683370082,1.1535175472395003
10830.008583179726,0.7690116981596669
10850.048482989372,0.7690116981596669
10870.088382799016,1.5380233963193337
10890.128282608663,0.7690116981596669
10910.168182418309,1.5380233963193337
10930.208082227953,1.5380233963193337
10950.2479820376,2.3070350944790006
10970.287881847244,1.1535175472395003
10990.32778165689,1.9225292453991671
11010.367681466534,0.7690116981596669
11030.40758127618,0.38450584907983343
11050.447481085826,0.38450584907983343
11070.48738089547,2.691540943558834
11090.527280705117,1.1535175472395003
11110.567180514761,1.5380233963193337
11130.607080324407,1.9225292453991671
11150.646980134054,1.5380233963193337
11170.686879943698,0.7690116981596669
11190.726779753344,0.7690116981596669
11210.766679562988,1.9225292453991671
11230.806579372635,1.1535175472395003
11250.84647918228,2.691540943558834
11270.886378991925,1.1535175472395003
11290.926278801571,1.5380233963193337
11310.966178611216,0.0
11331.006078420862,1.5380233963193337
11351.045978230508,0.38450584907983343
11371.085878040152,1.9225292453991671
11391.125777849798,1.5380233963193337
11411.165677659443,1.5380233963193337
11431.205577469089,1.1535175472395003
11451.245477278735,1.1535175472395003
11471.28537708838,1.1535175472395003
11491.325276898026,1.5380233963193337
11511.36517670767,1.5380233963193337
11531.405076517316,1.9225292453991671
11551.44497632696,1.5380233963193337
11571.484876136607,0.38450584907983343
11591.524775946253,0.7690116981596669
11611.564675755897,1.9225292453991671
11631.604575565543,1.1535175472395003
11651.644475375188,1.1535175472395003
11671.684375184834,0.7690116981596669
11691.72427499448,0.7690116981596669
11711.764174804124,0.7690116981596669
11731.80407461377,0.7690116981596669
11751.843974423415,0.38450584907983343
11771.88387423306,0.38450584907983343
11791.923774042707,2.691540943558834
11811.963673852351,0.38450584907983343
11832.003573661998,1.1535175472395003
11852.043473471642,0.7690116981596669
11872.083373281288,1.1535175472395003
11892.123273090934,1.5380233963193337
11912.163172900579,1.5380233963193337
11932.203072710225,0.38450584907983343
11952.242972519869,1.5380233963193337
11972.282872329515,1.5380233963193337
11992.32277213916,0.7690116981596669
12012.362671948806,1.1535175472395003
12032.402571758452,2.691540943558834
12052.442471568096,1.1535175472395003
12072.482371377742,2.691540943558834
12092.522271187387,3.0760467926386674
12112.562170997033,0.38450584907983343
12132.602070806679,0.38450584907983343
12152.641970616323,1.5380233963193337
12172.68187042597,1.9225292453991671
12192.721770235614,1.9225292453991671
12212.76167004526,1.5380233963193337
12232.801569854906,1.1535175472395003
12252.84146966455,1.1535175472395003
12272.881369474197,1.5380233963193337
12292.921269283841,1.5380233963193337
12312.961169093487,0.38450584907983343
12333.001068903133,2.3070350944790006
12353.040968712778,0.7690116981596669
12373.080868522424,1.1535175472395003
12393.120768332068,1.1535175472395003
12413.160668141714,1.1535175472395003
12433.20056795136,2.3070350944790006
12453.240467761005,0.0
12473.280367570651,1.1535175472395003
12493.320267380295,1.1535175472395003
12513.360167189941,1.9225292453991671
12533.400066999586,1.1535175472395003
12553.439966809232,2.3070350944790006
12573.479866618878,0.7690116981596669
12593.519766428522,1.1535175472395003
12613.559666238169,1.1535175472395003
12633.599566047813,0.38450584907983343
12653.639465857459,1.1535175472395003
12673.679365667105,1.5380233963193337
12693.71926547675,1.9225292453991671
12713.759165286396,0.7690116981596669
12733.79906509604,1.9225292453991671
12753.838964905686,0.7690116981596669
12773.878864715332,0.38450584907983343
12793.918764524977,1.5380233963193337
12813.958664334623,0.38450584907983343
12833.998564144267,1.5380233963193337
12854.038463953913,1.1535175472395003
12874.07836376356,0.38450584907983343
12894.118263573204,0.38450584907983343
12914.15816338285,1.9225292453991671
12934.198063192494,0.38450584907983343
12954.23796300214,0.38450584907983343
12974.277862811785,1.1535175472395003
12994.317762621431,0.38450584907983343
13014.357662431077,0.7690116981596669
13034.397562240722,0.0
13054.437462050368,1.5380233963193337
13074.477361860012,0.7690116981596669
13094.517261669658,1.9225292453991671
13114.557161479304,1.1535175472395003
13134.597061288949,2.3070350944790006
13154.636961098595,1.1535175472395003
13174.67686090824,0.7690116981596669
13194.716760717885,1.9225292453991671
13214.756660527531,0.0
13234.796560337176,1.9225292453991671
13254.836460146822,1.1535175472395003
13274.876359956466,1.1535175472395003
13294.916259766112,2.3070350944790006
13314.956159575759,0.38450584907983343
13334.996059385403,0.7690116981596669
13355.03595919505,0.38450584907983343
13375.075859004693,1.5380233963193337
13395.11575881434,1.9225292453991671
13415.155658623986,1.5380233963193337
13435.19555843363,1.9225292453991671
13455.235458243276,2.3070350944790006
13475.27535805292,0.7690116981596669
13495.315257862567,1.1535175472395003
13515.355157672211,1.1535175472395003
13535.395057481857,0.0
13555.434957291503,0.38450584907983343
13575.474857101148,1.1535175472395003
13595.514756910794,1.1535175472395003
13615.554656720438,1.1535175472395003
13635.594556530084,0.38450584907983343
13655.63445633973,0.7690116981596669
13675.674356149375,1.1535175472395003
13695.714255959021,1.9225292453991671
13715.754155768665,0.7690116981596669
13735.794055578312,0.7690116981596669
13755.833955387958,0.0
13775.873855197602,1.9225292453991671
13795.913755007248,1.1535175472395003
13815.953654816893,1.5380233963193337
13835.993554626539,1.5380233963193337
13856.033454436185,0.38450584907983343
13876.07335424583,1.9225292453991671
13896.113254055475,0.7690116981596669
13916.15315386512,1.1535175472395003
13936.193053674766,1.5380233963193337
13956.23295348441,0.7690116981596669
13976.272853294056,1.5380233963193337
13996.312753103703,1.1535175472395003
14016.352652913347,0.7690116981596669
14036.392552722993,1.9225292453991671
14056.432452532637,0.7690116981596669
14076.472352342284,0.7690116981596669
14096.51225215193,0.38450584907983343
14116.552151961574,0.38450584907983343
14136.59205177122,0.38450584907983343
14156.631951580865,1.1535175472395003
14176.67185139051,1.1535175472395003
14196.711751200157,0.7690116981596669
14216.751651009801,0.38450584907983343
14236.791550819447,1.1535175472395003
14256.831450629092,1.1535175472395003
14276.871350438738,1.1535175472395003
14296.911250248384,0.7690116981596669
14316.951150058028,0.7690116981596669
14336.991049867675,0.7690116981596669
14357.030949677319,2.691540943558834
14377.070849486965,1.1535175472395003
14397.110749296611,2.3070350944790006
14417.150649106256,1.1535175472395003
14437.190548915902,0.7690116981596669
14457.230448725546,0.7690116981596669
14477.270348535192,1.1535175472395003
14497.310248344837,1.1535175472395003
14517.350148154483,0.38450584907983343
14537.390047964129,1.1535175472395003
14557.429947773773,0.38450584907983343
14577.46984758342,0.38450584907983343
14597.509747393064,0.38450584907983343
14617.54964720271,0.0
14637.589547012356,1.1535175472395003
14657.629446822,0.38450584907983343
14677.669346631646,1.5380233963193337
14697.70924644129,0.38450584907983343
14717.749146250937,3.0760467926386674
14737.789046060583,1.5380233963193337
14757.828945870227,1.1535175472395003
14777.868845679874,1.1535175472395003
14797.908745489518,0.7690116981596669
14817.948645299164,0.38450584907983343
14837.98854510881,1.1535175472395003
14858.028444918455,2.691540943558834
14878.0683447281,1.1535175472395003
14898.108244537745,1.1535175472395003
14918.148144347391,1.5380233963193337
14938.188044157036,1.1535175472395003
14958.227943966682,0.7690116981596669
14978.267843776328,1.1535175472395003
14998.307743585972,0.7690116981596669
15018.347643395618,1.1535175472395003
15038.387543205263,1.1535175472395003
15058.427443014909,0.38450584907983343
15078.467342824555,1.1535175472395003
15098.5072426342,1.1535175472395003
15118.547142443846,0.38450584907983343
15138.58704225349,0.38450584907983343
15158.626942063136,1.1535175472395003
15178.666841872782,0.0
15198.706741682427,0.7690116981596669
15218.746641492073,0.38450584907983343
15238.786541301717,0.38450584907983343
15258.826441111363,1.5380233963193337
15278.86634092101,1.1535175472395003
15298.906240730654,0.7690116981596669
15318.9461405403,0.38450584907983343
15338.986040349944,2.3070350944790006
15359.02594015959,0.38450584907983343
15379.065839969235,1.5380233963193337
15399.10573977888,0.7690116981596669
15419.145639588527,0.38450584907983343
15439.185539398171,0.38450584907983343
15459.225439207818,0.7690116981596669
15479.265339017462,0.38450584907983343
15499.305238827108,0.0
15519.345138636754,0.0
15539.385038446399,0.0
15559.424938256045,0.7690116981596669
15579.464838065689,0.38450584907983343
15599.504737875335,0.38450584907983343
15619.544637684981,1.1535175472395003
15639.584537494626,1.5380233963193337
15659.624437304272,0.38450584907983343
15679.664337113916,0.38450584907983343
15699.704236923562,0.0
15719.744136733209,0.7690116981596669
15739.784036542853,1.5380233963193337
15759.823936352499,0.38450584907983343
15779.863836162143,1.1535175472395003
15799.90373597179,0.38450584907983343
15819.943635781436,0.7690116981596669
15839.98353559108,0.38450584907983343
15860.023435400726,1.1535175472395003
15880.06333521037,0.0
15900.103235020017,1.1535175472395003
15920.143134829661,0.0
15940.183034639307,0.38450584907983343
15960.222934448953,0.38450584907983343
15980.262834258598,0.0
16000.302734068244,0.0
16020.342633877888,0.7690116981596669
16040.382533687534,0.38450584907983343
16060.42243349718,0.0
16080.462333306825,0.0
16100.502233116471,0.7690116981596669
16120.542132926115,0.38450584907983343
16140.582032735761,1.1535175472395003
16160.621932545408,0.38450584907983343
16180.661832355052,0.0
16200.701732164698,0.38450584907983343
16220.741631974342,0.38450584907983343
16240.781531783989,0.7690116981596669
16260.821431593635,1.1535175472395003
16280.86133140328,0.7690116981596669
16300.901231212925,1.5380233963193337
16320.94113102257,0.38450584907983343
16340.981030832216,0.0
16361.02093064186,0.0
16381.060830451506,0.7690116981596669
16401.10073026115,0.38450584907983343
16421.140630070797,0.0
16441.18052988044,0.38450584907983343
16461.220429690085,1.5380233963193337
16481.26032949973,0.38450584907983343
16501.300229309378,0.0
16521.340129119024,0.0
16541.380028928666,0.38450584907983343
16561.419928738313,0.0
16581.45982854796,0.38450584907983343
16601.499728357605,0.38450584907983343
16621.53962816725,0.0
16641.579527976894,0.38450584907983343
16661.61942778654,1.1535175472395003
16681.659327596186,0.38450584907983343
16701.699227405832,0.0
16721.73912721548,1.1535175472395003
16741.77902702512,0.0
16761.818926834767,0.0
16781.858826644413,0.38450584907983343
16801.89872645406,0.38450584907983343
16821.938626263705,0.0
16841.978526073348,0.38450584907983343
16862.018425882994,0.0
16882.05832569264,0.0
16902.098225502286,0.0
16922.138125311933,0.0
16942.178025121575,0.0
16962.21792493122,0.0
16982.257824740867,0.0
17002.297724550514,0.38450584907983343
17022.33762436016,0.0
17042.377524169802,0.0
17062.41742397945,0.0
17082.457323789095,0.38450584907983343
17102.49722359874,0.38450584907983343
17122.537123408383,0.0
17142.57702321803,0.0
17162.616923027676,0.0
17182.65682283732,0.38450584907983343
17202.696722646968,0.38450584907983343
17222.73662245661,0.38450584907983343
17242.776522266257,0.0
17262.816422075903,0.0
17282.85632188555,0.0
17302.896221695195,0.38450584907983343
17322.936121504838,0.0
17342.976021314484,0.38450584907983343
17363.01592112413,0.0
17383.055820933776,0.38450584907983343
17403.095720743422,0.0
17423.135620553065,0.38450584907983343
17443.17552036271,0.38450584907983343
17463.215420172357,0.0
17483.255319982003,0.38450584907983343
17503.29521979165,0.0
17523.33511960129,0.38450584907983343
17543.375019410938,0.0
17563.414919220584,0.0
17583.45481903023,0.0
17603.494718839876,0.0
17623.53461864952,0.0
17643.574518459165,0.38450584907983343
17663.61441826881,0.0
17683.654318078457,0.0
17703.694217888104,0.0
17723.734117697746,0.0
17743.774017507392,0.38450584907983343
17763.81391731704,0.0
17783.853817126685,0.38450584907983343
17803.89371693633,0.0
17823.933616745973,0.0
17843.97351655562,0.38450584907983343
17864.013416365266,0.0
17884.05331617491,0.0
17904.093215984558,0.0
17924.1331157942,0.0
17944.173015603847,0.0
17964.212915413493,0.0
17984.25281522314,0.38450584907983343
18004.292715032785,0.0
18024.332614842428,0.0
18044.372514652074,0.0
18064.41241446172,0.38450584907983343
18084.452314271366,0.0
18104.49221408101,0.0
18124.532113890655,0.0
18144.5720137003,0.0
18164.611913509947,0.0
18184.651813319593,0.0
18204.691713129236,0.0
18224.731612938882,0.0
18244.771512748528,0.0
18264.811412558174,0.0
18284.85131236782,0.38450584907983343
18304.891212177463,0.0
18324.93111198711,0.0
18344.971011796755,0.0
18365.0109116064,0.0
18385.050811416048,0.0
18405.09071122569,0.38450584907983343
18425.130611035336,0.0
18445.170510844982,0.0
18465.21041065463,0.0
18485.250310464275,0.0
18505.290210273917,0.0
18525.330110083563,0.0
18545.37000989321,0.0
18565.409909702856,0.0
18585.4498095125,0.0
18605.489709322144,0.0
18625.52960913179,0.0
18645.569508941437,0.0
18665.609408751083,0.0
18685.64930856073,0.0
18705.68920837037,0.0
18725.729108180018,0.0
18745.769007989664,0.0
18765.80890779931,0.0
18785.848807608956,0.0
18805.8887074186,0.38450584907983343
18825.928607228245,0.0
18845.96850703789,0.0
18866.008406847537,0.0
18886.048306657183,0.0
18906.088206466826,0.0
18926.128106276472,0.0
18946.168006086118,0.0
18966.207905895764,0.0
18986.24780570541,0.0
19006.287705515053,0.0
19026.3276053247,0.0
19046.367505134345,0.0
19066.40740494399,0.0
19086.447304753634,0.0
19106.48720456328,0.0
19126.527104372926,0.0
19146.567004182572,0.0
19166.60690399222,0.0
19186.64680380186,0.0
19206.686703611507,0.0
19226.726603421153,0.0
19246.7665032308,0.0
19266.806403040446,0.0
19286.84630285009,0.0
19306.886202659734,0.0
19326.92610246938,0.0
19346.966002279027,0.0
19367.005902088673,0.0
19387.045801898315,0.0
19407.08570170796,0.0
19427.125601517608,0.0
19447.165501327254,0.0
19467.2054011369,0.0
19487.245300946543,0.0
19507.28520075619,0.0
19527.325100565835,0.0
19547.36500037548,0.0
19567.404900185127,0.0
19587.44479999477,0.0
19607.484699804416,0.0
19627.524599614062,0.0
19647.56449942371,0.0
19667.604399233354,0.0
19687.644299042997,0.38450584907983343
19707.684198852643,0.0
19727.72409866229,0.0
19747.763998471935,0.0
19767.80389828158,0.0
19787.843798091224,0.0
19807.88369790087,0.0
19827.923597710516,0.0
19847.963497520162,0.0
19868.00339732981,0.0
19888.04329713945,0.0
19908.083196949097,0.0
19928.123096758743,0.0
19948.16299656839,0.0
19968.202896378036,0.0
19988.24279618768,0.0
20008.282695997324,0.0
20028.32259580697,0.0
20048.362495616617,0.0
20068.40239542626,0.0
20088.442295235905,0.0
20108.48219504555,0.0
20128.522094855198,0.0
20148.561994664844,0.0
20168.601894474486,0.0
20188.641794284133,0.0
20208.68169409378,0.0
20228.721593903425,0.0
20248.76149371307,0.0
20268.801393522714,0.0
20288.84129333236,0.0
20308.881193142006,0.0
20328.921092951652,0.0
20348.9609927613,0.0
20369.00089257094,0.0
20389.040792380587,0.0
20409.080692190233,0.0
20429.12059199988,0.0
20449.160491809525,0.0
20469.200391619168,0.0
20489.240291428814,0.0
20509.28019123846,0.0
20529.320091048106,0.0
20549.359990857753,0.0
20569.399890667395,0.0
20589.43979047704,0.0
20609.479690286687,0.0
20629.519590096334,0.0
20649.55948990598,0.0
20669.599389715622,0.0
20689.63928952527,0.0
20709.679189334915,0.0
20729.71908914456,0.0
20749.758988954207,0.0
20769.79888876385,0.0
20789.838788573496,0.0
20809.87868838314,0.0
20829.918588192788,0.0
20849.958488002434,0.0
20869.998387812077,0.0
20890.038287621723,0.0
20910.07818743137,0.0
20930.118087241015,0.0
20950.15798705066,0.0
20970.197886860304,0.0
20990.23778666995,0.0
21010.277686479596,0.0
21030.317586289242,0.0
21050.357486098885,0.0
21070.39738590853,0.0
21090.437285718177,0.0
21110.477185527823,0.0
21130.51708533747,0.0
21150.556985147112,0.0
21170.596884956758,0.0
21190.636784766404,0.0
21210.67668457605,0.0
21230.716584385696,0.0
21250.75648419534,0.0
21270.796384004985,0.0
21290.83628381463,0.0
21310.876183624277,0.0
21330.916083433924,0.0
21350.955983243566,0.0
21370.995883053212,0.0
21391.03578286286,0.0
21411.075682672505,0.0
21431.11558248215,0.0
21451.155482291793,0.0
21471.19538210144,0.0
21491.235281911086,0.0
21511.27518172073,0.0
21531.315081530378,0.0
21551.35498134002,0.0
21571.394881149667,0.0
21591.434780959313,0.0
21611.47468076896,0.0
21631.514580578605,0.0
21651.554480388248,0.0
21671.594380197894,0.0
21691.63428000754,0.0
21711.674179817186,0.0
21731.714079626832,0.0
21751.753979436475,0.0
21771.79387924612,0.0
21791.833779055767,0.0
21811.873678865413,0.0
21831.91357867506,0.0
21851.953478484702,0.0
21871.993378294348,0.0
21892.033278103994,0.0
21912.07317791364,0.0
21932.113077723287,0.0
21952.15297753293,0.0
21972.192877342575,0.0
21992.23277715222,0.0
22012.272676961868,0.0
22032.31257677151,0.0
22052.352476581156,0.0
22072.392376390802,0.0
22092.43227620045,0.0
22112.472176010095,0.0
22132.512075819737,0.0
22152.551975629383,0.0
22172.59187543903,0.0
22192.631775248676,0.0
22212.671675058322,0.0
22232.711574867964,0.0
22252.75147467761,0.0
22272.791374487257,0.0
22292.831274296903,0.0
22312.87117410655,0.0
22332.91107391619,0.0
22352.950973725838,0.0
22372.990873535484,0.0
22393.03077334513,0.0
22413.070673154776,0.0
22433.11057296442,0.0
22453.150472774065,0.0
22473.19037258371,0.0
22493.230272393357,0.0
22513.270172203003,0.0
22533.310072012646,0.0
22553.349971822292,0.0
22573.389871631938,0.0
22593.429771441584,0.0
22613.46967125123,0.0
22633.509571060873,0.0
22653.54947087052,0.0
22673.589370680165,0.0
22693.62927048981,0.0
22713.669170299458,0.0
22733.7090701091,0.0
22753.748969918746,0.0
22773.788869728392,0.0
22793.82876953804,0.0
22813.868669347685,0.0
22833.908569157327,0.0
22853.948468966973,0.0
22873.98836877662,0.0
22894.028268586266,0.0
22914.068168395912,0.0
22934.108068205554,0.0
22954.1479680152,0.0
22974.187867824847,0.0
22994.227767634493,0.0
23014.267667444135,0.0
23034.30756725378,0.0
23054.347467063428,0.0
23074.387366873074,0.0
23094.42726668272,0.0
23114.467166492363,0.0
23134.50706630201,0.0
23154.546966111655,0.0
23174.5868659213,0.0
23194.626765730947,0.0
23214.66666554059,0.0
23234.706565350236,0.0
23254.746465159882,0.0
23274.78636496953,0.0
23294.826264779174,0.0
23314.866164588817,0.0
23334.906064398463,0.0
23354.94596420811,0.0
23374.985864017755,0.0
23395.0257638274,0.0
23415.065663637044,0.0
23435.10556344669,0.0
23455.145463256336,0.0
23475.185363065983,0.0
23495.22526287563,0.0
23515.26516268527,0.0
23535.305062494917,0.0
23555.344962304564,0.0
23575.38486211421,0.0
23595.424761923856,0.0
23615.4646617335,0.0
23635.504561543145,0.0
23655.54446135279,0.0
23675.584361162437,0.0
23695.624260972083,0.0
23715.664160781726,0.0
23735.70406059137,0.0
23755.743960401018,0.0
23775.783860210664,0.0
23795.82376002031,0.0
23815.863659829953,0.0
23835.9035596396,0.0
23855.943459449245,0.0
23875.98335925889,0.0
23896.023259068537,0.0
23916.06315887818,0.0
23936.103058687826,0.0
23956.142958497472,0.0
23976.18285830712,0.0
23996.22275811676,0.0
24016.262657926407,0.0
24036.302557736053,0.0
24056.3424575457,0.0
24076.382357355345,0.0
24096.422257164988,0.0
24116.462156974634,0.0
24136.50205678428,0.0
24156.541956593926,0.0
24176.581856403573,0.0
24196.621756213215,0.0
24216.66165602286,0.0
24236.701555832507,0.0
24256.741455642154,0.0
24276.7813554518,0.0
24296.821255261442,0.0
24316.86115507109,0.0
24336.901054880735,0.0
24356.94095469038,0.0
24376.980854500027,0.0
24397.02075430967,0.0
24417.060654119316,0.0
24437.10055392896,0.0
24457.140453738608,0.0
24477.180353548254,0.0
24497.220253357897,0.0
24517.260153167543,0.0
24537.30005297719,0.0
24557.339952786835,0.0
24577.37985259648,0.0
24597.419752406124,0.0
24617.45965221577,0.0
24637.499552025416,0.0
24657.539451835062,0.0
24677.57935164471,0.0
24697.61925145435,0.0
24717.659151263997,0.0
24737.699051073643,0.0
24757.73895088329,0.0
24777.778850692936,0.0
24797.818750502578,0.0
24817.858650312224,0.0
24837.89855012187,0.0
24857.938449931517,0.0
24877.978349741163,0.0
24898.018249550805,0.0
24918.05814936045,0.0
24938.098049170098,0.0
24958.137948979744,0.0
24978.177848789386,0.0
24998.217748599032,0.0
25018.25764840868,0.0
25038.297548218325,0.0
25058.33744802797,0.0
25078.377347837613,0.0
25098.41724764726,0.0
25118.457147456906,0.0
25138.49704726655,0.0
25158.536947076198,0.0
25178.57684688584,0.0
25198.616746695487,0.0
25218.656646505133,0.0
25238.69654631478,0.0
25258.736446124425,0.0
25278.776345934068,0.0
25298.816245743714,0.0
25318.85614555336,0.0
25338.896045363006,0.0
25358.935945172652,0.0
25378.975844982295,0.0
25399.01574479194,0.0
25419.055644601587,0.0
25439.095544411233,0.0
25459.13544422088,0.0
25479.175344030522,0.0
25499.215243840168,0.0
25519.255143649814,0.0
25539.29504345946,0.0
25559.334943269107,0.0
25579.37484307875,0.0
25599.414742888395,0.0
25619.45464269804,0.0
25639.494542507688,0.0
25659.534442317334,0.0
25679.574342126976,0.0
25699.614241936622,0.0
25719.65414174627,0.0
25739.694041555915,0.0
25759.73394136556,0.0
25779.773841175203,0.0
25799.81374098485,0.0
25819.853640794496,0.0
25839.893540604142,0.0
25859.933440413788,0.0
25879.97334022343,0.0
25900.013240033077,0.0
25920.053139842723,0.0
25940.09303965237,0.0
25960.13293946201,0.0
25980.172839271658,0.0
26000.212739081304,0.0
26020.25263889095,0.0
26040.292538700596,0.0
26060.33243851024,0.0
26080.372338319885,0.0
26100.41223812953,0.0
26120.452137939177,0.0
26140.492037748823,0.0
26160.531937558466,0.0
26180.571837368112,0.0
26200.61173717776,0.0
26220.651636987404,0.0
26240.69153679705,0.0
26260.731436606693,0.0
26280.77133641634,0.0
26300.811236225985,0.0
26320.85113603563,0.0
26340.891035845278,0.0
26360.93093565492,0.0
26380.970835464566,0.0
26401.010735274212,0.0
26421.05063508386,0.0
26441.090534893505,0.0
26461.130434703147,0.0
26481.170334512793,0.0
26501.21023432244,0.0
26521.250134132086,0.0
26541.290033941732,0.0
26561.329933751374,0.0
26581.36983356102,0.0
26601.409733370667,0.0
26621.449633180313,0.0
26641.48953298996,0.0
26661.5294327996,0.0
26681.569332609248,0.0
26701.609232418894,0.0
26721.64913222854,0.0
26741.689032038186,0.0
26761.72893184783,0.0
26781.768831657475,0.0
26801.80873146712,0.0
26821.848631276767,0.0
26841.888531086413,0.0
26861.928430896056,0.0
26881.968330705702,0.0
26902.00823051535,0.0
26922.048130324994,0.0
26942.088030134637,0.0
26962.127929944283,0.0
26982.16782975393,0.0
27002.207729563575,0.0
27022.24762937322,0.0
27042.287529182864,0.0
27062.32742899251,0.0
27082.367328802156,0.0
27102.407228611803,0.0
27122.44712842145,0.0
27142.48702823109,0.0
27162.526928040737,0.0
27182.566827850384,0.0
27202.60672766003,0.0
27222.646627469676,0.0
27242.68652727932,0.0
27262.726427088965,0.0
27282.76632689861,0.0
27302.806226708257,0.0
27322.846126517903,0.0
27342.886026327546,0.0
27362.92592613719,0.0
27382.965825946838,0.0
27403.005725756484,0.0
27423.04562556613,0.0
27443.085525375773,0.0
27463.12542518542,0.0
27483.165324995065,0.0
27503.20522480471,0.0
27523.245124614357,0.0
27543.285024424,0.0
27563.324924233646,0.0
27583.364824043292,0.0
27603.40472385294,0.0
27623.444623662584,0.0
27643.484523472227,0.0
27663.524423281873,0.0
27683.56432309152,0.0
27703.604222901165,0.0
27723.64412271081,0.0
27743.684022520454,0.0
27763.7239223301,0.0
27783.763822139746,0.0
27803.803721949393,0.0
27823.84362175904,0.0
27843.88352156868,0.0
27863.923421378327,0.0
27883.963321187974,0.0
27904.00322099762,0.0
27924.043120807262,0.0
27944.08302061691,0.0
27964.122920426555,0.0
27984.1628202362,0.0
28004.202720045847,0.0
28024.24261985549,0.0
28044.282519665136,0.0
28064.32241947478,0.0
28084.362319284428,0.0
28104.402219094074,0.0
28124.442118903717,0.0
28144.482018713363,0.0
28164.52191852301,0.0
28184.561818332655,0.0
28204.6017181423,0.0
28224.641617951944,0.0
28244.68151776159,0.0
28264.721417571236,0.0
28284.761317380882,0.0
28304.80121719053,0.0
28324.84111700017,0.0
28344.881016809817,0.0
28364.920916619463,0.0
28384.96081642911,0.0
28405.000716238756,0.0
28425.040616048398,0.0
28445.080515858044,0.0
28465.12041566769,0.0
28485.160315477337,0.0
28505.200215286983,0.0
28525.240115096625,0.0
28545.28001490627,0.0
28565.319914715918,0.0
28585.359814525564,0.0
28605.39971433521,0.0
28625.439614144852,0.0
28645.4795139545,0.0
28665.519413764145,0.0
28685.55931357379,0.0
28705.599213383437,0.0
28725.63911319308,0.0
28745.679013002726,0.0
28765.718912812372,0.0
28785.758812622018,0.0
28805.798712431664,0.0
28825.838612241307,0.0
28845.878512050953,0.0
28865.9184118606,0.0
28885.958311670245,0.0
28905.998211479888,0.0
28926.038111289534,0.0
28946.07801109918,0.0
28966.117910908826,0.0
28986.157810718472,0.0
29006.197710528115,0.0
29026.23761033776,0.0
29046.277510147407,0.0
29066.317409957053,0.0
29086.3573097667,0.0
29106.397209576342,0.0
29126.437109385988,0.0
29146.477009195634,0.0
29166.51690900528,0.0
29186.556808814927,0.0
29206.59670862457,0.0
29226.636608434215,0.0
29246.67650824386,0.0
29266.716408053508,0.0
29286.756307863154,0.0
29306.796207672796,0.0
29326.836107482442,0.0
29346.87600729209,0.0
29366.915907101735,0.0
29386.95580691138,0.0
29406.995706721023,0.0
29427.03560653067,0.0
29447.075506340316,0.0
29467.115406149962,0.0
29487.155305959608,0.0
29507.19520576925,0.0
29527.235105578897,0.0
29547.275005388543,0.0
29567.31490519819,0.0
29587.354805007835,0.0
29607.394704817478,0.0
29627.434604627124,0.0
29647.47450443677,0.0
29667.514404246416,0.0
29687.554304056062,0.0
29707.594203865705,0.0
29727.63410367535,0.0
29747.674003484997,0.0
29767.713903294643,0.0
29787.75380310429,0.0
29807.793702913932,0.0
29827.83360272358,0.0
29847.873502533224,0.0
29867.91340234287,0.0
29887.953302152513,0.0
29907.99320196216,0.0
29928.033101771805,0.0
29948.07300158145,0.0
29968.112901391098,0.0
29988.15280120074,0.0
30008.192701010386,0.0
30028.232600820033,0.0
30048.27250062968,0.0
30068.312400439325,0.0
30088.352300248967,0.0
30108.392200058614,0.0
30128.43209986826,0.0
30148.471999677906,0.0
30168.511899487552,0.0
30188.551799297195,0.0
30208.59169910684,0.0
30228.631598916487,0.0
30248.671498726133,0.0
30268.71139853578,0.0
30288.75129834542,0.0
30308.791198155068,0.0
30328.831097964714,0.0
30348.87099777436,0.0
30368.910897584006,0.0
30388.95079739365,0.0
30408.990697203295,0.0
30429.03059701294,0.0
30449.070496822587,0.0
30469.110396632233,0.0
30489.150296441876,0.0
30509.190196251522,0.0
30529.23009606117,0.0
30549.269995870814,0.0
30569.30989568046,0.0
30589.349795490103,0.0
30609.38969529975,0.0
30629.429595109395,0.0
30649.46949491904,0.0
30669.509394728688,0.0
30689.54929453833,0.0
30709.589194347976,0.0
30729.629094157623,0.0
30749.66899396727,0.0
30769.70889377691,0.0
30789.748793586557,0.0
30809.788693396204,0.0
30829.82859320585,0.0
30849.868493015496,0.0
30869.90839282514,0.0
30889.948292634785,0.0
30909.98819244443,0.0
30930.028092254077,0.0
30950.067992063723,0.0
30970.107891873366,0.0
30990.14779168301,0.0
31010.187691492658,0.0
31030.227591302304,0.0
31050.26749111195,0.0
31070.307390921593,0.0
31090.34729073124,0.0
31110.387190540885,0.0
31130.42709035053,0.0
31150.466990160177,0.0
31170.50688996982,0.0
31190.546789779466,0.0
31210.586689589112,0.0
31230.62658939876,0.0
31250.666489208405,0.0
31270.706389018047,0.0
31290.746288827693,0.0
31310.78618863734,0.0
31330.826088446986,0.0
31350.86598825663,0.0
31370.905888066274,0.0
31390.94578787592,0.0
31410.985687685567,0.0
31431.025587495213,0.0
31451.06548730486,0.0
31471.1053871145,0.0
31491.145286924148,0.0
31511.185186733794,0.0
31531.22508654344,0.0
31551.264986353086,0.0
31571.30488616273,0.0
31591.344785972375,0.0
31611.38468578202,0.0
31631.424585591667,0.0
31651.464485401313,0.0
31671.504385210956,0.0
31691.544285020602,0.0
31711.584184830248,0.0
31731.624084639894,0.0
31751.663984449537,0.0
31771.703884259183,0.0
31791.74378406883,0.0
31811.783683878475,0.0
31831.82358368812,0.0
31851.863483497764,0.0
31871.90338330741,0.0
31891.943283117056,0.0
31911.983182926702,0.0
31932.02308273635,0.0
31952.06298254599,0.0
31972.102882355637,0.0
31992.142782165283,0.0
32012.18268197493,0.0
32032.222581784576,0.0
32052.262481594218,0.0
32072.302381403864,0.0
32092.34228121351,0.0
32112.382181023157,0.0
32132.422080832803,0.0
32152.461980642445,0.0
32172.50188045209,0.0
32192.541780261738,0.0
32212.581680071384,0.0
32232.62157988103,0.0
32252.661479690672,0.0
32272.70137950032,0.0
32292.741279309965,0.0
32312.78117911961,0.0
32332.821078929257,0.0
32352.8609787389,0.0
32372.900878548546,0.0
32392.940778358192,0.0
32412.980678167838,0.0
32433.020577977484,0.0
32453.060477787127,0.0
32473.100377596773,0.0
32493.14027740642,0.0
32513.180177216065,0.0
32533.22007702571,0.0
32553.259976835354,0.0
32573.299876645,0.0
32593.339776454646,0.0
32613.379676264292,0.0
32633.41957607394,0.0
32653.45947588358,0.0
32673.499375693227,0.0
32693.539275502873,0.0
32713.57917531252,0.0
32733.619075122162,0.0
32753.65897493181,0.0
32773.69887474146,0.0
32793.7387745511,0.0
32813.77867436075,0.0
32833.81857417039,0.0
32853.85847398004,0.0
32873.898373789685,0.0
32893.93827359933,0.0
32913.97817340898,0.0
32934.01807321862,0.0
32954.05797302827,0.0
32974.09787283791,0.0
32994.137772647555,0.0
33014.177672457205,0.0
33034.21757226685,0.0
33054.2574720765,0.0
33074.29737188614,0.0
33094.33727169578,0.0
33114.37717150543,0.0
33134.417071315074,0.0
33154.456971124724,0.0
33174.49687093437,0.0
33194.53677074401,0.0
33214.57667055366,0.0
33234.6165703633,0.0
33254.65647017295,0.0
33274.696369982594,0.0
33294.736269792236,0.0
33314.776169601886,0.0
33334.81606941153,0.0
33354.85596922118,0.0
33374.89586903082,0.0
33394.93576884046,0.0
33414.97566865011,0.0
33435.015568459756,0.0
33455.055468269406,0.0
33475.09536807905,0.0
33495.13526788869,0.0
33515.17516769834,0.0
33535.21506750798,0.0
33555.25496731763,0.0
33575.294867127275,0.0
33595.33476693692,0.0
33615.37466674657,0.0
33635.41456655621,0.0
33655.45446636586,0.0
33675.4943661755,0.0
33695.534265985145,0.0
33715.574165794795,0.0
33735.61406560444,0.0
33755.65396541409,0.0
33775.69386522373,0.0
33795.73376503337,0.0
33815.77366484302,0.0
33835.813564652664,0.0
33855.853464462314,0.0
33875.89336427196,0.0
33895.9332640816,0.0
33915.97316389125,0.0
33936.01306370089,0.0
33956.05296351054,0.0
33976.092863320184,0.0
33996.132763129826,0.0
34016.172662939476,0.0
34036.21256274912,0.0
34056.25246255877,0.0
34076.29236236841,0.0
34096.33226217805,0.0
34116.3721619877,0.0
34136.412061797346,0.0
34156.451961606996,0.0
34176.49186141664,0.0
34196.53176122628,0.0
34216.57166103593,0.0
34236.61156084557,0.0
34256.651460655215,0.0
34276.691360464865,0.0
34296.73126027451,0.0
34316.77116008416,0.0
34336.8110598938,0.0
34356.85095970344,0.0
34376.89085951309,0.0
34396.930759322735,0.0
34416.970659132385,0.0
34437.01055894203,0.0
34457.05045875167,0.0
34477.09035856132,0.0
34497.13025837096,0.0
34517.17015818061,0.0
34537.210057990254,0.0
34557.2499577999,0.0
34577.28985760955,0.0
34597.32975741919,0.0
34617.36965722884,0.0
34637.40955703848,0.0
34657.449456848124,0.0
34677.489356657774,0.0
34697.52925646742,0.0
34717.569156277066,0.0
34737.60905608671,0.0
34757.64895589635,0.0
34777.688855706,0.0
34797.72875551564,0.0
34817.76865532529,0.0
34837.808555134936,0.0
34857.84845494458,0.0
34877.88835475423,0.0
34897.92825456387,0.0
34917.96815437352,0.0
34938.00805418316,0.0
34958.047953992806,0.0
34978.087853802455,0.0
34998.1277536121,0.0
35018.16765342175,0.0
35038.20755323139,0.0
35058.24745304103,0.0
35078.28735285068,0.0
35098.327252660325,0.0
35118.367152469975,0.0
35138.40705227962,0.0
35158.44695208926,0.0
35178.48685189891,0.0
35198.52675170855,0.0
35218.5666515182,0.0
35238.606551327844,0.0
35258.64645113749,0.0
35278.68635094714,0.0
35298.72625075678,0.0
35318.76615056643,0.0
35338.80605037607,0.0
35358.845950185714,0.0
35378.885849995364,0.0
35398.92574980501,0.0
35418.965649614656,0.0
35439.0055494243,0.0
35459.04544923394,0.0
35479.08534904359,0.0
35499.125248853234,0.0
35519.16514866288,0.0
35539.205048472526,0.0
35559.24494828217,0.0
35579.28484809182,0.0
35599.32474790146,0.0
35619.36464771111,0.0
35639.40454752075,0.0
35659.444447330396,0.0
35679.484347140045,0.0
35699.52424694969,0.0
35719.56414675934,0.0
35739.60404656898,0.0
35759.64394637862,0.0
35779.68384618827,0.0
35799.723745997915,0.0
35819.763645807565,0.0
35839.80354561721,0.0
35859.84344542685,0.0
35879.8833452365,0.0
35899.92324504614,0.0
35919.96314485579,0.0
35940.003044665435,0.0
35960.04294447508,0.0
35980.08284428473,0.0
36000.12274409437,0.0
36020.16264390402,0.0
36040.20254371366,0.0
36060.242443523304,0.0
36080.282343332954,0.0
36100.3222431426,0.0
36120.362142952246,0.0
36140.40204276189,0.0
36160.44194257153,0.0
36180.48184238118,0.0
36200.521742190824,0.0
36220.561642000466,0.0
36240.601541810116,0.0
36260.64144161976,0.0
36280.68134142941,0.0
36300.72124123905,0.0
36320.76114104869,0.0
36340.80104085834,0.0
36360.840940667986,0.0
36380.880840477636,0.0
36400.92074028728,0.0
36420.96064009692,0.0
36441.00053990657,0.0
36461.04043971621,0.0
36481.08033952586,0.0
36501.120239335505,0.0
36521.16013914515,0.0
36541.2000389548,0.0
36561.23993876444,0.0
36581.27983857409,0.0
36601.31973838373,0.0
36621.359638193375,0.0
36641.399538003025,0.0
36661.43943781267,0.0
36681.47933762232,0.0
36701.51923743196,0.0
36721.5591372416,0.0
36741.59903705125,0.0
36761.638936860894,0.0
36781.678836670544,0.0
36801.71873648019,0.0
36821.75863628983,0.0
36841.79853609948,0.0
36861.83843590912,0.0
36881.87833571877,0.0
36901.918235528414,0.0
36921.958135338056,0.0
36941.998035147706,0.0
36962.03793495735,0.0
36982.077834767,0.0
37002.11773457664,0.0
37022.15763438628,0.0
37042.19753419593,0.0
37062.237434005576,0.0
37082.277333815226,0.0
37102.31723362487,0.0
37122.35713343451,0.0
37142.39703324416,0.0
37162.4369330538,0.0
37182.47683286345,0.0
37202.516732673095,0.0
37222.55663248274,0.0
37242.59653229239,0.0
37262.63643210203,0.0
37282.67633191168,0.0
37302.71623172132,0.0
37322.756131530965,0.0
37342.796031340615,0.0
37362.83593115026,0.0
37382.87583095991,0.0
37402.91573076955,0.0
37422.95563057919,0.0
37442.99553038884,0.0
37463.035430198484,0.0
37483.075330008134,0.0
37503.11522981778,0.0
37523.15512962742,0.0
37543.19502943707,0.0
37563.23492924671,0.0
37583.27482905636,0.0
37603.314728866004,0.0
37623.35462867565,0.0
37643.394528485296,0.0
37663.43442829494,0.0
37683.47432810459,0.0
37703.51422791423,0.0
37723.55412772387,0.0
37743.59402753352,0.0
37763.633927343166,0.0
37783.673827152816,0.0
37803.71372696246,0.0
37823.7536267721,0.0
37843.79352658175,0.0
37863.83342639139,0.0
37883.87332620104,0.0
37903.913226010685,0.0
37923.95312582033,0.0
37943.99302562998,0.0
37964.03292543962,0.0
37984.07282524927,0.0
38004.11272505891,0.0
38024.152624868555,0.0
38044.192524678205,0.0
38064.23242448785,0.0
38084.2723242975,0.0
38104.31222410714,0.0
38124.35212391678,0.0
38144.39202372643,0.0
38164.431923536074,0.0
38184.47182334572,0.0
38204.51172315537,0.0
38224.55162296501,0.0
38244.59152277466,0.0
38264.6314225843,0.0
38284.671322393944,0.0
38304.711222203594,0.0
38324.75112201324,0.0
38344.791021822886,0.0
38364.83092163253,0.0
38384.87082144217,0.0
38404.91072125182,0.0
38424.95062106146,0.0
38444.99052087111,0.0
38465.030420680756,0.0
38485.0703204904,0.0
38505.11022030005,0.0
38525.15012010969,0.0
38545.19001991934,0.0
38565.22991972898,0.0
38585.269819538626,0.0
38605.309719348275,0.0
38625.34961915792,0.0
38645.38951896757,0.0
38665.42941877721,0.0
38685.46931858685,0.0
38705.5092183965,0.0
38725.549118206145,0.0
38745.589018015795,0.0
38765.62891782544,0.0
38785.66881763508,0.0
38805.70871744473,0.0
38825.74861725437,0.0
38845.78851706402,0.0
38865.828416873665,0.0
38885.86831668331,0.0
38905.90821649296,0.0
38925.9481163026,0.0
38945.98801611225,0.0
38966.02791592189,0.0
38986.067815731534,0.0
39006.107715541184,0.0
39026.14761535083,0.0
39046.187515160476,0.0
39066.22741497012,0.0
39086.26731477976,0.0
39106.30721458941,0.0
39126.347114399054,0.0
39146.3870142087,0.0
39166.426914018346,0.0
39186.46681382799,0.0
39206.50671363764,0.0
39226.54661344728,0.0
39246.58651325693,0.0
39266.62641306657,0.0
39286.666312876216,0.0
39306.706212685865,0.0
39326.74611249551,0.0
39346.78601230516,0.0
39366.8259121148,0.0
39386.86581192444,0.0
39406.90571173409,0.0
39426.945611543735,0.0
39446.985511353385,0.0
39467.02541116303,0.0
39487.06531097267,0.0
39507.10521078232,0.0
39527.14511059196,0.0
39547.18501040161,0.0
39567.224910211255,0.0
39587.2648100209,0.0
39607.30470983055,0.0
39627.34460964019,0.0
39647.38450944984,0.0
39667.42440925948,0.0
39687.464309069124,0.0
39707.504208878774,0.0
39727.54410868842,0.0
39747.58400849807,0.0
39767.62390830771,0.0
39787.66380811735,0.0
39807.703707927,0.0
39827.743607736644,0.0
39847.78350754629,0.0
39867.823407355936,0.0
39887.86330716558,0.0
39907.90320697523,0.0
39927.94310678487,0.0
39947.98300659452,0.0
39968.02290640416,0.0
39988.062806213806,0.0
40008.102706023456,0.0
40028.1426058331,0.0
40048.18250564275,0.0
40068.22240545239,0.0
40088.26230526203,0.0
40108.30220507168,0.0
40128.342104881325,0.0
40148.38200469097,0.0
40168.42190450062,0.0
40188.46180431026,0.0
40208.50170411991,0.0
40228.54160392955,0.0
40248.581503739195,0.0
40268.621403548845,0.0
40288.66130335849,0.0
40308.70120316814,0.0
40328.74110297778,0.0
40348.78100278742,0.0
40368.82090259707,0.0
40388.860802406714,0.0
40408.900702216364,0.0
40428.94060202601,0.0
40448.98050183565,0.0
40469.0204016453,0.0
40489.06030145494,0.0
40509.10020126459,0.0
40529.140101074234,0.0
40549.180000883876,0.0
40569.219900693526,0.0
40589.25980050317,0.0
40609.29970031282,0.0
40629.33960012246,0.0
40649.3794999321,0.0
40669.41939974175,0.0
40689.459299551396,0.0
40709.499199361046,0.0
40729.53909917069,0.0
40749.57899898033,0.0
40769.61889878998,0.0
40789.65879859962,0.0
40809.69869840927,0.0
40829.738598218915,0.0
40849.77849802856,0.0
40869.81839783821,0.0
40889.85829764785,0.0
40909.8981974575,0.0
40929.93809726714,0.0
40949.977997076785,0.0
40970.017896886435,0.0
40990.05779669608,0.0
41010.09769650573,0.0
