Energy (keV),Intensity (CPS)
-10.602548834742972,0.0
9.435204805290603,0.0
29.472958445324178,0.0
49.51071208535775,0.0
69.54846572539132,0.0
89.5862193654249,0.0
109.62397300545848,0.0
129.66172664549205,0.0
149.69948028552562,0.0
169.7372339255592,0.0
189.77498756559277,0.0
209.81274120562634,0.0
229.85049484565994,0.0
249.88824848569348,0.0
269.9260021257271,0.0
289.96375576576065,0.3894615661608614
310.00150940579425,0.3894615661608614
330.03926304582785,0.0
350.0770166858614,0.7789231323217228
370.114770325895,1.1683846984825843
390.15252396592854,1.5578462646434457
410.19027760596214,0.3894615661608614
430.2280312459957,1.5578462646434457
450.2657848860293,3.505154095447753
470.3035385260629,7.010308190895506
490.3412921660964,6.620846624734644
510.37904580612997,6.620846624734644
530.4167994461636,8.56815445553895
550.4545530861972,8.17869288937809
570.4923067262307,7.789231323217228
590.5300603662643,10.515462286343258
610.5678140062979,9.347077587860674
630.6055676463315,12.462770117147565
650.643321286365,10.515462286343258
670.6810749263987,11.683846984825843
690.7188285664322,14.799539514112734
710.7565822064657,12.462770117147565
730.7943358464993,14.020616381791012
750.8320894865329,14.410077947951873
770.8698431265665,15.578462646434456
790.9075967666,12.462770117147565
810.9453504066337,12.852231683308426
830.9831040466672,17.915232043399627
851.0208576867008,16.74684734491704
871.0586113267343,14.799539514112734
891.096364966768,13.631154815630149
911.1341186068015,17.1363089110779
931.171872246835,15.189001080273595
951.2096258868687,14.799539514112734
971.2473795269023,11.683846984825843
991.2851331669358,15.189001080273595
1011.3228868069693,13.241693249469288
1031.3606404470029,10.515462286343258
1051.3983940870364,16.35738577875618
1071.4361477270702,10.126000720182397
1091.4739013671037,14.410077947951873
1111.5116550071373,12.852231683308426
1131.5494086471708,16.74684734491704
1151.5871622872044,12.462770117147565
1171.624915927238,15.578462646434456
1191.6626695672715,10.904923852504119
1211.7004232073052,13.241693249469288
1231.7381768473388,14.410077947951873
1251.7759304873723,14.020616381791012
1271.8136841274058,10.904923852504119
1291.8514377674394,14.020616381791012
1311.889191407473,13.241693249469288
1331.9269450475065,12.462770117147565
1351.9646986875402,14.410077947951873
1372.0024523275738,9.347077587860674
1392.0402059676073,11.294385418664982
1412.0779596076409,15.967924212595317
1432.1157132476744,16.35738577875618
1452.153466887708,11.294385418664982
1472.1912205277415,7.399769757056367
1492.2289741677753,10.904923852504119
1512.2667278078088,8.56815445553895
1532.3044814478424,13.241693249469288
1552.342235087876,10.126000720182397
1572.3799887279094,12.462770117147565
1592.417742367943,11.683846984825843
1612.4554960079765,10.904923852504119
1632.4932496480103,13.241693249469288
1652.5310032880438,11.294385418664982
1672.5687569280774,10.515462286343258
1692.606510568111,9.736539154021536
1712.6442642081445,12.073308550986704
1732.682017848178,11.683846984825843
1752.7197714882116,13.631154815630149
1772.7575251282453,13.631154815630149
1792.7952787682789,10.515462286343258
1812.8330324083124,15.189001080273595
1832.870786048346,12.462770117147565
1852.9085396883795,10.515462286343258
1872.946293328413,13.631154815630149
1892.9840469684466,9.736539154021536
1913.0218006084804,12.462770117147565
1933.059554248514,15.578462646434456
1953.0973078885474,9.736539154021536
1973.135061528581,12.073308550986704
1993.1728151686145,10.515462286343258
2013.210568808648,13.241693249469288
2033.2483224486816,13.631154815630149
2053.286076088715,13.631154815630149
2073.3238297287485,11.294385418664982
2093.3615833687822,8.56815445553895
2113.3993370088156,10.515462286343258
2133.4370906488493,16.35738577875618
2153.474844288883,10.904923852504119
2173.5125979289164,11.683846984825843
2193.55035156895,14.410077947951873
2213.5881052089835,9.736539154021536
2233.6258588490173,11.294385418664982
2253.6636124890506,13.631154815630149
2273.7013661290844,10.515462286343258
2293.739119769118,8.957616021699813
2313.7768734091514,10.515462286343258
2333.814627049185,10.126000720182397
2353.8523806892185,16.35738577875618
2373.8901343292523,13.241693249469288
2393.9278879692856,14.410077947951873
2413.9656416093194,8.56815445553895
2434.003395249353,8.56815445553895
2454.0411488893865,7.789231323217228
2474.0789025294202,12.073308550986704
2494.1166561694536,10.904923852504119
2514.1544098094873,11.294385418664982
2534.1921634495206,8.17869288937809
2554.2299170895544,8.56815445553895
2574.267670729588,8.957616021699813
2594.3054243696215,12.852231683308426
2614.3431780096553,11.683846984825843
2634.3809316496886,10.515462286343258
2654.4186852897224,11.683846984825843
2674.4564389297557,6.620846624734644
2694.4941925697894,9.736539154021536
2714.531946209823,10.904923852504119
2734.5696998498565,9.736539154021536
2754.6074534898903,8.957616021699813
2774.6452071299236,5.063000360091198
2794.6829607699574,8.957616021699813
2814.7207144099907,9.736539154021536
2834.7584680500245,13.241693249469288
2854.7962216900582,7.399769757056367
2874.8339753300916,10.126000720182397
2894.8717289701253,9.347077587860674
2914.9094826101586,7.399769757056367
2934.9472362501924,8.957616021699813
2954.9849898902257,9.736539154021536
2975.0227435302595,12.073308550986704
2995.0604971702933,9.347077587860674
3015.0982508103266,7.789231323217228
3035.1360044503604,9.347077587860674
3055.1737580903937,5.8419234924129215
3075.2115117304274,7.010308190895506
3095.2492653704608,8.17869288937809
3115.2870190104945,8.17869288937809
3135.3247726505283,7.010308190895506
3155.3625262905616,6.231385058573783
3175.4002799305954,7.010308190895506
3195.4380335706287,9.736539154021536
3215.4757872106625,4.673538793930337
3235.513540850696,8.17869288937809
3255.5512944907296,6.620846624734644
3275.5890481307633,5.063000360091198
3295.6268017707966,8.957616021699813
3315.6645554108304,6.231385058573783
3335.7023090508637,5.8419234924129215
3355.7400626908975,7.010308190895506
3375.777816330931,5.063000360091198
3395.8155699709646,7.010308190895506
3415.8533236109984,6.231385058573783
3435.8910772510317,5.8419234924129215
3455.9288308910654,5.4524619262520595
3475.9665845310988,5.063000360091198
3496.0043381711325,6.620846624734644
3516.042091811166,5.8419234924129215
3536.0798454511996,5.063000360091198
3556.1175990912334,4.284077227769475
3576.1553527312667,5.8419234924129215
3596.1931063713005,8.56815445553895
3616.230860011334,4.284077227769475
3636.2686136513676,7.010308190895506
3656.306367291401,2.3367693969651686
3676.3441209314346,3.894615661608614
3696.3818745714684,5.063000360091198
3716.4196282115017,1.5578462646434457
3736.4573818515355,2.3367693969651686
3756.495135491569,2.7262309631260297
3776.5328891316026,2.7262309631260297
3796.570642771636,6.231385058573783
3816.6083964116697,3.1156925292868913
3836.6461500517034,1.947307830804307
3856.6839036917368,5.063000360091198
3876.7216573317705,3.505154095447753
3896.759410971804,0.7789231323217228
3916.7971646118376,2.7262309631260297
3936.834918251871,3.1156925292868913
3956.8726718919047,1.5578462646434457
3976.910425531938,2.7262309631260297
3996.948179171972,2.7262309631260297
4016.9859328120056,2.7262309631260297
4037.023686452039,1.5578462646434457
4057.0614400920726,6.231385058573783
4077.099193732106,0.7789231323217228
4097.13694737214,4.284077227769475
4117.1747010121735,2.7262309631260297
4137.212454652207,1.1683846984825843
4157.25020829224,2.3367693969651686
4177.287961932274,1.947307830804307
4197.325715572308,2.3367693969651686
4217.363469212341,1.947307830804307
4237.401222852374,3.1156925292868913
4257.438976492408,1.5578462646434457
4277.476730132442,1.947307830804307
4297.514483772476,3.505154095447753
4317.552237412509,3.1156925292868913
4337.589991052542,1.5578462646434457
4357.627744692576,3.1156925292868913
4377.66549833261,3.1156925292868913
4397.703251972644,1.1683846984825843
4417.741005612677,3.1156925292868913
4437.77875925271,3.505154095447753
4457.816512892744,6.620846624734644
4477.854266532778,4.673538793930337
4497.8920201728115,8.56815445553895
4517.929773812844,6.620846624734644
4537.967527452878,5.4524619262520595
4558.005281092912,3.894615661608614
4578.043034732946,4.673538793930337
4598.080788372979,4.673538793930337
4618.118542013012,1.947307830804307
4638.156295653046,1.947307830804307
4658.19404929308,2.3367693969651686
4678.231802933114,1.5578462646434457
4698.269556573147,0.7789231323217228
4718.30731021318,0.7789231323217228
4738.345063853214,0.7789231323217228
4758.382817493248,2.3367693969651686
4778.420571133282,2.3367693969651686
4798.458324773314,1.5578462646434457
4818.496078413348,2.3367693969651686
4838.533832053382,1.947307830804307
4858.571585693416,1.947307830804307
4878.6093393334495,1.5578462646434457
4898.647092973482,1.5578462646434457
4918.684846613516,1.5578462646434457
4938.72260025355,1.1683846984825843
4958.760353893584,0.0
4978.798107533617,1.5578462646434457
4998.83586117365,0.7789231323217228
5018.873614813684,1.1683846984825843
5038.911368453718,1.5578462646434457
5058.949122093752,0.7789231323217228
5078.9868757337845,0.7789231323217228
5099.024629373818,1.947307830804307
5119.062383013852,0.7789231323217228
5139.100136653886,0.0
5159.13789029392,0.7789231323217228
5179.175643933952,0.3894615661608614
5199.213397573986,0.0
5219.25115121402,0.0
5239.288904854054,0.7789231323217228
5259.326658494087,0.3894615661608614
5279.36441213412,1.1683846984825843
5299.402165774154,0.7789231323217228
5319.439919414188,0.3894615661608614
5339.477673054222,1.5578462646434457
5359.5154266942545,0.7789231323217228
5379.553180334288,0.7789231323217228
5399.590933974322,1.5578462646434457
5419.628687614356,1.947307830804307
5439.66644125439,0.3894615661608614
5459.7041948944225,1.1683846984825843
5479.741948534456,1.947307830804307
5499.77970217449,0.0
5519.817455814524,1.1683846984825843
5539.855209454557,0.7789231323217228
5559.89296309459,1.1683846984825843
5579.930716734624,0.7789231323217228
5599.968470374658,0.0
5620.006224014692,0.3894615661608614
5640.043977654725,0.3894615661608614
5660.081731294758,1.1683846984825843
5680.119484934792,0.0
5700.157238574826,0.3894615661608614
5720.19499221486,1.5578462646434457
5740.2327458548925,0.3894615661608614
5760.270499494926,1.5578462646434457
5780.30825313496,0.3894615661608614
5800.346006774994,1.1683846984825843
5820.383760415027,1.947307830804307
5840.4215140550605,0.7789231323217228
5860.459267695094,0.0
5880.497021335128,0.3894615661608614
5900.534774975162,1.1683846984825843
5920.572528615195,0.7789231323217228
5940.610282255228,1.5578462646434457
5960.648035895262,0.3894615661608614
5980.685789535296,2.3367693969651686
6000.72354317533,1.1683846984825843
6020.761296815363,0.7789231323217228
6040.799050455396,0.3894615661608614
6060.83680409543,0.7789231323217228
6080.874557735464,0.7789231323217228
6100.912311375497,0.3894615661608614
6120.9500650155305,0.3894615661608614
6140.987818655564,0.0
6161.025572295598,0.7789231323217228
6181.063325935632,0.0
6201.101079575665,0.7789231323217228
6221.1388332156985,0.3894615661608614
6241.176586855732,1.1683846984825843
6261.214340495766,0.3894615661608614
6281.2520941358,0.7789231323217228
6301.289847775833,0.3894615661608614
6321.327601415866,3.1156925292868913
6341.3653550559,2.7262309631260297
6361.403108695934,5.4524619262520595
6381.440862335967,2.7262309631260297
6401.478615976001,2.7262309631260297
6421.516369616034,4.284077227769475
6441.554123256068,1.947307830804307
6461.591876896102,2.7262309631260297
6481.629630536135,0.7789231323217228
6501.6673841761685,1.1683846984825843
6521.705137816202,2.7262309631260297
6541.742891456236,0.0
6561.78064509627,0.7789231323217228
6581.818398736303,0.7789231323217228
6601.8561523763365,0.3894615661608614
6621.89390601637,0.7789231323217228
6641.931659656404,0.3894615661608614
6661.969413296437,0.0
6682.007166936471,0.0
6702.044920576504,0.0
6722.082674216538,0.7789231323217228
6742.120427856572,0.3894615661608614
6762.158181496605,0.7789231323217228
6782.195935136639,0.3894615661608614
6802.233688776672,0.7789231323217228
6822.271442416706,1.1683846984825843
6842.30919605674,0.3894615661608614
6862.346949696773,1.1683846984825843
6882.3847033368065,0.3894615661608614
6902.42245697684,0.0
6922.460210616874,0.7789231323217228
6942.497964256907,0.3894615661608614
6962.535717896941,0.7789231323217228
6982.5734715369745,2.3367693969651686
7002.611225177008,1.5578462646434457
7022.648978817042,1.1683846984825843
7042.686732457075,2.7262309631260297
7062.724486097109,1.5578462646434457
7082.762239737142,1.1683846984825843
7102.799993377176,1.947307830804307
7122.83774701721,0.7789231323217228
7142.875500657243,0.3894615661608614
7162.913254297277,0.0
7182.95100793731,1.1683846984825843
7202.988761577344,0.0
7223.026515217377,1.1683846984825843
7243.064268857411,1.1683846984825843
7263.1020224974445,0.0
7283.139776137478,0.3894615661608614
7303.177529777512,0.0
7323.215283417545,0.0
7343.253037057579,1.5578462646434457
7363.2907906976125,0.0
7383.328544337646,0.0
7403.36629797768,1.1683846984825843
7423.404051617713,0.7789231323217228
7443.441805257747,0.3894615661608614
7463.47955889778,2.3367693969651686
7483.517312537814,1.1683846984825843
7503.555066177847,1.5578462646434457
7523.592819817881,0.7789231323217228
7543.630573457915,0.3894615661608614
7563.668327097948,1.1683846984825843
7583.706080737982,0.3894615661608614
7603.743834378015,0.7789231323217228
7623.781588018049,0.0
7643.8193416580825,0.0
7663.857095298116,0.3894615661608614
7683.89484893815,0.7789231323217228
7703.932602578183,0.7789231323217228
7723.970356218217,1.1683846984825843
7744.0081098582505,1.1683846984825843
7764.045863498284,1.1683846984825843
7784.083617138317,1.1683846984825843
7804.121370778351,0.7789231323217228
7824.159124418385,0.3894615661608614
7844.196878058418,2.3367693969651686
7864.234631698452,1.5578462646434457
7884.272385338485,1.947307830804307
7904.310138978519,2.3367693969651686
7924.347892618553,3.894615661608614
7944.385646258586,4.673538793930337
7964.423399898619,9.347077587860674
7984.461153538653,12.462770117147565
8004.498907178687,14.410077947951873
8024.5366608187205,23.367693969651686
8044.574414458754,15.967924212595317
8064.612168098787,17.1363089110779
8084.649921738821,13.241693249469288
8104.687675378855,11.683846984825843
8124.7254290188885,6.620846624734644
8144.763182658922,6.231385058573783
8164.800936298955,3.505154095447753
8184.838689938989,1.1683846984825843
8204.876443579024,1.947307830804307
8224.914197219057,0.7789231323217228
8244.951950859091,0.0
8264.989704499125,0.3894615661608614
8285.027458139159,0.7789231323217228
8305.06521177919,0.0
8325.102965419224,1.1683846984825843
8345.140719059258,0.7789231323217228
8365.178472699292,0.7789231323217228
8385.216226339326,0.7789231323217228
8405.25397997936,1.1683846984825843
8425.291733619393,0.7789231323217228
8445.329487259427,1.1683846984825843
8465.36724089946,3.1156925292868913
8485.404994539493,8.957616021699813
8505.442748179526,11.294385418664982
8525.48050181956,15.578462646434456
8545.518255459594,26.483386498938575
8565.556009099628,40.50400288072959
8585.593762739662,54.524619262520595
8605.631516379695,59.97708118877266
8625.669270019729,74.38715913672453
8645.707023659763,70.49254347511592
8665.744777299795,60.36654275493352
8685.782530939829,47.514311071625094
8705.820284579862,35.83046408679925
8725.858038219896,23.757155535812547
8745.89579185993,14.020616381791012
8765.933545499964,10.904923852504119
8785.971299139997,3.894615661608614
8806.009052780031,3.1156925292868913
8826.046806420065,3.1156925292868913
8846.084560060099,3.505154095447753
8866.12231370013,2.3367693969651686
8886.160067340164,5.063000360091198
8906.197820980198,3.505154095447753
8926.235574620232,3.1156925292868913
8946.273328260266,7.010308190895506
8966.3110819003,2.7262309631260297
8986.348835540333,2.3367693969651686
9006.386589180367,1.1683846984825843
9026.4243428204,0.3894615661608614
9046.462096460433,2.3367693969651686
9066.499850100467,2.3367693969651686
9086.5376037405,0.3894615661608614
9106.575357380534,0.0
9126.613111020568,1.5578462646434457
9146.650864660602,1.1683846984825843
9166.688618300635,0.7789231323217228
9186.72637194067,0.3894615661608614
9206.764125580703,1.1683846984825843
9226.801879220735,0.0
9246.839632860769,0.7789231323217228
9266.877386500802,1.5578462646434457
9286.915140140836,0.3894615661608614
9306.95289378087,1.947307830804307
9326.990647420904,1.5578462646434457
9347.028401060938,5.063000360091198
9367.066154700971,5.063000360091198
9387.103908341005,2.7262309631260297
9407.141661981039,1.947307830804307
9427.17941562107,4.284077227769475
9447.217169261105,3.505154095447753
9467.254922901138,9.347077587860674
9487.292676541172,6.620846624734644
9507.330430181206,7.789231323217228
9527.36818382124,15.189001080273595
9547.405937461273,9.736539154021536
9567.443691101307,14.020616381791012
9587.481444741341,12.073308550986704
9607.519198381373,12.462770117147565
9627.556952021407,6.231385058573783
9647.59470566144,7.010308190895506
9667.632459301474,4.673538793930337
9687.670212941508,3.894615661608614
9707.707966581542,2.3367693969651686
9727.745720221576,1.1683846984825843
9747.78347386161,0.7789231323217228
9767.821227501643,0.3894615661608614
9787.858981141675,0.3894615661608614
9807.896734781709,0.3894615661608614
9827.934488421743,0.7789231323217228
9847.972242061776,1.1683846984825843
9868.00999570181,0.3894615661608614
9888.047749341844,0.0
9908.085502981878,0.0
9928.123256621911,0.3894615661608614
9948.161010261945,0.0
9968.198763901979,0.3894615661608614
9988.236517542011,1.1683846984825843
10008.274271182045,0.0
10028.312024822078,0.0
10048.349778462112,0.3894615661608614
10068.387532102146,0.3894615661608614
10088.42528574218,0.0
10108.463039382214,0.0
10128.500793022247,0.3894615661608614
10148.538546662281,0.3894615661608614
10168.576300302313,0.3894615661608614
10188.614053942347,0.7789231323217228
10208.65180758238,1.5578462646434457
10228.689561222414,0.7789231323217228
10248.727314862448,0.3894615661608614
10268.765068502482,0.7789231323217228
10288.802822142516,0.0
10308.84057578255,0.3894615661608614
10328.878329422583,0.3894615661608614
10348.916083062615,0.0
10368.953836702649,0.3894615661608614
10388.991590342683,0.0
10409.029343982716,0.0
10429.06709762275,1.1683846984825843
10449.104851262784,1.1683846984825843
10469.142604902818,0.7789231323217228
10489.180358542852,1.5578462646434457
10509.218112182885,0.3894615661608614
10529.255865822917,1.1683846984825843
10549.293619462951,1.947307830804307
10569.331373102985,1.5578462646434457
10589.369126743019,2.3367693969651686
10609.406880383052,1.5578462646434457
10629.444634023086,2.7262309631260297
10649.48238766312,6.620846624734644
10669.520141303154,8.957616021699813
10689.557894943187,12.852231683308426
10709.595648583221,21.420386138847377
10729.633402223253,24.53607866813427
10749.671155863287,33.10423312367322
10769.70890950332,46.34592637314251
10789.746663143354,54.524619262520595
10809.784416783388,58.808696490290075
10829.822170423422,63.09277371805955
10849.859924063456,66.98738937966816
10869.89767770349,61.14546588725524
10889.935431343523,56.86138865948577
10909.973184983555,38.55669504992528
10930.010938623589,32.325309991351496
10950.048692263623,23.367693969651686
10970.086445903657,15.189001080273595
10990.12419954369,7.010308190895506
11010.161953183724,7.399769757056367
11030.199706823758,2.7262309631260297
11050.237460463792,1.1683846984825843
11070.275214103825,2.7262309631260297
11090.312967743857,0.3894615661608614
11110.350721383891,0.3894615661608614
11130.388475023925,0.0
11150.426228663959,1.5578462646434457
11170.463982303992,1.5578462646434457
11190.501735944026,0.7789231323217228
11210.53948958406,1.1683846984825843
11230.577243224094,0.0
11250.614996864128,0.7789231323217228
11270.652750504161,0.7789231323217228
11290.690504144193,0.3894615661608614
11310.728257784227,1.1683846984825843
11330.76601142426,0.0
11350.803765064295,0.0
11370.841518704328,0.0
11390.879272344362,0.0
11410.917025984396,0.3894615661608614
11430.95477962443,0.3894615661608614
11450.992533264463,0.0
11471.030286904495,1.1683846984825843
11491.06804054453,0.0
11511.105794184563,0.0
11531.143547824597,0.3894615661608614
11551.18130146463,0.3894615661608614
11571.219055104664,0.0
11591.256808744698,1.1683846984825843
11611.294562384732,0.3894615661608614
11631.332316024766,1.947307830804307
11651.370069664797,1.1683846984825843
11671.407823304831,1.5578462646434457
11691.445576944865,0.7789231323217228
11711.483330584899,3.1156925292868913
11731.521084224933,2.7262309631260297
11751.558837864966,1.5578462646434457
11771.596591505,1.1683846984825843
11791.634345145034,1.947307830804307
11811.672098785068,0.0
11831.709852425101,1.947307830804307
11851.747606065133,0.7789231323217228
11871.785359705167,1.947307830804307
11891.8231133452,0.0
11911.860866985235,0.0
11931.898620625268,0.0
11951.936374265302,0.0
11971.974127905336,0.7789231323217228
11992.01188154537,0.7789231323217228
12012.049635185404,1.1683846984825843
12032.087388825435,0.0
12052.12514246547,0.0
12072.162896105503,1.1683846984825843
12092.200649745537,0.7789231323217228
12112.23840338557,0.7789231323217228
12132.276157025604,0.7789231323217228
12152.313910665638,0.0
12172.351664305672,0.7789231323217228
12192.389417945706,0.7789231323217228
12212.427171585738,0.0
12232.464925225771,0.7789231323217228
12252.502678865805,0.3894615661608614
12272.540432505839,0.0
12292.578186145873,1.1683846984825843
12312.615939785906,0.3894615661608614
12332.65369342594,0.3894615661608614
12352.691447065974,0.3894615661608614
12372.729200706008,0.7789231323217228
12392.766954346042,1.1683846984825843
12412.804707986073,1.1683846984825843
12432.842461626107,2.3367693969651686
12452.880215266141,2.3367693969651686
12472.917968906175,1.1683846984825843
12492.955722546209,5.4524619262520595
12512.993476186242,1.5578462646434457
12533.031229826276,2.7262309631260297
12553.06898346631,2.3367693969651686
12573.106737106344,3.505154095447753
12593.144490746376,4.673538793930337
12613.18224438641,5.4524619262520595
12633.219998026443,6.620846624734644
12653.257751666477,5.4524619262520595
12673.29550530651,8.17869288937809
12693.333258946544,7.399769757056367
12713.371012586578,5.063000360091198
12733.408766226612,5.4524619262520595
12753.446519866646,5.063000360091198
12773.484273506678,5.063000360091198
12793.522027146711,5.4524619262520595
12813.559780786745,8.56815445553895
12833.597534426779,10.904923852504119
12853.635288066813,10.904923852504119
12873.673041706847,17.1363089110779
12893.71079534688,23.757155535812547
12913.748548986914,28.820155895903746
12933.786302626948,45.17754167465993
12953.82405626698,58.808696490290075
12973.861809907014,59.5876196226118
12993.899563547047,75.55554383520712
13013.937317187081,74.7766207028854
13033.975070827115,72.43985130592023
13054.012824467149,72.82931287208109
13074.050578107182,54.91408082868146
13094.088331747216,53.35623456403801
13114.12608538725,35.05154095447753
13134.163839027284,24.92554023429513
13154.201592667316,18.69415517572135
13174.23934630735,15.967924212595317
13194.277099947383,10.515462286343258
13214.314853587417,13.241693249469288
13234.35260722745,12.852231683308426
13254.390360867485,7.399769757056367
13274.428114507518,5.8419234924129215
13294.465868147552,5.4524619262520595
13314.503621787586,5.4524619262520595
13334.541375427618,3.505154095447753
13354.579129067652,6.620846624734644
13374.616882707685,3.894615661608614
13394.65463634772,3.1156925292868913
13414.692389987753,3.505154095447753
13434.730143627787,4.673538793930337
13454.76789726782,3.894615661608614
13474.805650907854,3.894615661608614
13494.843404547888,2.7262309631260297
13514.88115818792,1.5578462646434457
13534.918911827954,2.3367693969651686
13554.956665467987,0.7789231323217228
13574.994419108021,0.3894615661608614
13595.032172748055,0.3894615661608614
13615.069926388089,0.7789231323217228
13635.107680028123,0.3894615661608614
13655.145433668156,1.1683846984825843
13675.18318730819,0.3894615661608614
13695.220940948224,1.1683846984825843
13715.258694588256,1.1683846984825843
13735.29644822829,1.1683846984825843
13755.334201868323,0.7789231323217228
13775.371955508357,0.7789231323217228
13795.40970914839,0.7789231323217228
13815.447462788425,1.5578462646434457
13835.485216428458,1.1683846984825843
13855.522970068492,1.1683846984825843
13875.560723708526,1.947307830804307
13895.598477348558,1.5578462646434457
13915.636230988592,1.1683846984825843
13935.673984628625,1.947307830804307
13955.71173826866,1.1683846984825843
13975.749491908693,0.7789231323217228
13995.787245548727,2.7262309631260297
14015.82499918876,2.3367693969651686
14035.862752828794,3.1156925292868913
14055.900506468828,3.505154095447753
14075.93826010886,5.063000360091198
14095.976013748894,4.284077227769475
14116.013767388928,5.4524619262520595
14136.051521028961,7.399769757056367
14156.089274668995,7.010308190895506
14176.127028309029,5.4524619262520595
14196.164781949063,3.505154095447753
14216.202535589096,5.063000360091198
14236.24028922913,3.505154095447753
14256.278042869164,4.284077227769475
14276.315796509196,3.894615661608614
14296.35355014923,1.947307830804307
14316.391303789263,3.1156925292868913
14336.429057429297,1.1683846984825843
14356.466811069331,1.947307830804307
14376.504564709365,0.0
14396.542318349399,0.7789231323217228
14416.580071989432,0.0
14436.617825629466,0.3894615661608614
14456.655579269498,0.7789231323217228
14476.693332909532,0.3894615661608614
14496.731086549566,0.0
14516.7688401896,1.5578462646434457
14536.806593829633,1.1683846984825843
14556.844347469667,0.7789231323217228
14576.8821011097,0.0
14596.919854749734,1.1683846984825843
14616.957608389768,1.5578462646434457
14636.9953620298,1.1683846984825843
14657.033115669834,0.3894615661608614
14677.070869309868,0.3894615661608614
14697.108622949901,0.0
14717.146376589935,0.3894615661608614
14737.184130229969,0.7789231323217228
14757.221883870003,1.1683846984825843
14777.259637510037,1.5578462646434457
14797.29739115007,0.3894615661608614
14817.335144790104,0.3894615661608614
14837.372898430136,0.7789231323217228
14857.41065207017,3.505154095447753
14877.448405710204,1.5578462646434457
14897.486159350237,1.947307830804307
14917.523912990271,0.7789231323217228
14937.561666630305,0.7789231323217228
14957.599420270339,1.1683846984825843
14977.637173910372,1.5578462646434457
14997.674927550406,1.1683846984825843
15017.712681190438,2.7262309631260297
15037.750434830472,3.1156925292868913
15057.788188470506,1.1683846984825843
15077.82594211054,4.284077227769475
15097.863695750573,4.284077227769475
15117.901449390607,4.284077227769475
15137.93920303064,8.17869288937809
15157.976956670675,7.399769757056367
15178.014710310708,9.736539154021536
15198.05246395074,9.736539154021536
15218.090217590774,12.852231683308426
15238.127971230808,13.631154815630149
15258.165724870842,9.347077587860674
15278.203478510875,15.189001080273595
15298.24123215091,9.736539154021536
15318.278985790943,7.010308190895506
15338.316739430977,7.010308190895506
15358.35449307101,9.347077587860674
15378.392246711044,2.7262309631260297
15398.430000351076,4.673538793930337
15418.46775399111,1.1683846984825843
15438.505507631144,1.5578462646434457
15458.543261271177,3.1156925292868913
15478.581014911211,3.1156925292868913
15498.618768551245,5.8419234924129215
15518.656522191279,4.284077227769475
15538.694275831313,6.231385058573783
15558.732029471346,5.063000360091198
15578.769783111378,8.17869288937809
15598.807536751412,10.515462286343258
15618.845290391446,9.347077587860674
15638.88304403148,8.957616021699813
15658.920797671513,9.347077587860674
15678.958551311547,12.852231683308426
15698.99630495158,12.073308550986704
15719.034058591615,9.736539154021536
15739.071812231648,17.1363089110779
15759.10956587168,17.525770477238765
15779.147319511714,16.74684734491704
15799.185073151748,11.683846984825843
15819.222826791782,8.957616021699813
15839.260580431815,10.904923852504119
15859.29833407185,6.231385058573783
15879.336087711883,7.789231323217228
15899.373841351917,6.620846624734644
15919.41159499195,6.231385058573783
15939.449348631983,5.063000360091198
15959.487102272016,2.7262309631260297
15979.52485591205,3.505154095447753
15999.562609552084,3.1156925292868913
16019.600363192118,4.284077227769475
16039.638116832151,3.505154095447753
16059.675870472185,2.7262309631260297
16079.713624112219,1.5578462646434457
16099.751377752253,1.5578462646434457
16119.789131392286,1.5578462646434457
16139.826885032318,3.1156925292868913
16159.864638672352,2.3367693969651686
16179.902392312386,3.505154095447753
16199.94014595242,4.673538793930337
16219.977899592453,1.947307830804307
16240.015653232487,3.1156925292868913
16260.053406872521,5.4524619262520595
16280.091160512555,3.1156925292868913
16300.128914152589,2.7262309631260297
16320.16666779262,3.894615661608614
16340.204421432654,3.505154095447753
16360.242175072688,3.894615661608614
16380.279928712722,3.894615661608614
16400.317682352754,1.5578462646434457
16420.355435992788,3.1156925292868913
16440.39318963282,1.947307830804307
16460.430943272855,3.1156925292868913
16480.46869691289,1.5578462646434457
16500.506450552923,2.3367693969651686
16520.544204192956,4.673538793930337
16540.58195783299,4.284077227769475
16560.619711473024,5.4524619262520595
16580.657465113058,2.3367693969651686
16600.695218753088,5.8419234924129215
16620.73297239312,3.894615661608614
16640.770726033155,2.3367693969651686
16660.80847967319,2.3367693969651686
16680.846233313223,3.894615661608614
16700.883986953257,3.894615661608614
16720.92174059329,4.673538793930337
16740.959494233324,4.284077227769475
16760.997247873358,1.5578462646434457
16781.03500151339,4.284077227769475
16801.072755153426,4.284077227769475
16821.11050879346,1.5578462646434457
16841.148262433493,5.4524619262520595
16861.186016073527,5.8419234924129215
16881.22376971356,4.673538793930337
16901.261523353594,5.063000360091198
16921.299276993628,5.063000360091198
16941.337030633662,2.7262309631260297
16961.374784273696,3.894615661608614
16981.412537913726,4.284077227769475
17001.45029155376,6.231385058573783
17021.488045193793,2.7262309631260297
17041.525798833827,6.231385058573783
17061.56355247386,3.894615661608614
17081.601306113895,7.789231323217228
17101.63905975393,5.063000360091198
17121.676813393962,4.284077227769475
17141.714567033996,6.620846624734644
17161.75232067403,3.505154095447753
17181.790074314064,7.789231323217228
17201.827827954097,7.010308190895506
17221.86558159413,9.347077587860674
17241.903335234165,7.789231323217228
17261.9410888742,10.515462286343258
17281.978842514232,14.799539514112734
17302.016596154266,16.35738577875618
17322.0543497943,23.367693969651686
17342.09210343433,21.809847705008238
17362.129857074364,31.546386859029774
17382.167610714398,29.98854059438633
17402.20536435443,28.041232763582023
17422.243117994465,36.219925652960114
17442.2808716345,25.315001800455992
17462.318625274533,40.114541314568726
17482.356378914566,33.88315625599494
17502.3941325546,31.935848425190635
17522.431886194634,23.757155535812547
17542.469639834668,24.53607866813427
17562.5073934747,18.304693609560488
17582.545147114735,18.69415517572135
17602.58290075477,14.799539514112734
17622.620654394803,15.578462646434456
17642.658408034837,9.347077587860674
17662.69616167487,8.957616021699813
17682.733915314904,10.515462286343258
17702.771668954938,8.56815445553895
17722.809422594968,9.347077587860674
17742.847176235002,11.294385418664982
17762.884929875036,8.17869288937809
17782.92268351507,5.4524619262520595
17802.960437155103,6.620846624734644
17822.998190795137,7.010308190895506
17843.03594443517,5.8419234924129215
17863.073698075204,11.683846984825843
17883.11145171524,9.347077587860674
17903.149205355272,9.347077587860674
17923.186958995306,8.17869288937809
17943.22471263534,7.789231323217228
17963.262466275373,12.073308550986704
17983.300219915407,10.126000720182397
18003.33797355544,12.073308550986704
18023.375727195475,10.515462286343258
18043.41348083551,6.620846624734644
18063.451234475542,11.294385418664982
18083.488988115572,12.073308550986704
18103.526741755606,8.56815445553895
18123.56449539564,8.957616021699813
18143.602249035674,13.241693249469288
18163.640002675707,10.515462286343258
18183.67775631574,16.35738577875618
18203.715509955775,14.020616381791012
18223.75326359581,9.347077587860674
18243.791017235842,14.020616381791012
18263.828770875876,12.462770117147565
18283.86652451591,13.241693249469288
18303.904278155944,14.410077947951873
18323.942031795978,12.462770117147565
18343.97978543601,14.799539514112734
18364.017539076045,14.799539514112734
18384.05529271608,16.35738577875618
18404.093046356113,17.915232043399627
18424.130799996146,15.578462646434456
18444.16855363618,22.588770837329964
18464.20630727621,20.252001440364793
18484.244060916244,25.315001800455992
18504.281814556278,17.915232043399627
18524.31956819631,17.525770477238765
18544.357321836345,23.757155535812547
18564.39507547638,21.030924572686516
18584.432829116413,22.1993092711691
18604.470582756447,29.599079028225468
18624.50833639648,32.325309991351496
18644.546090036514,26.872848065099436
18664.583843676548,29.98854059438633
18684.62159731658,26.483386498938575
18704.659350956616,46.34592637314251
18724.69710459665,43.619695410016476
18744.734858236683,34.2726178221558
18764.772611876717,41.67238757921217
18784.81036551675,44.3986185423382
18804.848119156784,45.95646480698165
18824.885872796818,40.50400288072959
18844.92362643685,48.29323420394682
18864.961380076882,46.34592637314251
18884.999133716916,49.85108046859026
18905.03688735695,49.4616189024294
18925.074640996983,44.3986185423382
18945.112394637017,43.230233843855615
18965.15014827705,47.903772637785956
18985.187901917085,45.95646480698165
19005.22565555712,54.524619262520595
19025.263409197152,55.693003961003186
19045.301162837186,56.86138865948577
19065.33891647722,44.3986185423382
19085.376670117254,51.408926733233706
19105.414423757287,48.68269577010768
19125.45217739732,51.79838829939457
19145.489931037355,49.4616189024294
19165.52768467739,34.2726178221558
19185.565438317422,43.619695410016476
19205.603191957453,33.49369468983408
19225.640945597486,36.99884878528184
19245.67869923752,38.16723348376442
19265.716452877554,38.94615661608614
19285.754206517588,26.872848065099436
19305.79196015762,33.88315625599494
19325.829713797655,35.05154095447753
19345.86746743769,26.872848065099436
19365.905221077723,25.315001800455992
19385.942974717756,28.041232763582023
19405.98072835779,28.820155895903746
19426.018481997824,23.757155535812547
19446.056235637858,25.704463366616853
19466.09398927789,25.315001800455992
19486.131742917925,24.92554023429513
19506.16949655796,28.820155895903746
19526.207250197993,24.53607866813427
19546.245003838027,22.978232403490825
19566.28275747806,22.588770837329964
19586.32051111809,19.08361674188221
19606.358264758124,21.809847705008238
19626.396018398158,26.483386498938575
19646.43377203819,26.483386498938575
19666.471525678226,22.978232403490825
19686.50927931826,19.08361674188221
19706.547032958293,22.1993092711691
19726.584786598327,15.967924212595317
19746.62254023836,15.967924212595317
19766.660293878394,21.030924572686516
19786.69804751843,17.1363089110779
19806.735801158462,17.525770477238765
19826.773554798496,15.967924212595317
19846.81130843853,20.252001440364793
19866.849062078563,21.030924572686516
19886.886815718597,19.08361674188221
19906.92456935863,16.35738577875618
19926.962322998665,19.862539874203932
19947.0000766387,18.304693609560488
19967.03783027873,24.14661710197341
19987.075583918762,26.872848065099436
20007.113337558796,19.08361674188221
20027.15109119883,26.483386498938575
20047.188844838864,26.093924932777714
20067.226598478897,31.546386859029774
20087.26435211893,28.041232763582023
20107.302105758965,29.599079028225468
20127.339859399,33.10423312367322
20147.377613039032,28.430694329742884
20167.415366679066,29.599079028225468
20187.4531203191,38.55669504992528
20207.490873959134,31.546386859029774
20227.528627599168,37.3883103514427
20247.5663812392,32.325309991351496
20267.604134879235,28.041232763582023
20287.64188851927,24.53607866813427
20307.679642159303,26.483386498938575
20327.717395799333,22.588770837329964
20347.755149439367,23.367693969651686
20367.7929030794,24.14661710197341
20387.830656719434,19.47307830804307
20407.868410359468,19.862539874203932
20427.9061639995,21.809847705008238
20447.943917639535,23.757155535812547
20467.98167127957,20.641463006525655
20488.019424919603,22.978232403490825
20508.057178559637,21.420386138847377
20528.09493219967,22.978232403490825
20548.132685839704,21.030924572686516
20568.170439479738,18.304693609560488
20588.20819311977,23.367693969651686
20608.245946759806,23.367693969651686
20628.28370039984,17.915232043399627
20648.321454039873,22.978232403490825
20668.359207679907,21.030924572686516
20688.39696131994,23.367693969651686
20708.43471495997,19.47307830804307
20728.472468600005,30.76746372670805
20748.51022224004,30.76746372670805
20768.547975880072,29.599079028225468
20788.585729520106,25.315001800455992
20808.62348316014,29.98854059438633
20828.661236800173,33.88315625599494
20848.698990440207,26.483386498938575
20868.73674408024,27.262309631260297
20888.774497720275,33.88315625599494
20908.81225136031,27.651771197421162
20928.850005000342,29.209617462064607
20948.887758640376,37.77777191760356
20968.92551228041,28.820155895903746
20988.963265920444,26.093924932777714
21009.001019560477,33.88315625599494
21029.03877320051,38.16723348376442
21049.076526840545,36.219925652960114
21069.114280480575,34.66207938831666
21089.15203412061,35.05154095447753
21109.189787760643,42.06184914537303
21129.227541400676,35.83046408679925
21149.26529504071,36.219925652960114
21169.303048680744,40.89346444689045
21189.340802320778,47.903772637785956
21209.37855596081,37.77777191760356
21229.416309600845,36.99884878528184
21249.45406324088,38.94615661608614
21269.491816880913,38.55669504992528
21289.529570520946,36.99884878528184
21309.56732416098,45.17754167465993
21329.605077801014,41.67238757921217
21349.642831441048,37.3883103514427
21369.68058508108,35.83046408679925
21389.718338721115,29.98854059438633
21409.75609236115,40.50400288072959
21429.793846001183,35.05154095447753
21449.831599641213,40.50400288072959
21469.869353281247,40.114541314568726
21489.90710692128,33.88315625599494
21509.944860561314,34.2726178221558
21529.982614201348,33.49369468983408
21550.02036784138,30.76746372670805
21570.058121481416,35.44100252063839
21590.09587512145,29.98854059438633
21610.133628761483,33.49369468983408
21630.171382401517,31.546386859029774
21650.20913604155,34.66207938831666
21670.246889681584,25.315001800455992
21690.28464332162,29.599079028225468
21710.322396961652,29.599079028225468
21730.360150601686,28.430694329742884
21750.39790424172,29.209617462064607
21770.435657881753,28.820155895903746
21790.473411521787,22.978232403490825
21810.51116516182,28.430694329742884
21830.54891880185,23.757155535812547
21850.586672441885,32.71477155751236
21870.62442608192,34.66207938831666
21890.662179721952,28.041232763582023
21910.699933361986,23.367693969651686
21930.73768700202,21.420386138847377
21950.775440642054,26.483386498938575
21970.813194282087,26.872848065099436
21990.85094792212,28.430694329742884
22010.888701562155,27.651771197421162
22030.92645520219,29.98854059438633
22050.964208842222,21.030924572686516
22071.001962482256,26.093924932777714
22091.03971612229,22.978232403490825
22111.077469762324,27.262309631260297
22131.115223402358,24.92554023429513
22151.15297704239,24.92554023429513
22171.190730682425,27.651771197421162
22191.228484322455,28.041232763582023
22211.26623796249,24.14661710197341
22231.303991602523,33.88315625599494
22251.341745242556,24.92554023429513
22271.37949888259,26.483386498938575
22291.417252522624,26.872848065099436
22311.455006162658,31.156925292868912
22331.49275980269,29.209617462064607
22351.530513442725,33.10423312367322
22371.56826708276,33.49369468983408
22391.606020722793,28.820155895903746
22411.643774362827,28.430694329742884
22431.68152800286,29.599079028225468
22451.719281642894,28.041232763582023
22471.757035282928,23.367693969651686
22491.79478892296,28.820155895903746
22511.832542562996,28.820155895903746
22531.87029620303,33.10423312367322
22551.908049843063,31.156925292868912
22571.945803483093,27.651771197421162
22591.983557123127,30.37800216054719
22612.02131076316,33.49369468983408
22632.059064403194,22.978232403490825
22652.09681804323,33.49369468983408
22672.134571683262,31.546386859029774
22692.172325323296,31.156925292868912
22712.21007896333,35.83046408679925
22732.247832603363,30.76746372670805
22752.285586243397,32.71477155751236
22772.32333988343,30.76746372670805
22792.361093523465,33.88315625599494
22812.3988471635,33.49369468983408
22832.436600803532,28.041232763582023
22852.474354443566,26.872848065099436
22872.5121080836,28.820155895903746
22892.549861723634,32.325309991351496
22912.587615363667,24.53607866813427
22932.6253690037,26.483386498938575
22952.66312264373,32.71477155751236
22972.700876283765,28.430694329742884
22992.7386299238,34.2726178221558
23012.776383563832,29.209617462064607
23032.814137203866,29.209617462064607
23052.8518908439,31.546386859029774
23072.889644483934,32.71477155751236
23092.927398123968,35.44100252063839
23112.965151764,38.55669504992528
23133.002905404035,28.041232763582023
23153.04065904407,22.588770837329964
23173.078412684103,31.935848425190635
23193.116166324136,31.935848425190635
23213.15391996417,34.2726178221558
23233.191673604204,25.704463366616853
23253.229427244238,27.262309631260297
23273.26718088427,21.030924572686516
23293.304934524305,22.1993092711691
23313.342688164335,25.315001800455992
23333.38044180437,33.49369468983408
23353.418195444403,28.820155895903746
23373.455949084437,33.49369468983408
23393.49370272447,31.546386859029774
23413.531456364504,29.209617462064607
23433.569210004538,27.262309631260297
23453.60696364457,32.325309991351496
23473.644717284606,33.88315625599494
23493.68247092464,34.66207938831666
23513.720224564673,30.37800216054719
23533.757978204707,26.093924932777714
23553.79573184474,34.66207938831666
23573.833485484774,26.872848065099436
23593.87123912481,26.872848065099436
23613.908992764842,30.76746372670805
23633.946746404876,26.483386498938575
23653.98450004491,29.98854059438633
23674.022253684943,26.872848065099436
23694.060007324973,32.325309991351496
23714.097760965007,34.66207938831666
23734.13551460504,34.2726178221558
23754.173268245075,34.2726178221558
23774.21102188511,33.49369468983408
23794.248775525142,32.325309991351496
23814.286529165176,30.76746372670805
23834.32428280521,32.71477155751236
23854.362036445244,32.71477155751236
23874.399790085277,36.609387219120975
23894.43754372531,35.44100252063839
23914.475297365345,36.99884878528184
23934.51305100538,28.041232763582023
23954.550804645412,35.44100252063839
23974.588558285446,28.041232763582023
23994.62631192548,33.10423312367322
24014.664065565514,31.156925292868912
24034.701819205548,37.3883103514427
24054.739572845578,32.325309991351496
24074.77732648561,35.05154095447753
24094.815080125645,33.88315625599494
24114.85283376568,36.99884878528184
24134.890587405713,38.94615661608614
24154.928341045746,33.10423312367322
24174.96609468578,30.37800216054719
24195.003848325814,33.10423312367322
24215.041601965848,28.430694329742884
24235.07935560588,36.609387219120975
24255.117109245915,36.609387219120975
24275.15486288595,32.325309991351496
24295.192616525983,36.219925652960114
24315.230370166017,34.2726178221558
24335.26812380605,39.335618182247
24355.305877446084,38.55669504992528
24375.343631086118,29.209617462064607
24395.38138472615,29.98854059438633
24415.419138366186,34.66207938831666
24435.456892006216,29.98854059438633
24455.49464564625,32.325309991351496
24475.532399286283,32.325309991351496
24495.570152926317,37.77777191760356
24515.60790656635,30.37800216054719
24535.645660206384,32.325309991351496
24555.68341384642,37.3883103514427
24575.721167486452,35.05154095447753
24595.758921126486,33.10423312367322
24615.79667476652,32.325309991351496
24635.834428406553,40.114541314568726
24655.872182046587,38.16723348376442
24675.90993568662,38.55669504992528
24695.947689326655,31.935848425190635
24715.98544296669,42.45131071153389
24736.023196606722,36.99884878528184
24756.060950246756,35.05154095447753
24776.09870388679,35.44100252063839
24796.136457526824,34.2726178221558
24816.174211166854,38.55669504992528
24836.211964806887,35.05154095447753
24856.24971844692,33.88315625599494
24876.287472086955,32.71477155751236
24896.32522572699,29.98854059438633
24916.362979367022,34.2726178221558
24936.400733007056,45.95646480698165
24956.43848664709,47.514311071625094
24976.476240287124,48.68269577010768
24996.513993927158,41.28292601305131
25016.55174756719,43.619695410016476
25036.589501207225,39.335618182247
25056.62725484726,40.50400288072959
25076.665008487293,42.06184914537303
25096.702762127326,42.45131071153389
25116.74051576736,47.12484950546423
25136.778269407394,41.28292601305131
25156.816023047428,41.67238757921217
25176.853776687458,45.95646480698165
25196.89153032749,38.94615661608614
25216.929283967525,42.06184914537303
25236.96703760756,37.3883103514427
25257.004791247593,42.06184914537303
25277.042544887627,44.3986185423382
25297.08029852766,42.06184914537303
25317.118052167694,38.55669504992528
25337.155805807728,44.78808010849906
25357.19355944776,38.16723348376442
25377.231313087796,37.77777191760356
25397.26906672783,31.935848425190635
25417.306820367863,36.609387219120975
25437.344574007897,35.44100252063839
25457.38232764793,38.16723348376442
25477.420081287964,36.609387219120975
25497.457834928,37.77777191760356
25517.495588568032,36.219925652960114
25537.533342208066,31.935848425190635
25557.571095848096,37.77777191760356
25577.60884948813,42.45131071153389
25597.646603128163,40.114541314568726
25617.684356768197,38.94615661608614
25637.72211040823,33.49369468983408
25657.759864048265,26.872848065099436
25677.7976176883,31.156925292868912
25697.835371328332,32.325309991351496
25717.873124968366,41.28292601305131
25737.9108786084,34.66207938831666
25757.948632248434,35.44100252063839
25777.986385888467,35.05154095447753
25798.0241395285,39.725079748407865
25818.061893168535,35.83046408679925
25838.09964680857,36.219925652960114
25858.137400448602,38.55669504992528
25878.175154088636,33.88315625599494
25898.21290772867,24.14661710197341
25918.2506613687,36.219925652960114
25938.288415008734,28.820155895903746
25958.326168648768,33.10423312367322
25978.3639222888,47.12484950546423
25998.401675928835,31.935848425190635
26018.43942956887,33.88315625599494
26038.477183208903,33.10423312367322
26058.514936848936,36.219925652960114
26078.55269048897,41.67238757921217
26098.590444129004,32.325309991351496
26118.628197769038,42.06184914537303
26138.66595140907,35.83046408679925
26158.703705049105,38.16723348376442
26178.74145868914,44.78808010849906
26198.779212329173,39.725079748407865
26218.816965969207,47.514311071625094
26238.85471960924,32.325309991351496
26258.892473249274,40.114541314568726
26278.930226889308,40.50400288072959
26298.967980529338,43.619695410016476
26319.005734169372,33.49369468983408
26339.043487809406,44.78808010849906
26359.08124144944,32.325309991351496
26379.118995089473,36.609387219120975
26399.156748729507,36.609387219120975
26419.19450236954,42.45131071153389
26439.232256009574,40.50400288072959
26459.27000964961,35.05154095447753
26479.307763289642,40.114541314568726
26499.345516929676,29.599079028225468
26519.38327056971,35.44100252063839
26539.421024209743,36.99884878528184
26559.458777849777,36.219925652960114
26579.49653148981,41.67238757921217
26599.534285129845,43.230233843855615
26619.57203876988,36.99884878528184
26639.609792409912,44.3986185423382
26659.647546049946,35.44100252063839
26679.685299689976,42.840772277694754
26699.72305333001,35.44100252063839
26719.760806970044,33.10423312367322
26739.798560610077,39.335618182247
26759.83631425011,35.83046408679925
26779.874067890145,41.67238757921217
26799.91182153018,39.335618182247
26819.949575170212,36.99884878528184
26839.987328810246,34.2726178221558
26860.02508245028,34.2726178221558
26880.062836090314,37.3883103514427
26900.100589730348,38.94615661608614
26920.13834337038,37.3883103514427
26940.176097010415,39.335618182247
26960.21385065045,36.609387219120975
26980.251604290483,34.2726178221558
27000.289357930516,37.3883103514427
27020.32711157055,38.16723348376442
27040.36486521058,28.041232763582023
27060.402618850614,40.89346444689045
27080.440372490648,31.935848425190635
27100.47812613068,32.325309991351496
27120.515879770715,31.546386859029774
27140.55363341075,36.609387219120975
27160.591387050783,42.06184914537303
27180.629140690817,34.66207938831666
27200.66689433085,33.49369468983408
27220.704647970884,35.44100252063839
27240.742401610918,30.37800216054719
27260.78015525095,33.10423312367322
27280.817908890986,45.17754167465993
27300.85566253102,33.49369468983408
27320.893416171053,41.28292601305131
27340.931169811087,29.98854059438633
27360.96892345112,31.546386859029774
27381.006677091154,42.06184914537303
27401.04443073119,40.114541314568726
27421.08218437122,36.99884878528184
27441.119938011252,38.94615661608614
27461.157691651286,33.88315625599494
27481.19544529132,36.99884878528184
27501.233198931353,36.609387219120975
27521.270952571387,39.725079748407865
27541.30870621142,40.50400288072959
27561.346459851455,30.37800216054719
27581.38421349149,31.935848425190635
27601.421967131522,33.88315625599494
27621.459720771556,33.88315625599494
27641.49747441159,40.114541314568726
27661.535228051624,38.16723348376442
27681.572981691657,35.83046408679925
27701.61073533169,38.55669504992528
27721.648488971725,33.88315625599494
27741.68624261176,42.06184914537303
27761.723996251792,30.37800216054719
27781.761749891826,39.725079748407865
27801.799503531856,38.94615661608614
27821.83725717189,35.44100252063839
27841.875010811924,32.71477155751236
27861.912764451958,36.609387219120975
27881.95051809199,38.16723348376442
27901.988271732025,36.99884878528184
27922.02602537206,44.3986185423382
27942.063779012093,37.3883103514427
27962.101532652126,37.3883103514427
27982.13928629216,42.06184914537303
28002.177039932194,38.94615661608614
28022.214793572228,36.219925652960114
28042.25254721226,39.335618182247
28062.290300852295,38.94615661608614
28082.32805449233,37.77777191760356
28102.365808132363,32.71477155751236
28122.403561772397,35.83046408679925
28142.44131541243,38.16723348376442
28162.47906905246,32.71477155751236
28182.516822692494,38.16723348376442
28202.554576332528,37.3883103514427
28222.592329972562,37.77777191760356
28242.630083612596,43.619695410016476
28262.66783725263,37.3883103514427
28282.705590892663,40.50400288072959
28302.743344532697,34.2726178221558
28322.78109817273,38.16723348376442
28342.818851812764,37.77777191760356
28362.8566054528,33.88315625599494
28382.894359092832,35.05154095447753
28402.932112732866,32.325309991351496
28422.9698663729,31.546386859029774
28443.007620012933,41.28292601305131
28463.045373652967,41.67238757921217
28483.083127293,37.77777191760356
28503.120880933035,33.88315625599494
28523.15863457307,41.67238757921217
28543.1963882131,37.3883103514427
28563.234141853132,33.49369468983408
28583.271895493166,35.44100252063839
28603.3096491332,30.37800216054719
28623.347402773234,40.50400288072959
28643.385156413267,35.83046408679925
28663.4229100533,31.935848425190635
28683.460663693335,39.725079748407865
28703.49841733337,30.37800216054719
28723.536170973402,30.76746372670805
28743.573924613436,34.66207938831666
28763.61167825347,30.76746372670805
28783.649431893504,42.06184914537303
28803.687185533538,30.37800216054719
28823.72493917357,33.49369468983408
28843.762692813605,33.88315625599494
28863.80044645364,39.725079748407865
28883.838200093673,34.2726178221558
28903.875953733703,36.99884878528184
28923.913707373737,32.71477155751236
28943.95146101377,39.335618182247
28963.989214653804,39.335618182247
28984.026968293838,34.66207938831666
29004.06472193387,36.99884878528184
29024.102475573905,27.651771197421162
29044.14022921394,32.71477155751236
29064.177982853973,27.262309631260297
29084.215736494007,35.83046408679925
29104.25349013404,31.935848425190635
29124.291243774074,29.209617462064607
29144.328997414108,38.16723348376442
29164.36675105414,31.156925292868912
29184.404504694176,36.609387219120975
29204.44225833421,35.44100252063839
29224.480011974243,33.49369468983408
29244.517765614277,35.44100252063839
29264.55551925431,35.44100252063839
29284.59327289434,32.325309991351496
29304.631026534375,33.49369468983408
29324.66878017441,32.71477155751236
29344.706533814442,37.3883103514427
29364.744287454476,29.209617462064607
29384.78204109451,30.37800216054719
29404.819794734543,35.44100252063839
29424.857548374577,37.77777191760356
29444.89530201461,31.156925292868912
29464.933055654645,29.98854059438633
29484.97080929468,33.49369468983408
29505.008562934712,36.609387219120975
29525.046316574746,35.44100252063839
29545.08407021478,39.335618182247
29565.121823854814,32.71477155751236
29585.159577494847,32.325309991351496
29605.19733113488,35.44100252063839
29625.235084774915,31.935848425190635
29645.27283841495,31.935848425190635
29665.31059205498,32.325309991351496
29685.348345695013,26.483386498938575
29705.386099335046,31.156925292868912
29725.42385297508,33.88315625599494
29745.461606615114,31.156925292868912
29765.499360255148,36.609387219120975
29785.53711389518,32.71477155751236
29805.574867535215,36.609387219120975
29825.61262117525,36.99884878528184
29845.650374815283,37.77777191760356
29865.688128455316,35.44100252063839
29885.72588209535,33.88315625599494
29905.763635735384,32.71477155751236
29925.801389375418,31.935848425190635
29945.83914301545,30.76746372670805
29965.876896655485,30.76746372670805
29985.91465029552,36.99884878528184
30005.952403935553,32.71477155751236
30025.990157575583,30.37800216054719
30046.027911215617,32.325309991351496
30066.06566485565,33.88315625599494
30086.103418495684,33.10423312367322
30106.141172135718,25.704463366616853
30126.178925775752,28.820155895903746
30146.216679415786,35.05154095447753
30166.25443305582,34.66207938831666
30186.292186695853,35.05154095447753
30206.329940335887,34.66207938831666
30226.36769397592,29.209617462064607
30246.405447615954,29.599079028225468
30266.44320125599,35.05154095447753
30286.480954896022,30.37800216054719
30306.518708536056,36.219925652960114
30326.55646217609,33.49369468983408
30346.594215816123,33.88315625599494
30366.631969456157,27.262309631260297
30386.66972309619,32.71477155751236
30406.70747673622,27.262309631260297
30426.745230376255,24.92554023429513
30446.78298401629,32.71477155751236
30466.820737656322,27.262309631260297
30486.858491296356,30.37800216054719
30506.89624493639,30.37800216054719
30526.933998576424,22.588770837329964
30546.971752216457,26.093924932777714
30567.00950585649,28.820155895903746
30587.047259496525,36.99884878528184
30607.08501313656,29.98854059438633
30627.122766776592,25.704463366616853
30647.160520416626,26.872848065099436
30667.19827405666,34.66207938831666
30687.236027696694,29.98854059438633
30707.273781336728,25.315001800455992
30727.31153497676,24.14661710197341
30747.349288616795,31.156925292868912
30767.38704225683,29.209617462064607
30787.42479589686,24.92554023429513
30807.462549536893,30.37800216054719
30827.500303176927,28.820155895903746
30847.53805681696,32.71477155751236
30867.575810456994,32.71477155751236
30887.613564097028,32.71477155751236
30907.65131773706,27.262309631260297
30927.689071377095,29.599079028225468
30947.72682501713,27.262309631260297
30967.764578657163,26.872848065099436
30987.802332297197,23.757155535812547
31007.84008593723,24.14661710197341
31027.877839577264,24.92554023429513
31047.915593217298,29.209617462064607
31067.95334685733,33.49369468983408
31087.991100497366,26.093924932777714
31108.0288541374,28.041232763582023
31128.066607777433,28.041232763582023
31148.104361417463,27.651771197421162
31168.142115057497,25.704463366616853
31188.17986869753,29.98854059438633
31208.217622337565,26.872848065099436
31228.2553759776,25.704463366616853
31248.293129617632,26.872848065099436
31268.330883257666,30.37800216054719
31288.3686368977,33.49369468983408
31308.406390537733,33.88315625599494
31328.444144177767,28.430694329742884
31348.4818978178,30.37800216054719
31368.519651457835,25.315001800455992
31388.55740509787,26.483386498938575
31408.595158737902,27.262309631260297
31428.632912377936,26.093924932777714
31448.67066601797,25.704463366616853
31468.708419658004,24.14661710197341
31488.746173298037,26.483386498938575
31508.78392693807,26.483386498938575
31528.8216805781,23.757155535812547
31548.859434218135,27.651771197421162
31568.89718785817,23.757155535812547
31588.934941498203,25.315001800455992
31608.972695138236,27.651771197421162
31629.01044877827,21.030924572686516
31649.048202418304,28.041232763582023
31669.085956058338,27.262309631260297
31689.12370969837,21.420386138847377
31709.161463338405,24.14661710197341
31729.19921697844,19.47307830804307
31749.236970618473,25.315001800455992
31769.274724258506,24.92554023429513
31789.31247789854,28.041232763582023
31809.350231538574,21.030924572686516
31829.387985178608,26.483386498938575
31849.42573881864,29.98854059438633
31869.463492458675,27.262309631260297
31889.501246098705,29.209617462064607
31909.53899973874,28.430694329742884
31929.576753378773,28.820155895903746
31949.614507018807,19.47307830804307
31969.65226065884,18.304693609560488
31989.690014298874,21.030924572686516
32009.727767938908,24.92554023429513
32029.765521578942,24.14661710197341
32049.803275218976,24.53607866813427
32069.84102885901,23.367693969651686
32089.878782499043,25.315001800455992
32109.916536139077,30.37800216054719
32129.95428977911,22.978232403490825
32149.992043419144,24.53607866813427
32170.02979705918,23.367693969651686
32190.067550699212,25.315001800455992
32210.105304339246,24.14661710197341
32230.14305797928,19.47307830804307
32250.180811619313,21.420386138847377
32270.218565259343,26.093924932777714
32290.256318899377,25.704463366616853
32310.29407253941,21.809847705008238
32330.331826179445,27.262309631260297
32350.36957981948,21.809847705008238
32370.407333459512,14.410077947951873
32390.445087099546,22.1993092711691
32410.48284073958,20.252001440364793
32430.520594379614,24.14661710197341
32450.558348019647,17.525770477238765
32470.59610165968,21.420386138847377
32490.633855299715,26.872848065099436
32510.67160893975,23.757155535812547
32530.709362579782,28.041232763582023
32550.747116219816,18.304693609560488
32570.78486985985,22.978232403490825
32590.822623499884,20.252001440364793
32610.860377139918,22.588770837329964
32630.89813077995,21.420386138847377
32650.93588441998,19.47307830804307
32670.973638060015,16.74684734491704
32691.01139170005,17.525770477238765
32711.049145340083,21.809847705008238
32731.086898980117,19.47307830804307
32751.12465262015,16.35738577875618
32771.162406260184,18.69415517572135
32791.20015990022,19.862539874203932
32811.23791354025,21.809847705008238
32831.275667180285,20.641463006525655
32851.31342082032,17.915232043399627
32871.35117446035,16.35738577875618
32891.38892810039,20.252001440364793
32911.42668174042,21.420386138847377
32931.464435380454,16.35738577875618
32951.50218902049,27.262309631260297
32971.53994266052,20.641463006525655
32991.577696300556,19.47307830804307
33011.61544994059,17.915232043399627
33031.65320358062,17.915232043399627
33051.69095722066,19.08361674188221
33071.72871086069,19.08361674188221
33091.766464500724,17.525770477238765
33111.80421814076,21.030924572686516
33131.84197178079,19.08361674188221
33151.879725420826,14.799539514112734
33171.91747906086,18.69415517572135
33191.95523270089,17.525770477238765
33211.99298634092,17.915232043399627
33232.03073998095,15.967924212595317
33252.06849362099,18.69415517572135
33272.10624726102,19.47307830804307
33292.144000901055,21.030924572686516
33312.18175454109,15.578462646434456
33332.21950818112,18.304693609560488
33352.257261821156,17.915232043399627
33372.29501546119,19.08361674188221
33392.332769101224,19.08361674188221
33412.37052274126,14.799539514112734
33432.40827638129,12.462770117147565
33452.446030021325,17.525770477238765
33472.48378366136,15.967924212595317
33492.52153730139,15.967924212595317
33512.559290941426,10.904923852504119
33532.59704458146,14.020616381791012
33552.634798221494,15.967924212595317
33572.67255186153,14.410077947951873
33592.71030550156,15.967924212595317
33612.748059141595,14.410077947951873
33632.78581278163,15.967924212595317
33652.82356642166,15.578462646434456
33672.8613200617,15.189001080273595
33692.89907370173,14.020616381791012
33712.936827341764,16.35738577875618
33732.9745809818,12.852231683308426
33753.01233462183,13.631154815630149
33773.050088261865,12.852231683308426
33793.0878419019,19.862539874203932
33813.12559554193,11.683846984825843
33833.16334918197,8.56815445553895
33853.201102822,9.347077587860674
33873.238856462034,11.294385418664982
33893.27661010207,12.462770117147565
33913.3143637421,13.241693249469288
33933.352117382135,13.631154815630149
33953.38987102216,13.631154815630149
33973.427624662196,10.515462286343258
33993.46537830223,12.073308550986704
34013.50313194226,10.515462286343258
34033.5408855823,11.683846984825843
34053.57863922233,15.578462646434456
34073.616392862365,15.189001080273595
34093.6541465024,15.578462646434456
34113.69190014243,11.683846984825843
34133.729653782466,12.852231683308426
34153.7674074225,14.410077947951873
34173.80516106253,13.241693249469288
34193.84291470257,11.294385418664982
34213.8806683426,11.683846984825843
34233.918421982635,12.073308550986704
34253.95617562267,11.294385418664982
34273.9939292627,10.126000720182397
34294.031682902736,7.010308190895506
34314.06943654277,12.462770117147565
34334.1071901828,8.957616021699813
34354.14494382284,10.515462286343258
34374.18269746287,10.126000720182397
34394.220451102905,9.736539154021536
34414.25820474294,10.126000720182397
34434.29595838297,8.17869288937809
34454.333712023006,10.126000720182397
34474.37146566304,7.399769757056367
34494.409219303074,5.063000360091198
34514.44697294311,7.010308190895506
34534.48472658314,11.683846984825843
34554.522480223175,10.126000720182397
34574.56023386321,8.17869288937809
34594.59798750324,8.17869288937809
34614.63574114328,6.231385058573783
34634.67349478331,10.126000720182397
34654.711248423344,6.231385058573783
34674.74900206338,9.347077587860674
34694.786755703404,5.063000360091198
34714.82450934344,5.063000360091198
34734.86226298347,7.399769757056367
34754.900016623506,9.736539154021536
34774.93777026354,8.17869288937809
34794.97552390357,10.515462286343258
34815.01327754361,8.56815445553895
34835.05103118364,8.17869288937809
34855.088784823674,6.620846624734644
34875.12653846371,4.284077227769475
34895.16429210374,7.010308190895506
34915.202045743776,7.010308190895506
34935.23979938381,3.1156925292868913
34955.27755302384,7.010308190895506
34975.31530666388,5.4524619262520595
34995.35306030391,7.399769757056367
35015.390813943945,5.063000360091198
35035.42856758398,5.4524619262520595
35055.46632122401,6.231385058573783
35075.504074864046,5.063000360091198
35095.54182850408,3.894615661608614
35115.57958214411,5.8419234924129215
35135.61733578415,5.8419234924129215
35155.65508942418,3.1156925292868913
35175.692843064215,4.284077227769475
35195.73059670425,5.4524619262520595
35215.76835034428,3.1156925292868913
35235.806103984316,1.947307830804307
35255.84385762435,3.894615661608614
35275.88161126438,4.673538793930337
35295.91936490442,2.7262309631260297
35315.95711854445,5.8419234924129215
35335.994872184485,0.3894615661608614
35356.03262582452,5.063000360091198
35376.07037946455,3.894615661608614
35396.108133104586,4.284077227769475
35416.14588674462,3.894615661608614
35436.18364038465,2.3367693969651686
35456.22139402468,4.284077227769475
35476.259147664714,4.284077227769475
35496.29690130475,3.505154095447753
35516.33465494478,2.7262309631260297
35536.372408584815,3.894615661608614
35556.41016222485,3.894615661608614
35576.44791586488,2.7262309631260297
35596.48566950492,2.7262309631260297
35616.52342314495,1.947307830804307
35636.561176784984,5.4524619262520595
35656.59893042502,3.894615661608614
35676.63668406505,1.947307830804307
35696.674437705085,2.7262309631260297
35716.71219134512,2.3367693969651686
35736.74994498515,1.947307830804307
35756.78769862519,1.1683846984825843
35776.82545226522,3.894615661608614
35796.863205905254,0.3894615661608614
35816.90095954529,3.1156925292868913
35836.93871318532,1.947307830804307
35856.976466825356,2.3367693969651686
35877.01422046539,0.7789231323217228
35897.05197410542,1.5578462646434457
35917.08972774546,2.3367693969651686
35937.12748138549,3.1156925292868913
35957.165235025524,0.7789231323217228
35977.20298866556,1.1683846984825843
35997.24074230559,0.7789231323217228
36017.278495945626,0.3894615661608614
36037.31624958566,1.5578462646434457
36057.35400322569,1.5578462646434457
36077.39175686573,0.7789231323217228
36097.42951050576,3.1156925292868913
36117.467264145795,0.3894615661608614
36137.50501778583,1.947307830804307
36157.54277142586,0.3894615661608614
36177.58052506589,0.7789231323217228
36197.61827870592,1.5578462646434457
36217.656032345956,0.3894615661608614
36237.69378598599,0.7789231323217228
36257.731539626024,0.7789231323217228
36277.76929326606,1.1683846984825843
36297.80704690609,1.5578462646434457
36317.844800546125,0.3894615661608614
36337.88255418616,1.1683846984825843
36357.92030782619,0.7789231323217228
36377.958061466226,0.3894615661608614
36397.99581510626,1.1683846984825843
36418.033568746294,1.5578462646434457
36438.07132238633,1.5578462646434457
36458.10907602636,0.7789231323217228
36478.146829666395,0.7789231323217228
36498.18458330643,1.1683846984825843
36518.22233694646,0.3894615661608614
36538.2600905865,0.7789231323217228
36558.29784422653,0.7789231323217228
36578.335597866564,0.7789231323217228
36598.3733515066,2.7262309631260297
36618.41110514663,2.7262309631260297
36638.448858786665,1.1683846984825843
36658.4866124267,0.3894615661608614
36678.52436606673,0.3894615661608614
36698.56211970677,0.7789231323217228
36718.5998733468,0.7789231323217228
36738.637626986834,0.7789231323217228
36758.67538062687,0.0
36778.7131342669,0.0
36798.750887906936,0.7789231323217228
36818.78864154697,0.3894615661608614
36838.826395187,0.3894615661608614
36858.86414882704,1.5578462646434457
36878.90190246707,1.1683846984825843
36898.939656107104,1.5578462646434457
36918.97740974714,0.7789231323217228
36939.015163387165,1.1683846984825843
36959.0529170272,0.3894615661608614
36979.09067066723,1.1683846984825843
36999.128424307266,1.947307830804307
37019.1661779473,0.3894615661608614
37039.20393158733,0.7789231323217228
37059.24168522737,0.7789231323217228
37079.2794388674,0.7789231323217228
37099.317192507435,1.1683846984825843
37119.35494614747,1.1683846984825843
37139.3926997875,0.3894615661608614
37159.430453427536,0.0
37179.46820706757,1.1683846984825843
37199.505960707604,0.3894615661608614
37219.54371434764,0.0
37239.58146798767,0.3894615661608614
37259.619221627705,0.7789231323217228
37279.65697526774,0.7789231323217228
37299.69472890777,0.0
37319.732482547806,0.0
37339.77023618784,0.3894615661608614
37359.807989827874,0.3894615661608614
37379.84574346791,0.0
37399.88349710794,1.5578462646434457
37419.921250747975,0.0
37439.95900438801,0.3894615661608614
37459.99675802804,0.7789231323217228
37480.03451166808,0.0
37500.07226530811,0.3894615661608614
37520.110018948144,1.1683846984825843
37540.14777258818,0.7789231323217228
37560.18552622821,0.7789231323217228
37580.223279868245,0.3894615661608614
37600.26103350828,1.1683846984825843
37620.29878714831,0.3894615661608614
37640.33654078835,0.3894615661608614
37660.37429442838,0.0
37680.41204806841,0.0
37700.44980170844,0.0
37720.487555348474,0.7789231323217228
37740.52530898851,0.3894615661608614
37760.56306262854,0.0
37780.600816268576,0.7789231323217228
37800.63856990861,1.1683846984825843
37820.67632354864,0.3894615661608614
37840.71407718868,0.0
37860.75183082871,0.7789231323217228
37880.789584468745,0.3894615661608614
37900.82733810878,1.1683846984825843
37920.86509174881,0.7789231323217228
37940.902845388846,0.0
37960.94059902888,0.7789231323217228
37980.97835266891,0.7789231323217228
38001.01610630895,0.0
38021.05385994898,1.1683846984825843
38041.091613589015,0.7789231323217228
38061.12936722905,0.3894615661608614
38081.16712086908,0.3894615661608614
38101.204874509116,0.7789231323217228
38121.24262814915,0.0
38141.28038178918,0.7789231323217228
38161.31813542922,0.3894615661608614
38181.35588906925,0.3894615661608614
38201.393642709285,0.7789231323217228
38221.43139634932,0.3894615661608614
38241.46914998935,0.0
38261.506903629386,0.0
38281.54465726942,0.3894615661608614
38301.582410909454,0.0
38321.62016454949,0.0
38341.65791818952,0.0
38361.695671829555,0.0
38381.73342546959,0.0
38401.77117910962,0.0
38421.80893274965,0.3894615661608614
38441.84668638968,0.0
38461.88444002972,0.3894615661608614
38481.92219366975,0.0
38501.959947309784,0.0
38521.99770094982,0.0
38542.03545458985,0.3894615661608614
38562.073208229885,0.0
38582.11096186992,0.0
38602.14871550995,0.0
38622.18646914999,0.0
38642.22422279002,0.0
38662.261976430054,0.3894615661608614
38682.29973007009,0.3894615661608614
38702.33748371012,0.3894615661608614
38722.375237350156,0.3894615661608614
38742.41299099019,0.3894615661608614
38762.45074463022,0.0
38782.48849827026,0.0
38802.52625191029,0.0
38822.564005550325,0.3894615661608614
38842.60175919036,0.3894615661608614
38862.63951283039,0.3894615661608614
38882.677266470426,0.0
38902.71502011046,0.0
38922.75277375049,0.3894615661608614
38942.79052739053,0.3894615661608614
38962.82828103056,0.3894615661608614
38982.866034670595,0.0
39002.90378831063,0.3894615661608614
39022.94154195066,0.3894615661608614
39042.979295590696,0.3894615661608614
39063.01704923073,0.0
39083.05480287076,0.3894615661608614
39103.0925565108,0.3894615661608614
39123.13031015083,0.0
39143.168063790865,0.0
39163.20581743089,0.3894615661608614
39183.243571070925,0.0
39203.28132471096,0.0
39223.31907835099,0.7789231323217228
39243.35683199103,0.0
39263.39458563106,0.0
39283.432339271094,0.3894615661608614
39303.47009291113,0.0
39323.50784655116,0.0
39343.545600191195,0.0
39363.58335383123,0.0
39383.62110747126,0.3894615661608614
39403.6588611113,0.0
39423.69661475133,0.0
39443.734368391364,0.0
39463.7721220314,0.0
39483.80987567143,0.3894615661608614
39503.847629311465,0.3894615661608614
39523.8853829515,0.0
39543.92313659153,0.0
39563.96089023157,0.0
39583.9986438716,0.0
39604.036397511634,0.0
39624.07415115167,0.0
39644.1119047917,0.0
39664.149658431736,0.0
39684.18741207177,0.0
39704.2251657118,0.0
39724.26291935184,0.3894615661608614
39744.30067299187,0.0
39764.338426631904,0.3894615661608614
39784.37618027194,0.0
39804.41393391197,0.0
39824.451687552006,0.0
39844.48944119204,0.0
39864.52719483207,0.0
39884.56494847211,0.0
39904.60270211214,0.0
39924.64045575217,0.0
39944.6782093922,0.0
39964.715963032235,0.0
39984.75371667227,0.0
40004.7914703123,0.0
40024.829223952336,0.0
40044.86697759237,0.0
40064.904731232404,0.0
40084.94248487244,0.0
40104.98023851247,0.0
40125.017992152505,0.0
40145.05574579254,0.3894615661608614
40165.09349943257,0.0
40185.131253072606,0.0
40205.16900671264,0.0
40225.206760352674,0.0
40245.24451399271,0.0
40265.28226763274,0.0
40285.320021272775,0.0
40305.35777491281,0.0
40325.39552855284,0.0
40345.43328219288,0.0
40365.47103583291,0.0
40385.508789472944,0.0
40405.54654311298,0.0
40425.58429675301,0.0
40445.622050393045,0.0
40465.65980403308,0.0
40485.69755767311,0.0
40505.73531131315,0.0
40525.77306495318,0.0
40545.810818593214,0.0
40565.84857223325,0.0
40585.88632587328,0.0
40605.924079513316,0.0
40625.96183315335,0.0
40645.99958679338,0.0
40666.03734043341,0.0
40686.07509407344,0.0
40706.11284771348,0.0
40726.15060135351,0.0
40746.188354993545,0.0
40766.22610863358,0.0
40786.26386227361,0.0
40806.301615913646,0.0
40826.33936955368,0.0
40846.37712319371,0.0
40866.41487683375,0.0
40886.45263047378,0.0
40906.490384113815,0.0
40926.52813775385,0.0
40946.56589139388,0.0
40966.603645033916,0.0
40986.64139867395,0.0
41006.679152313984,0.0
