Energy (keV),Intensity (CPS)
-10.602548834742972,0.0
9.435204805290603,0.0
29.472958445324178,0.0
49.51071208535775,0.0
69.54846572539132,0.0
89.5862193654249,0.0
109.62397300545848,0.0
129.66172664549205,0.0
149.69948028552562,0.0
169.7372339255592,0.0
189.77498756559277,0.0
209.81274120562634,0.0
229.85049484565994,0.0
249.88824848569348,0.0
269.9260021257271,0.0
289.96375576576065,0.0
310.00150940579425,0.0
330.03926304582785,0.8509258219517066
350.0770166858614,0.0
370.114770325895,0.4254629109758533
390.15252396592854,0.4254629109758533
410.19027760596214,0.8509258219517066
430.2280312459957,0.4254629109758533
450.2657848860293,4.254629109758533
470.3035385260629,2.5527774658551197
490.3412921660964,2.1273145548792667
510.37904580612997,3.82916619878268
530.4167994461636,4.254629109758533
550.4545530861972,3.82916619878268
570.4923067262307,5.956480753661946
590.5300603662643,4.254629109758533
610.5678140062979,3.82916619878268
630.6055676463315,5.105554931710239
650.643321286365,10.211109863420479
670.6810749263987,5.531017842686093
690.7188285664322,8.93472113049292
710.7565822064657,6.807406575613653
730.7943358464993,5.956480753661946
750.8320894865329,7.65833239756536
770.8698431265665,2.978240376830973
790.9075967666,5.956480753661946
810.9453504066337,7.65833239756536
830.9831040466672,6.807406575613653
851.0208576867008,4.680092020734387
871.0586113267343,7.2328694865895065
891.096364966768,5.956480753661946
911.1341186068015,7.2328694865895065
931.171872246835,8.083795308541212
951.2096258868687,4.254629109758533
971.2473795269023,6.3819436646378
991.2851331669358,5.956480753661946
1011.3228868069693,7.2328694865895065
1031.3606404470029,4.680092020734387
1051.3983940870364,9.360184041468774
1071.4361477270702,8.083795308541212
1091.4739013671037,7.2328694865895065
1111.5116550071373,8.509258219517067
1131.5494086471708,6.3819436646378
1151.5871622872044,5.956480753661946
1171.624915927238,6.807406575613653
1191.6626695672715,7.2328694865895065
1211.7004232073052,5.531017842686093
1231.7381768473388,6.807406575613653
1251.7759304873723,6.3819436646378
1271.8136841274058,4.680092020734387
1291.8514377674394,5.105554931710239
1311.889191407473,4.254629109758533
1331.9269450475065,5.531017842686093
1351.9646986875402,5.956480753661946
1372.0024523275738,7.65833239756536
1392.0402059676073,5.105554931710239
1412.0779596076409,7.65833239756536
1432.1157132476744,6.3819436646378
1452.153466887708,3.4037032878068265
1472.1912205277415,4.680092020734387
1492.2289741677753,5.956480753661946
1512.2667278078088,6.807406575613653
1532.3044814478424,4.254629109758533
1552.342235087876,5.105554931710239
1572.3799887279094,7.2328694865895065
1592.417742367943,7.65833239756536
1612.4554960079765,5.531017842686093
1632.4932496480103,7.65833239756536
1652.5310032880438,5.105554931710239
1672.5687569280774,5.105554931710239
1692.606510568111,5.531017842686093
1712.6442642081445,7.2328694865895065
1732.682017848178,6.3819436646378
1752.7197714882116,6.3819436646378
1772.7575251282453,7.65833239756536
1792.7952787682789,9.360184041468774
1812.8330324083124,4.254629109758533
1832.870786048346,5.105554931710239
1852.9085396883795,6.3819436646378
1872.946293328413,8.083795308541212
1892.9840469684466,2.5527774658551197
1913.0218006084804,5.956480753661946
1933.059554248514,7.65833239756536
1953.0973078885474,7.65833239756536
1973.135061528581,6.807406575613653
1993.1728151686145,5.105554931710239
2013.210568808648,4.680092020734387
2033.2483224486816,6.807406575613653
2053.286076088715,4.680092020734387
2073.3238297287485,5.531017842686093
2093.3615833687822,3.82916619878268
2113.3993370088156,2.5527774658551197
2133.4370906488493,6.3819436646378
2153.474844288883,5.956480753661946
2173.5125979289164,5.531017842686093
2193.55035156895,2.978240376830973
2213.5881052089835,6.807406575613653
2233.6258588490173,7.2328694865895065
2253.6636124890506,2.978240376830973
2273.7013661290844,5.105554931710239
2293.739119769118,6.3819436646378
2313.7768734091514,4.680092020734387
2333.814627049185,6.3819436646378
2353.8523806892185,5.956480753661946
2373.8901343292523,8.083795308541212
2393.9278879692856,4.254629109758533
2413.9656416093194,4.680092020734387
2434.003395249353,4.680092020734387
2454.0411488893865,4.254629109758533
2474.0789025294202,3.4037032878068265
2494.1166561694536,5.105554931710239
2514.1544098094873,3.4037032878068265
2534.1921634495206,5.956480753661946
2554.2299170895544,3.82916619878268
2574.267670729588,4.254629109758533
2594.3054243696215,3.4037032878068265
2614.3431780096553,2.1273145548792667
2634.3809316496886,6.3819436646378
2654.4186852897224,4.254629109758533
2674.4564389297557,7.65833239756536
2694.4941925697894,4.254629109758533
2714.531946209823,2.5527774658551197
2734.5696998498565,6.807406575613653
2754.6074534898903,5.956480753661946
2774.6452071299236,5.531017842686093
2794.6829607699574,4.680092020734387
2814.7207144099907,5.531017842686093
2834.7584680500245,8.083795308541212
2854.7962216900582,4.254629109758533
2874.8339753300916,5.105554931710239
2894.8717289701253,5.956480753661946
2914.9094826101586,6.3819436646378
2934.9472362501924,3.82916619878268
2954.9849898902257,5.105554931710239
2975.0227435302595,2.5527774658551197
2995.0604971702933,3.4037032878068265
3015.0982508103266,8.509258219517067
3035.1360044503604,4.254629109758533
3055.1737580903937,3.82916619878268
3075.2115117304274,4.680092020734387
3095.2492653704608,5.105554931710239
3115.2870190104945,6.3819436646378
3135.3247726505283,5.105554931710239
3155.3625262905616,6.807406575613653
3175.4002799305954,2.1273145548792667
3195.4380335706287,1.2763887329275598
3215.4757872106625,5.956480753661946
3235.513540850696,8.93472113049292
3255.5512944907296,3.4037032878068265
3275.5890481307633,3.82916619878268
3295.6268017707966,5.105554931710239
3315.6645554108304,8.083795308541212
3335.7023090508637,7.2328694865895065
3355.7400626908975,6.807406575613653
3375.777816330931,4.680092020734387
3395.8155699709646,2.978240376830973
3415.8533236109984,5.531017842686093
3435.8910772510317,6.3819436646378
3455.9288308910654,3.82916619878268
3475.9665845310988,5.531017842686093
3496.0043381711325,5.956480753661946
3516.042091811166,3.4037032878068265
3536.0798454511996,3.4037032878068265
3556.1175990912334,5.531017842686093
3576.1553527312667,5.105554931710239
3596.1931063713005,8.083795308541212
3616.230860011334,3.82916619878268
3636.2686136513676,7.2328694865895065
3656.306367291401,4.254629109758533
3676.3441209314346,2.978240376830973
3696.3818745714684,2.978240376830973
3716.4196282115017,4.254629109758533
3736.4573818515355,2.5527774658551197
3756.495135491569,3.4037032878068265
3776.5328891316026,4.254629109758533
3796.570642771636,3.82916619878268
3816.6083964116697,2.5527774658551197
3836.6461500517034,5.531017842686093
3856.6839036917368,5.956480753661946
3876.7216573317705,6.807406575613653
3896.759410971804,3.4037032878068265
3916.7971646118376,3.82916619878268
3936.834918251871,2.978240376830973
3956.8726718919047,3.4037032878068265
3976.910425531938,2.5527774658551197
3996.948179171972,7.2328694865895065
4016.9859328120056,5.105554931710239
4037.023686452039,3.82916619878268
4057.0614400920726,3.4037032878068265
4077.099193732106,2.5527774658551197
4097.13694737214,4.254629109758533
4117.1747010121735,4.680092020734387
4137.212454652207,4.680092020734387
4157.25020829224,6.807406575613653
4177.287961932274,4.254629109758533
4197.325715572308,4.254629109758533
4217.363469212341,3.4037032878068265
4237.401222852374,4.680092020734387
4257.438976492408,5.105554931710239
4277.476730132442,3.82916619878268
4297.514483772476,4.254629109758533
4317.552237412509,4.254629109758533
4337.589991052542,3.82916619878268
4357.627744692576,6.3819436646378
4377.66549833261,3.4037032878068265
4397.703251972644,5.105554931710239
4417.741005612677,5.956480753661946
4437.77875925271,4.254629109758533
4457.816512892744,2.5527774658551197
4477.854266532778,5.531017842686093
4497.8920201728115,2.978240376830973
4517.929773812844,5.531017842686093
4537.967527452878,2.5527774658551197
4558.005281092912,4.680092020734387
4578.043034732946,2.5527774658551197
4598.080788372979,2.978240376830973
4618.118542013012,2.1273145548792667
4638.156295653046,2.1273145548792667
4658.19404929308,2.1273145548792667
4678.231802933114,2.5527774658551197
4698.269556573147,3.4037032878068265
4718.30731021318,3.4037032878068265
4738.345063853214,1.2763887329275598
4758.382817493248,4.254629109758533
4778.420571133282,1.2763887329275598
4798.458324773314,0.4254629109758533
4818.496078413348,2.1273145548792667
4838.533832053382,2.1273145548792667
4858.571585693416,2.978240376830973
4878.6093393334495,2.1273145548792667
4898.647092973482,1.7018516439034133
4918.684846613516,3.4037032878068265
4938.72260025355,2.978240376830973
4958.760353893584,2.1273145548792667
4978.798107533617,2.5527774658551197
4998.83586117365,1.7018516439034133
5018.873614813684,1.2763887329275598
5038.911368453718,3.82916619878268
5058.949122093752,2.978240376830973
5078.9868757337845,2.1273145548792667
5099.024629373818,3.4037032878068265
5119.062383013852,4.680092020734387
5139.100136653886,1.2763887329275598
5159.13789029392,2.5527774658551197
5179.175643933952,2.978240376830973
5199.213397573986,0.8509258219517066
5219.25115121402,2.1273145548792667
5239.288904854054,2.5527774658551197
5259.326658494087,2.1273145548792667
5279.36441213412,1.7018516439034133
5299.402165774154,3.82916619878268
5319.439919414188,2.5527774658551197
5339.477673054222,2.1273145548792667
5359.5154266942545,3.4037032878068265
5379.553180334288,2.1273145548792667
5399.590933974322,1.2763887329275598
5419.628687614356,2.1273145548792667
5439.66644125439,1.2763887329275598
5459.7041948944225,1.2763887329275598
5479.741948534456,1.2763887329275598
5499.77970217449,2.1273145548792667
5519.817455814524,2.1273145548792667
5539.855209454557,2.5527774658551197
5559.89296309459,3.4037032878068265
5579.930716734624,1.2763887329275598
5599.968470374658,2.1273145548792667
5620.006224014692,0.8509258219517066
5640.043977654725,1.7018516439034133
5660.081731294758,1.7018516439034133
5680.119484934792,2.1273145548792667
5700.157238574826,1.2763887329275598
5720.19499221486,0.0
5740.2327458548925,0.4254629109758533
5760.270499494926,1.7018516439034133
5780.30825313496,0.8509258219517066
5800.346006774994,0.8509258219517066
5820.383760415027,0.8509258219517066
5840.4215140550605,0.8509258219517066
5860.459267695094,2.5527774658551197
5880.497021335128,1.2763887329275598
5900.534774975162,0.4254629109758533
5920.572528615195,1.2763887329275598
5940.610282255228,1.2763887329275598
5960.648035895262,4.254629109758533
5980.685789535296,1.2763887329275598
6000.72354317533,1.7018516439034133
6020.761296815363,0.4254629109758533
6040.799050455396,0.4254629109758533
6060.83680409543,1.2763887329275598
6080.874557735464,0.4254629109758533
6100.912311375497,0.0
6120.9500650155305,1.2763887329275598
6140.987818655564,1.2763887329275598
6161.025572295598,2.5527774658551197
6181.063325935632,1.2763887329275598
6201.101079575665,1.2763887329275598
6221.1388332156985,0.0
6241.176586855732,0.8509258219517066
6261.214340495766,0.4254629109758533
6281.2520941358,0.4254629109758533
6301.289847775833,0.4254629109758533
6321.327601415866,0.0
6341.3653550559,0.8509258219517066
6361.403108695934,0.4254629109758533
6381.440862335967,0.4254629109758533
6401.478615976001,1.2763887329275598
6421.516369616034,1.7018516439034133
6441.554123256068,0.0
6461.591876896102,1.2763887329275598
6481.629630536135,1.2763887329275598
6501.6673841761685,0.0
6521.705137816202,0.0
6541.742891456236,0.8509258219517066
6561.78064509627,1.7018516439034133
6581.818398736303,0.8509258219517066
6601.8561523763365,0.4254629109758533
6621.89390601637,0.4254629109758533
6641.931659656404,0.8509258219517066
6661.969413296437,0.8509258219517066
6682.007166936471,0.0
6702.044920576504,0.8509258219517066
6722.082674216538,0.0
6742.120427856572,1.2763887329275598
6762.158181496605,0.4254629109758533
6782.195935136639,0.4254629109758533
6802.233688776672,0.0
6822.271442416706,0.4254629109758533
6842.30919605674,0.0
6862.346949696773,1.2763887329275598
6882.3847033368065,0.0
6902.42245697684,0.8509258219517066
6922.460210616874,0.8509258219517066
6942.497964256907,0.4254629109758533
6962.535717896941,0.0
6982.5734715369745,0.8509258219517066
7002.611225177008,0.4254629109758533
7022.648978817042,0.8509258219517066
7042.686732457075,0.0
7062.724486097109,0.4254629109758533
7082.762239737142,0.0
7102.799993377176,0.0
7122.83774701721,1.7018516439034133
7142.875500657243,0.0
7162.913254297277,0.8509258219517066
7182.95100793731,0.4254629109758533
7202.988761577344,0.0
7223.026515217377,0.4254629109758533
7243.064268857411,1.2763887329275598
7263.1020224974445,0.4254629109758533
7283.139776137478,0.4254629109758533
7303.177529777512,1.7018516439034133
7323.215283417545,0.8509258219517066
7343.253037057579,0.8509258219517066
7363.2907906976125,0.0
7383.328544337646,0.8509258219517066
7403.36629797768,0.0
7423.404051617713,0.0
7443.441805257747,0.4254629109758533
7463.47955889778,1.2763887329275598
7483.517312537814,0.4254629109758533
7503.555066177847,0.0
7523.592819817881,0.8509258219517066
7543.630573457915,0.8509258219517066
7563.668327097948,0.4254629109758533
7583.706080737982,0.4254629109758533
7603.743834378015,0.4254629109758533
7623.781588018049,0.0
7643.8193416580825,0.0
7663.857095298116,0.0
7683.89484893815,0.8509258219517066
7703.932602578183,0.0
7723.970356218217,1.2763887329275598
7744.0081098582505,0.4254629109758533
7764.045863498284,1.2763887329275598
7784.083617138317,1.2763887329275598
7804.121370778351,0.4254629109758533
7824.159124418385,0.0
7844.196878058418,0.4254629109758533
7864.234631698452,0.4254629109758533
7884.272385338485,0.4254629109758533
7904.310138978519,0.0
7924.347892618553,0.8509258219517066
7944.385646258586,1.2763887329275598
7964.423399898619,1.7018516439034133
7984.461153538653,2.5527774658551197
8004.498907178687,2.1273145548792667
8024.5366608187205,4.680092020734387
8044.574414458754,3.82916619878268
8064.612168098787,5.956480753661946
8084.649921738821,1.2763887329275598
8104.687675378855,1.2763887329275598
8124.7254290188885,1.7018516439034133
8144.763182658922,1.7018516439034133
8164.800936298955,0.0
8184.838689938989,0.0
8204.876443579024,0.4254629109758533
8224.914197219057,0.0
8244.951950859091,0.0
8264.989704499125,0.0
8285.027458139159,0.0
8305.06521177919,1.2763887329275598
8325.102965419224,0.0
8345.140719059258,0.4254629109758533
8365.178472699292,0.8509258219517066
8385.216226339326,0.8509258219517066
8405.25397997936,0.4254629109758533
8425.291733619393,0.8509258219517066
8445.329487259427,0.0
8465.36724089946,1.7018516439034133
8485.404994539493,2.1273145548792667
8505.442748179526,1.2763887329275598
8525.48050181956,2.978240376830973
8545.518255459594,5.531017842686093
8565.556009099628,5.531017842686093
8585.593762739662,8.509258219517067
8605.631516379695,13.189350240251454
8625.669270019729,11.912961507323892
8645.707023659763,12.7638873292756
8665.744777299795,11.912961507323892
8685.782530939829,9.360184041468774
8705.820284579862,6.3819436646378
8725.858038219896,2.5527774658551197
8745.89579185993,5.105554931710239
8765.933545499964,0.8509258219517066
8785.971299139997,1.2763887329275598
8806.009052780031,0.8509258219517066
8826.046806420065,0.4254629109758533
8846.084560060099,0.8509258219517066
8866.12231370013,1.2763887329275598
8886.160067340164,0.8509258219517066
8906.197820980198,0.4254629109758533
8926.235574620232,0.8509258219517066
8946.273328260266,0.4254629109758533
8966.3110819003,0.4254629109758533
8986.348835540333,0.4254629109758533
9006.386589180367,2.1273145548792667
9026.4243428204,0.0
9046.462096460433,0.8509258219517066
9066.499850100467,0.0
9086.5376037405,0.0
9106.575357380534,1.2763887329275598
9126.613111020568,0.0
9146.650864660602,0.0
9166.688618300635,0.0
9186.72637194067,0.0
9206.764125580703,0.8509258219517066
9226.801879220735,0.0
9246.839632860769,0.4254629109758533
9266.877386500802,0.0
9286.915140140836,0.0
9306.95289378087,0.0
9326.990647420904,1.2763887329275598
9347.028401060938,0.4254629109758533
9367.066154700971,1.2763887329275598
9387.103908341005,1.2763887329275598
9407.141661981039,0.0
9427.17941562107,0.8509258219517066
9447.217169261105,0.8509258219517066
9467.254922901138,0.8509258219517066
9487.292676541172,2.5527774658551197
9507.330430181206,1.7018516439034133
9527.36818382124,1.7018516439034133
9547.405937461273,1.2763887329275598
9567.443691101307,2.5527774658551197
9587.481444741341,3.4037032878068265
9607.519198381373,2.5527774658551197
9627.556952021407,2.1273145548792667
9647.59470566144,1.2763887329275598
9667.632459301474,2.5527774658551197
9687.670212941508,1.2763887329275598
9707.707966581542,0.0
9727.745720221576,0.0
9747.78347386161,0.0
9767.821227501643,0.0
9787.858981141675,0.0
9807.896734781709,0.0
9827.934488421743,0.0
9847.972242061776,0.4254629109758533
9868.00999570181,0.0
9888.047749341844,0.4254629109758533
9908.085502981878,0.0
9928.123256621911,0.0
9948.161010261945,0.4254629109758533
9968.198763901979,0.0
9988.236517542011,0.4254629109758533
10008.274271182045,0.4254629109758533
10028.312024822078,0.0
10048.349778462112,0.0
10068.387532102146,0.4254629109758533
10088.42528574218,0.0
10108.463039382214,0.0
10128.500793022247,1.2763887329275598
10148.538546662281,0.0
10168.576300302313,0.0
10188.614053942347,0.4254629109758533
10208.65180758238,0.0
10228.689561222414,0.0
10248.727314862448,0.8509258219517066
10268.765068502482,0.4254629109758533
10288.802822142516,0.0
10308.84057578255,0.0
10328.878329422583,0.0
10348.916083062615,0.0
10368.953836702649,0.0
10388.991590342683,0.0
10409.029343982716,0.0
10429.06709762275,0.0
10449.104851262784,0.0
10469.142604902818,0.0
10489.180358542852,0.0
10509.218112182885,0.0
10529.255865822917,0.0
10549.293619462951,0.4254629109758533
10569.331373102985,0.8509258219517066
10589.369126743019,1.2763887329275598
10609.406880383052,0.0
10629.444634023086,0.0
10649.48238766312,1.2763887329275598
10669.520141303154,0.4254629109758533
10689.557894943187,2.5527774658551197
10709.595648583221,0.4254629109758533
10729.633402223253,3.82916619878268
10749.671155863287,5.531017842686093
10769.70890950332,5.956480753661946
10789.746663143354,7.65833239756536
10809.784416783388,8.083795308541212
10829.822170423422,12.338424418299747
10849.859924063456,10.211109863420479
10869.89767770349,7.65833239756536
10889.935431343523,6.807406575613653
10909.973184983555,5.531017842686093
10930.010938623589,9.360184041468774
10950.048692263623,5.531017842686093
10970.086445903657,0.4254629109758533
10990.12419954369,0.8509258219517066
11010.161953183724,1.2763887329275598
11030.199706823758,0.0
11050.237460463792,0.4254629109758533
11070.275214103825,0.4254629109758533
11090.312967743857,0.4254629109758533
11110.350721383891,0.4254629109758533
11130.388475023925,0.0
11150.426228663959,0.0
11170.463982303992,0.4254629109758533
11190.501735944026,0.0
11210.53948958406,0.0
11230.577243224094,0.0
11250.614996864128,0.4254629109758533
11270.652750504161,0.0
11290.690504144193,0.0
11310.728257784227,0.4254629109758533
11330.76601142426,0.4254629109758533
11350.803765064295,0.0
11370.841518704328,0.0
11390.879272344362,0.4254629109758533
11410.917025984396,0.0
11430.95477962443,0.4254629109758533
11450.992533264463,0.0
11471.030286904495,0.0
11491.06804054453,0.0
11511.105794184563,0.0
11531.143547824597,0.8509258219517066
11551.18130146463,0.4254629109758533
11571.219055104664,0.4254629109758533
11591.256808744698,0.0
11611.294562384732,0.0
11631.332316024766,0.0
11651.370069664797,0.0
11671.407823304831,0.4254629109758533
11691.445576944865,0.8509258219517066
11711.483330584899,0.0
11731.521084224933,0.0
11751.558837864966,0.4254629109758533
11771.596591505,0.0
11791.634345145034,0.0
11811.672098785068,0.4254629109758533
11831.709852425101,0.0
11851.747606065133,0.0
11871.785359705167,0.0
11891.8231133452,0.4254629109758533
11911.860866985235,0.4254629109758533
11931.898620625268,0.4254629109758533
11951.936374265302,0.4254629109758533
11971.974127905336,0.0
11992.01188154537,0.0
12012.049635185404,0.0
12032.087388825435,0.0
12052.12514246547,0.0
12072.162896105503,0.0
12092.200649745537,0.0
12112.23840338557,0.0
12132.276157025604,0.8509258219517066
12152.313910665638,0.0
12172.351664305672,0.0
12192.389417945706,0.4254629109758533
12212.427171585738,0.0
12232.464925225771,0.0
12252.502678865805,0.8509258219517066
12272.540432505839,0.0
12292.578186145873,0.0
12312.615939785906,0.0
12332.65369342594,0.0
12352.691447065974,0.4254629109758533
12372.729200706008,0.4254629109758533
12392.766954346042,0.4254629109758533
12412.804707986073,0.4254629109758533
12432.842461626107,1.2763887329275598
12452.880215266141,1.7018516439034133
12472.917968906175,0.8509258219517066
12492.955722546209,0.8509258219517066
12512.993476186242,0.4254629109758533
12533.031229826276,0.4254629109758533
12553.06898346631,0.8509258219517066
12573.106737106344,1.2763887329275598
12593.144490746376,1.2763887329275598
12613.18224438641,0.4254629109758533
12633.219998026443,0.8509258219517066
12653.257751666477,1.7018516439034133
12673.29550530651,0.8509258219517066
12693.333258946544,1.7018516439034133
12713.371012586578,0.4254629109758533
12733.408766226612,0.0
12753.446519866646,1.2763887329275598
12773.484273506678,1.7018516439034133
12793.522027146711,1.2763887329275598
12813.559780786745,0.0
12833.597534426779,0.4254629109758533
12853.635288066813,2.978240376830973
12873.673041706847,3.82916619878268
12893.71079534688,8.083795308541212
12913.748548986914,3.4037032878068265
12933.786302626948,5.105554931710239
12953.82405626698,6.807406575613653
12973.861809907014,6.807406575613653
12993.899563547047,12.7638873292756
13013.937317187081,11.48749859634804
13033.975070827115,14.040276062203159
13054.012824467149,12.338424418299747
13074.050578107182,8.509258219517067
13094.088331747216,6.3819436646378
13114.12608538725,5.531017842686093
13134.163839027284,6.807406575613653
13154.201592667316,2.5527774658551197
13174.23934630735,3.4037032878068265
13194.277099947383,0.8509258219517066
13214.314853587417,1.2763887329275598
13234.35260722745,1.2763887329275598
13254.390360867485,1.7018516439034133
13274.428114507518,2.1273145548792667
13294.465868147552,1.7018516439034133
13314.503621787586,2.1273145548792667
13334.541375427618,1.7018516439034133
13354.579129067652,0.8509258219517066
13374.616882707685,0.0
13394.65463634772,0.8509258219517066
13414.692389987753,1.2763887329275598
13434.730143627787,0.4254629109758533
13454.76789726782,0.4254629109758533
13474.805650907854,0.4254629109758533
13494.843404547888,0.4254629109758533
13514.88115818792,0.8509258219517066
13534.918911827954,0.4254629109758533
13554.956665467987,0.8509258219517066
13574.994419108021,0.0
13595.032172748055,0.8509258219517066
13615.069926388089,0.0
13635.107680028123,0.0
13655.145433668156,0.4254629109758533
13675.18318730819,0.0
13695.220940948224,0.0
13715.258694588256,0.0
13735.29644822829,0.4254629109758533
13755.334201868323,0.8509258219517066
13775.371955508357,0.0
13795.40970914839,0.8509258219517066
13815.447462788425,0.0
13835.485216428458,0.4254629109758533
13855.522970068492,0.0
13875.560723708526,0.0
13895.598477348558,0.0
13915.636230988592,0.0
13935.673984628625,0.0
13955.71173826866,0.4254629109758533
13975.749491908693,0.4254629109758533
13995.787245548727,0.0
14015.82499918876,0.4254629109758533
14035.862752828794,2.5527774658551197
14055.900506468828,2.5527774658551197
14075.93826010886,0.8509258219517066
14095.976013748894,1.2763887329275598
14116.013767388928,1.2763887329275598
14136.051521028961,0.8509258219517066
14156.089274668995,1.2763887329275598
14176.127028309029,0.0
14196.164781949063,1.2763887329275598
14216.202535589096,0.8509258219517066
14236.24028922913,0.4254629109758533
14256.278042869164,0.8509258219517066
14276.315796509196,0.4254629109758533
14296.35355014923,1.7018516439034133
14316.391303789263,0.0
14336.429057429297,0.4254629109758533
14356.466811069331,0.8509258219517066
14376.504564709365,0.0
14396.542318349399,0.0
14416.580071989432,0.0
14436.617825629466,0.0
14456.655579269498,0.8509258219517066
14476.693332909532,0.0
14496.731086549566,0.0
14516.7688401896,0.4254629109758533
14536.806593829633,0.4254629109758533
14556.844347469667,0.4254629109758533
14576.8821011097,0.0
14596.919854749734,0.4254629109758533
14616.957608389768,0.4254629109758533
14636.9953620298,0.0
14657.033115669834,0.0
14677.070869309868,0.0
14697.108622949901,0.4254629109758533
14717.146376589935,0.0
14737.184130229969,0.0
14757.221883870003,0.0
14777.259637510037,0.4254629109758533
14797.29739115007,0.8509258219517066
14817.335144790104,0.8509258219517066
14837.372898430136,0.0
14857.41065207017,0.4254629109758533
14877.448405710204,0.0
14897.486159350237,0.0
14917.523912990271,0.4254629109758533
14937.561666630305,0.0
14957.599420270339,0.0
14977.637173910372,0.0
14997.674927550406,0.0
15017.712681190438,0.4254629109758533
15037.750434830472,0.4254629109758533
15057.788188470506,0.4254629109758533
15077.82594211054,0.4254629109758533
15097.863695750573,0.4254629109758533
15117.901449390607,0.4254629109758533
15137.93920303064,0.4254629109758533
15157.976956670675,1.7018516439034133
15178.014710310708,1.2763887329275598
15198.05246395074,1.2763887329275598
15218.090217590774,1.2763887329275598
15238.127971230808,4.254629109758533
15258.165724870842,1.7018516439034133
15278.203478510875,3.82916619878268
15298.24123215091,1.7018516439034133
15318.278985790943,2.1273145548792667
15338.316739430977,0.4254629109758533
15358.35449307101,2.5527774658551197
15378.392246711044,0.4254629109758533
15398.430000351076,0.4254629109758533
15418.46775399111,0.4254629109758533
15438.505507631144,0.4254629109758533
15458.543261271177,0.8509258219517066
15478.581014911211,0.8509258219517066
15498.618768551245,0.8509258219517066
15518.656522191279,0.0
15538.694275831313,0.8509258219517066
15558.732029471346,0.4254629109758533
15578.769783111378,0.4254629109758533
15598.807536751412,0.0
15618.845290391446,1.2763887329275598
15638.88304403148,2.5527774658551197
15658.920797671513,3.4037032878068265
15678.958551311547,2.1273145548792667
15698.99630495158,3.4037032878068265
15719.034058591615,2.1273145548792667
15739.071812231648,2.1273145548792667
15759.10956587168,5.531017842686093
15779.147319511714,2.5527774658551197
15799.185073151748,0.8509258219517066
15819.222826791782,1.2763887329275598
15839.260580431815,1.2763887329275598
15859.29833407185,1.2763887329275598
15879.336087711883,0.8509258219517066
15899.373841351917,0.0
15919.41159499195,1.7018516439034133
15939.449348631983,0.4254629109758533
15959.487102272016,0.0
15979.52485591205,0.4254629109758533
15999.562609552084,0.0
16019.600363192118,0.8509258219517066
16039.638116832151,0.4254629109758533
16059.675870472185,0.4254629109758533
16079.713624112219,0.4254629109758533
16099.751377752253,0.4254629109758533
16119.789131392286,0.4254629109758533
16139.826885032318,0.0
16159.864638672352,0.4254629109758533
16179.902392312386,0.4254629109758533
16199.94014595242,0.0
16219.977899592453,0.0
16240.015653232487,0.4254629109758533
16260.053406872521,0.4254629109758533
16280.091160512555,0.8509258219517066
16300.128914152589,0.4254629109758533
16320.16666779262,0.0
16340.204421432654,0.0
16360.242175072688,1.2763887329275598
16380.279928712722,0.0
16400.317682352754,1.2763887329275598
16420.355435992788,0.0
16440.39318963282,0.4254629109758533
16460.430943272855,0.4254629109758533
16480.46869691289,0.0
16500.506450552923,0.0
16520.544204192956,0.8509258219517066
16540.58195783299,0.0
16560.619711473024,0.8509258219517066
16580.657465113058,0.4254629109758533
16600.695218753088,0.4254629109758533
16620.73297239312,0.0
16640.770726033155,0.4254629109758533
16660.80847967319,0.8509258219517066
16680.846233313223,0.4254629109758533
16700.883986953257,0.8509258219517066
16720.92174059329,0.8509258219517066
16740.959494233324,0.8509258219517066
16760.997247873358,0.0
16781.03500151339,0.0
16801.072755153426,0.0
16821.11050879346,0.4254629109758533
16841.148262433493,0.0
16861.186016073527,0.4254629109758533
16881.22376971356,0.0
16901.261523353594,0.0
16921.299276993628,0.4254629109758533
16941.337030633662,0.0
16961.374784273696,0.0
16981.412537913726,0.0
17001.45029155376,0.4254629109758533
17021.488045193793,0.4254629109758533
17041.525798833827,0.0
17061.56355247386,0.0
17081.601306113895,1.2763887329275598
17101.63905975393,0.4254629109758533
17121.676813393962,0.0
17141.714567033996,0.0
17161.75232067403,0.4254629109758533
17181.790074314064,1.2763887329275598
17201.827827954097,1.2763887329275598
17221.86558159413,1.7018516439034133
17241.903335234165,2.1273145548792667
17261.9410888742,2.978240376830973
17281.978842514232,5.105554931710239
17302.016596154266,5.105554931710239
17322.0543497943,7.65833239756536
17342.09210343433,9.785646952444626
17362.129857074364,7.65833239756536
17382.167610714398,14.040276062203159
17402.20536435443,12.7638873292756
17422.243117994465,14.891201884154865
17442.2808716345,11.062035685372186
17462.318625274533,7.65833239756536
17482.356378914566,10.211109863420479
17502.3941325546,14.891201884154865
17522.431886194634,10.636572774396333
17542.469639834668,7.2328694865895065
17562.5073934747,4.680092020734387
17582.545147114735,4.254629109758533
17602.58290075477,3.82916619878268
17622.620654394803,2.5527774658551197
17642.658408034837,2.1273145548792667
17662.69616167487,2.1273145548792667
17682.733915314904,0.4254629109758533
17702.771668954938,0.4254629109758533
17722.809422594968,0.8509258219517066
17742.847176235002,0.0
17762.884929875036,0.4254629109758533
17782.92268351507,1.2763887329275598
17802.960437155103,0.0
17822.998190795137,0.0
17843.03594443517,0.0
17863.073698075204,0.0
17883.11145171524,0.4254629109758533
17903.149205355272,0.0
17923.186958995306,0.0
17943.22471263534,0.0
17963.262466275373,0.4254629109758533
17983.300219915407,0.0
18003.33797355544,1.2763887329275598
18023.375727195475,0.0
18043.41348083551,0.4254629109758533
18063.451234475542,1.2763887329275598
18083.488988115572,0.4254629109758533
18103.526741755606,0.0
18123.56449539564,0.0
18143.602249035674,0.4254629109758533
18163.640002675707,0.0
18183.67775631574,0.0
18203.715509955775,0.0
18223.75326359581,0.0
18243.791017235842,0.0
18263.828770875876,0.0
18283.86652451591,0.0
18303.904278155944,0.0
18323.942031795978,0.4254629109758533
18343.97978543601,0.0
18364.017539076045,0.0
18384.05529271608,0.8509258219517066
18404.093046356113,0.0
18424.130799996146,0.4254629109758533
18444.16855363618,0.0
18464.20630727621,0.0
18484.244060916244,0.0
18504.281814556278,0.0
18524.31956819631,0.0
18544.357321836345,0.0
18564.39507547638,0.0
18584.432829116413,0.4254629109758533
18604.470582756447,0.0
18624.50833639648,0.0
18644.546090036514,0.4254629109758533
18664.583843676548,1.2763887329275598
18684.62159731658,0.0
18704.659350956616,0.4254629109758533
18724.69710459665,0.0
18744.734858236683,0.4254629109758533
18764.772611876717,0.4254629109758533
18784.81036551675,0.0
18804.848119156784,0.0
18824.885872796818,0.0
18844.92362643685,0.4254629109758533
18864.961380076882,0.0
18884.999133716916,0.4254629109758533
18905.03688735695,0.0
18925.074640996983,0.0
18945.112394637017,0.0
18965.15014827705,0.8509258219517066
18985.187901917085,0.4254629109758533
19005.22565555712,0.0
19025.263409197152,0.0
19045.301162837186,0.0
19065.33891647722,0.4254629109758533
19085.376670117254,0.4254629109758533
19105.414423757287,0.0
19125.45217739732,0.4254629109758533
19145.489931037355,0.0
19165.52768467739,0.0
19185.565438317422,0.0
19205.603191957453,0.0
19225.640945597486,0.0
19245.67869923752,0.0
19265.716452877554,0.4254629109758533
19285.754206517588,0.0
19305.79196015762,0.8509258219517066
19325.829713797655,0.0
19345.86746743769,0.0
19365.905221077723,0.0
19385.942974717756,0.4254629109758533
19405.98072835779,0.4254629109758533
19426.018481997824,0.4254629109758533
19446.056235637858,0.8509258219517066
19466.09398927789,0.8509258219517066
19486.131742917925,0.4254629109758533
19506.16949655796,1.2763887329275598
19526.207250197993,1.2763887329275598
19546.245003838027,3.82916619878268
19566.28275747806,1.2763887329275598
19586.32051111809,3.82916619878268
19606.358264758124,2.978240376830973
19626.396018398158,2.1273145548792667
19646.43377203819,1.7018516439034133
19666.471525678226,1.2763887329275598
19686.50927931826,1.2763887329275598
19706.547032958293,0.8509258219517066
19726.584786598327,0.8509258219517066
19746.62254023836,0.8509258219517066
19766.660293878394,1.2763887329275598
19786.69804751843,0.0
19806.735801158462,0.0
19826.773554798496,0.0
19846.81130843853,0.0
19866.849062078563,0.0
19886.886815718597,0.0
19906.92456935863,0.4254629109758533
19926.962322998665,0.8509258219517066
19947.0000766387,0.0
19967.03783027873,0.0
19987.075583918762,0.0
20007.113337558796,0.4254629109758533
20027.15109119883,0.4254629109758533
20047.188844838864,0.0
20067.226598478897,1.2763887329275598
20087.26435211893,0.0
20107.302105758965,0.8509258219517066
20127.339859399,0.0
20147.377613039032,0.0
20167.415366679066,0.8509258219517066
20187.4531203191,0.4254629109758533
20207.490873959134,0.0
20227.528627599168,0.0
20247.5663812392,0.4254629109758533
20267.604134879235,0.4254629109758533
20287.64188851927,0.4254629109758533
20307.679642159303,0.4254629109758533
20327.717395799333,0.0
20347.755149439367,0.0
20367.7929030794,0.0
20387.830656719434,0.8509258219517066
20407.868410359468,0.4254629109758533
20427.9061639995,0.0
20447.943917639535,0.0
20467.98167127957,0.0
20488.019424919603,0.8509258219517066
20508.057178559637,0.4254629109758533
20528.09493219967,0.8509258219517066
20548.132685839704,0.4254629109758533
20568.170439479738,0.0
20588.20819311977,0.4254629109758533
20608.245946759806,0.8509258219517066
20628.28370039984,0.0
20648.321454039873,0.0
20668.359207679907,0.8509258219517066
20688.39696131994,0.4254629109758533
20708.43471495997,0.8509258219517066
20728.472468600005,0.8509258219517066
20748.51022224004,0.4254629109758533
20768.547975880072,0.4254629109758533
20788.585729520106,0.4254629109758533
20808.62348316014,0.4254629109758533
20828.661236800173,0.0
20848.698990440207,0.4254629109758533
20868.73674408024,0.0
20888.774497720275,0.0
20908.81225136031,0.4254629109758533
20928.850005000342,0.8509258219517066
20948.887758640376,0.0
20968.92551228041,0.8509258219517066
20988.963265920444,0.0
21009.001019560477,0.0
21029.03877320051,0.4254629109758533
21049.076526840545,0.0
21069.114280480575,0.4254629109758533
21089.15203412061,0.0
21109.189787760643,0.4254629109758533
21129.227541400676,0.0
21149.26529504071,0.4254629109758533
21169.303048680744,0.4254629109758533
21189.340802320778,0.0
21209.37855596081,0.0
21229.416309600845,0.4254629109758533
21249.45406324088,0.0
21269.491816880913,0.4254629109758533
21289.529570520946,0.0
21309.56732416098,0.0
21329.605077801014,0.0
21349.642831441048,0.4254629109758533
21369.68058508108,0.8509258219517066
21389.718338721115,0.8509258219517066
21409.75609236115,0.8509258219517066
21429.793846001183,0.4254629109758533
21449.831599641213,0.8509258219517066
21469.869353281247,0.4254629109758533
21489.90710692128,0.4254629109758533
21509.944860561314,0.0
21529.982614201348,0.0
21550.02036784138,0.0
21570.058121481416,0.8509258219517066
21590.09587512145,1.2763887329275598
21610.133628761483,0.8509258219517066
21630.171382401517,0.8509258219517066
21650.20913604155,0.8509258219517066
21670.246889681584,1.2763887329275598
21690.28464332162,0.0
21710.322396961652,0.4254629109758533
21730.360150601686,0.8509258219517066
21750.39790424172,0.0
21770.435657881753,1.7018516439034133
21790.473411521787,0.8509258219517066
21810.51116516182,0.4254629109758533
21830.54891880185,0.0
21850.586672441885,0.4254629109758533
21870.62442608192,0.0
21890.662179721952,0.4254629109758533
21910.699933361986,0.0
21930.73768700202,0.4254629109758533
21950.775440642054,0.4254629109758533
21970.813194282087,0.0
21990.85094792212,0.8509258219517066
22010.888701562155,0.8509258219517066
22030.92645520219,0.4254629109758533
22050.964208842222,1.7018516439034133
22071.001962482256,1.7018516439034133
22091.03971612229,0.0
22111.077469762324,0.0
22131.115223402358,0.8509258219517066
22151.15297704239,0.4254629109758533
22171.190730682425,0.4254629109758533
22191.228484322455,0.4254629109758533
22211.26623796249,0.8509258219517066
22231.303991602523,0.0
22251.341745242556,0.4254629109758533
22271.37949888259,0.4254629109758533
22291.417252522624,0.8509258219517066
22311.455006162658,1.2763887329275598
22331.49275980269,1.2763887329275598
22351.530513442725,0.0
22371.56826708276,0.8509258219517066
22391.606020722793,0.0
22411.643774362827,0.0
22431.68152800286,0.0
22451.719281642894,0.0
22471.757035282928,1.2763887329275598
22491.79478892296,0.4254629109758533
22511.832542562996,0.4254629109758533
22531.87029620303,2.5527774658551197
22551.908049843063,0.4254629109758533
22571.945803483093,0.4254629109758533
22591.983557123127,1.2763887329275598
22612.02131076316,0.4254629109758533
22632.059064403194,0.4254629109758533
22652.09681804323,0.0
22672.134571683262,0.4254629109758533
22692.172325323296,0.8509258219517066
22712.21007896333,1.2763887329275598
22732.247832603363,1.2763887329275598
22752.285586243397,0.8509258219517066
22772.32333988343,0.8509258219517066
22792.361093523465,0.0
22812.3988471635,0.4254629109758533
22832.436600803532,1.7018516439034133
22852.474354443566,0.8509258219517066
22872.5121080836,0.8509258219517066
22892.549861723634,0.4254629109758533
22912.587615363667,1.2763887329275598
22932.6253690037,0.8509258219517066
22952.66312264373,0.4254629109758533
22972.700876283765,1.7018516439034133
22992.7386299238,0.8509258219517066
23012.776383563832,0.0
23032.814137203866,1.2763887329275598
23052.8518908439,0.8509258219517066
23072.889644483934,0.0
23092.927398123968,0.8509258219517066
23112.965151764,0.8509258219517066
23133.002905404035,1.2763887329275598
23153.04065904407,0.4254629109758533
23173.078412684103,0.0
23193.116166324136,0.0
23213.15391996417,1.2763887329275598
23233.191673604204,0.8509258219517066
23253.229427244238,0.8509258219517066
23273.26718088427,0.4254629109758533
23293.304934524305,1.2763887329275598
23313.342688164335,0.8509258219517066
23333.38044180437,1.2763887329275598
23353.418195444403,0.4254629109758533
23373.455949084437,0.8509258219517066
23393.49370272447,0.0
23413.531456364504,0.4254629109758533
23433.569210004538,1.2763887329275598
23453.60696364457,2.1273145548792667
23473.644717284606,1.7018516439034133
23493.68247092464,1.7018516439034133
23513.720224564673,0.4254629109758533
23533.757978204707,1.2763887329275598
23553.79573184474,0.0
23573.833485484774,0.4254629109758533
23593.87123912481,1.2763887329275598
23613.908992764842,0.8509258219517066
23633.946746404876,0.4254629109758533
23653.98450004491,0.8509258219517066
23674.022253684943,0.0
23694.060007324973,0.8509258219517066
23714.097760965007,0.8509258219517066
23734.13551460504,1.2763887329275598
23754.173268245075,1.2763887329275598
23774.21102188511,1.2763887329275598
23794.248775525142,0.8509258219517066
23814.286529165176,1.7018516439034133
23834.32428280521,1.7018516439034133
23854.362036445244,1.7018516439034133
23874.399790085277,0.4254629109758533
23894.43754372531,1.7018516439034133
23914.475297365345,0.4254629109758533
23934.51305100538,1.7018516439034133
23954.550804645412,1.7018516439034133
23974.588558285446,1.2763887329275598
23994.62631192548,1.2763887329275598
24014.664065565514,1.7018516439034133
24034.701819205548,1.2763887329275598
24054.739572845578,0.8509258219517066
24074.77732648561,0.4254629109758533
24094.815080125645,1.7018516439034133
24114.85283376568,2.978240376830973
24134.890587405713,2.978240376830973
24154.928341045746,2.1273145548792667
24174.96609468578,2.5527774658551197
24195.003848325814,0.8509258219517066
24215.041601965848,2.1273145548792667
24235.07935560588,2.1273145548792667
24255.117109245915,1.2763887329275598
24275.15486288595,0.4254629109758533
24295.192616525983,0.4254629109758533
24315.230370166017,0.4254629109758533
24335.26812380605,0.8509258219517066
24355.305877446084,1.7018516439034133
24375.343631086118,2.5527774658551197
24395.38138472615,2.1273145548792667
24415.419138366186,2.1273145548792667
24435.456892006216,0.4254629109758533
24455.49464564625,0.4254629109758533
24475.532399286283,1.2763887329275598
24495.570152926317,0.4254629109758533
24515.60790656635,0.8509258219517066
24535.645660206384,2.5527774658551197
24555.68341384642,1.7018516439034133
24575.721167486452,1.2763887329275598
24595.758921126486,1.7018516439034133
24615.79667476652,1.2763887329275598
24635.834428406553,0.8509258219517066
24655.872182046587,1.2763887329275598
24675.90993568662,1.7018516439034133
24695.947689326655,0.4254629109758533
24715.98544296669,3.4037032878068265
24736.023196606722,0.8509258219517066
24756.060950246756,2.1273145548792667
24776.09870388679,0.8509258219517066
24796.136457526824,2.978240376830973
24816.174211166854,2.1273145548792667
24836.211964806887,1.2763887329275598
24856.24971844692,3.4037032878068265
24876.287472086955,5.105554931710239
24896.32522572699,2.1273145548792667
24916.362979367022,3.4037032878068265
24936.400733007056,4.680092020734387
24956.43848664709,2.5527774658551197
24976.476240287124,1.7018516439034133
24996.513993927158,5.105554931710239
25016.55174756719,2.5527774658551197
25036.589501207225,2.5527774658551197
25056.62725484726,2.5527774658551197
25076.665008487293,5.531017842686093
25096.702762127326,6.3819436646378
25116.74051576736,1.2763887329275598
25136.778269407394,4.254629109758533
25156.816023047428,0.8509258219517066
25176.853776687458,5.105554931710239
25196.89153032749,5.105554931710239
25216.929283967525,4.254629109758533
25236.96703760756,5.531017842686093
25257.004791247593,4.254629109758533
25277.042544887627,2.1273145548792667
25297.08029852766,5.956480753661946
25317.118052167694,7.2328694865895065
25337.155805807728,5.105554931710239
25357.19355944776,3.4037032878068265
25377.231313087796,2.978240376830973
25397.26906672783,2.1273145548792667
25417.306820367863,0.8509258219517066
25437.344574007897,2.1273145548792667
25457.38232764793,4.680092020734387
25477.420081287964,3.4037032878068265
25497.457834928,2.1273145548792667
25517.495588568032,2.1273145548792667
25537.533342208066,2.1273145548792667
25557.571095848096,2.5527774658551197
25577.60884948813,2.1273145548792667
25597.646603128163,2.5527774658551197
25617.684356768197,0.4254629109758533
25637.72211040823,3.4037032878068265
25657.759864048265,1.2763887329275598
25677.7976176883,2.5527774658551197
25697.835371328332,1.7018516439034133
25717.873124968366,1.2763887329275598
25737.9108786084,2.978240376830973
25757.948632248434,2.5527774658551197
25777.986385888467,2.978240376830973
25798.0241395285,3.4037032878068265
25818.061893168535,1.2763887329275598
25838.09964680857,4.680092020734387
25858.137400448602,1.2763887329275598
25878.175154088636,3.4037032878068265
25898.21290772867,0.8509258219517066
25918.2506613687,2.5527774658551197
25938.288415008734,2.978240376830973
25958.326168648768,2.1273145548792667
25978.3639222888,2.978240376830973
25998.401675928835,2.978240376830973
26018.43942956887,1.2763887329275598
26038.477183208903,3.82916619878268
26058.514936848936,3.4037032878068265
26078.55269048897,5.531017842686093
26098.590444129004,2.978240376830973
26118.628197769038,1.7018516439034133
26138.66595140907,4.680092020734387
26158.703705049105,5.105554931710239
26178.74145868914,2.5527774658551197
26198.779212329173,2.5527774658551197
26218.816965969207,3.82916619878268
26238.85471960924,3.82916619878268
26258.892473249274,5.531017842686093
26278.930226889308,2.5527774658551197
26298.967980529338,5.105554931710239
26319.005734169372,4.254629109758533
26339.043487809406,5.105554931710239
26359.08124144944,4.680092020734387
26379.118995089473,2.978240376830973
26399.156748729507,4.680092020734387
26419.19450236954,2.978240376830973
26439.232256009574,2.978240376830973
26459.27000964961,1.7018516439034133
26479.307763289642,3.82916619878268
26499.345516929676,2.1273145548792667
26519.38327056971,2.1273145548792667
26539.421024209743,3.82916619878268
26559.458777849777,4.680092020734387
26579.49653148981,4.254629109758533
26599.534285129845,5.531017842686093
26619.57203876988,2.5527774658551197
26639.609792409912,2.5527774658551197
26659.647546049946,5.956480753661946
26679.685299689976,3.82916619878268
26699.72305333001,5.531017842686093
26719.760806970044,3.4037032878068265
26739.798560610077,6.807406575613653
26759.83631425011,4.680092020734387
26779.874067890145,3.4037032878068265
26799.91182153018,4.254629109758533
26819.949575170212,2.1273145548792667
26839.987328810246,3.4037032878068265
26860.02508245028,2.5527774658551197
26880.062836090314,4.680092020734387
26900.100589730348,2.5527774658551197
26920.13834337038,2.1273145548792667
26940.176097010415,3.82916619878268
26960.21385065045,3.82916619878268
26980.251604290483,2.5527774658551197
27000.289357930516,4.254629109758533
27020.32711157055,4.680092020734387
27040.36486521058,3.82916619878268
27060.402618850614,5.531017842686093
27080.440372490648,4.680092020734387
27100.47812613068,2.978240376830973
27120.515879770715,2.5527774658551197
27140.55363341075,4.254629109758533
27160.591387050783,3.4037032878068265
27180.629140690817,1.2763887329275598
27200.66689433085,6.3819436646378
27220.704647970884,4.680092020734387
27240.742401610918,2.5527774658551197
27260.78015525095,3.82916619878268
27280.817908890986,2.5527774658551197
27300.85566253102,1.2763887329275598
27320.893416171053,5.531017842686093
27340.931169811087,4.254629109758533
27360.96892345112,7.2328694865895065
27381.006677091154,3.4037032878068265
27401.04443073119,4.254629109758533
27421.08218437122,5.531017842686093
27441.119938011252,3.82916619878268
27461.157691651286,3.82916619878268
27481.19544529132,4.680092020734387
27501.233198931353,2.5527774658551197
27521.270952571387,4.254629109758533
27541.30870621142,5.531017842686093
27561.346459851455,2.978240376830973
27581.38421349149,4.254629109758533
27601.421967131522,5.531017842686093
27621.459720771556,6.3819436646378
27641.49747441159,5.105554931710239
27661.535228051624,3.4037032878068265
27681.572981691657,3.4037032878068265
27701.61073533169,6.807406575613653
27721.648488971725,5.105554931710239
27741.68624261176,5.956480753661946
27761.723996251792,5.105554931710239
27781.761749891826,5.531017842686093
27801.799503531856,4.680092020734387
27821.83725717189,3.4037032878068265
27841.875010811924,2.5527774658551197
27861.912764451958,3.4037032878068265
27881.95051809199,5.105554931710239
27901.988271732025,2.978240376830973
27922.02602537206,6.807406575613653
27942.063779012093,4.254629109758533
27962.101532652126,2.978240376830973
27982.13928629216,4.254629109758533
28002.177039932194,4.254629109758533
28022.214793572228,3.82916619878268
28042.25254721226,4.680092020734387
28062.290300852295,6.807406575613653
28082.32805449233,5.531017842686093
28102.365808132363,6.807406575613653
28122.403561772397,6.3819436646378
28142.44131541243,8.509258219517067
28162.47906905246,3.4037032878068265
28182.516822692494,5.105554931710239
28202.554576332528,4.680092020734387
28222.592329972562,5.105554931710239
28242.630083612596,3.82916619878268
28262.66783725263,5.531017842686093
28282.705590892663,7.2328694865895065
28302.743344532697,4.680092020734387
28322.78109817273,3.4037032878068265
28342.818851812764,3.4037032878068265
28362.8566054528,4.680092020734387
28382.894359092832,5.105554931710239
28402.932112732866,3.4037032878068265
28422.9698663729,5.956480753661946
28443.007620012933,7.65833239756536
28463.045373652967,5.531017842686093
28483.083127293,5.105554931710239
28503.120880933035,5.531017842686093
28523.15863457307,5.105554931710239
28543.1963882131,3.82916619878268
28563.234141853132,4.254629109758533
28583.271895493166,5.105554931710239
28603.3096491332,5.105554931710239
28623.347402773234,3.4037032878068265
28643.385156413267,5.105554931710239
28663.4229100533,2.978240376830973
28683.460663693335,2.1273145548792667
28703.49841733337,6.807406575613653
28723.536170973402,5.956480753661946
28743.573924613436,5.105554931710239
28763.61167825347,5.956480753661946
28783.649431893504,3.4037032878068265
28803.687185533538,6.807406575613653
28823.72493917357,5.956480753661946
28843.762692813605,8.509258219517067
28863.80044645364,3.82916619878268
28883.838200093673,4.680092020734387
28903.875953733703,5.531017842686093
28923.913707373737,4.680092020734387
28943.95146101377,4.680092020734387
28963.989214653804,4.680092020734387
28984.026968293838,9.785646952444626
29004.06472193387,6.3819436646378
29024.102475573905,3.82916619878268
29044.14022921394,5.105554931710239
29064.177982853973,5.105554931710239
29084.215736494007,5.531017842686093
29104.25349013404,6.807406575613653
29124.291243774074,6.807406575613653
29144.328997414108,6.807406575613653
29164.36675105414,4.680092020734387
29184.404504694176,2.5527774658551197
29204.44225833421,5.105554931710239
29224.480011974243,5.105554931710239
29244.517765614277,3.4037032878068265
29264.55551925431,6.807406575613653
29284.59327289434,6.3819436646378
29304.631026534375,8.083795308541212
29324.66878017441,6.3819436646378
29344.706533814442,6.3819436646378
29364.744287454476,4.680092020734387
29384.78204109451,5.531017842686093
29404.819794734543,4.254629109758533
29424.857548374577,3.4037032878068265
29444.89530201461,5.956480753661946
29464.933055654645,7.2328694865895065
29484.97080929468,6.807406575613653
29505.008562934712,5.956480753661946
29525.046316574746,7.65833239756536
29545.08407021478,5.956480753661946
29565.121823854814,6.807406575613653
29585.159577494847,5.531017842686093
29605.19733113488,4.254629109758533
29625.235084774915,5.956480753661946
29645.27283841495,6.3819436646378
29665.31059205498,4.680092020734387
29685.348345695013,6.807406575613653
29705.386099335046,5.531017842686093
29725.42385297508,4.680092020734387
29745.461606615114,6.807406575613653
29765.499360255148,4.680092020734387
29785.53711389518,5.956480753661946
29805.574867535215,5.105554931710239
29825.61262117525,5.956480753661946
29845.650374815283,6.807406575613653
29865.688128455316,5.105554931710239
29885.72588209535,8.083795308541212
29905.763635735384,8.509258219517067
29925.801389375418,5.105554931710239
29945.83914301545,7.2328694865895065
29965.876896655485,9.360184041468774
29985.91465029552,4.254629109758533
30005.952403935553,8.083795308541212
30025.990157575583,8.509258219517067
30046.027911215617,4.254629109758533
30066.06566485565,7.65833239756536
30086.103418495684,4.680092020734387
30106.141172135718,4.254629109758533
30126.178925775752,6.807406575613653
30146.216679415786,4.680092020734387
30166.25443305582,8.083795308541212
30186.292186695853,6.807406575613653
30206.329940335887,6.807406575613653
30226.36769397592,5.105554931710239
30246.405447615954,8.083795308541212
30266.44320125599,8.93472113049292
30286.480954896022,5.105554931710239
30306.518708536056,7.65833239756536
30326.55646217609,5.956480753661946
30346.594215816123,6.807406575613653
30366.631969456157,6.807406575613653
30386.66972309619,4.680092020734387
30406.70747673622,4.680092020734387
30426.745230376255,7.2328694865895065
30446.78298401629,8.509258219517067
30466.820737656322,5.531017842686093
30486.858491296356,6.807406575613653
30506.89624493639,4.680092020734387
30526.933998576424,7.65833239756536
30546.971752216457,3.4037032878068265
30567.00950585649,8.93472113049292
30587.047259496525,7.2328694865895065
30607.08501313656,3.82916619878268
30627.122766776592,5.531017842686093
30647.160520416626,5.105554931710239
30667.19827405666,7.2328694865895065
30687.236027696694,4.680092020734387
30707.273781336728,6.807406575613653
30727.31153497676,5.956480753661946
30747.349288616795,5.956480753661946
30767.38704225683,8.93472113049292
30787.42479589686,7.65833239756536
30807.462549536893,8.509258219517067
30827.500303176927,5.531017842686093
30847.53805681696,5.105554931710239
30867.575810456994,6.3819436646378
30887.613564097028,5.105554931710239
30907.65131773706,8.93472113049292
30927.689071377095,7.65833239756536
30947.72682501713,8.509258219517067
30967.764578657163,7.65833239756536
30987.802332297197,8.509258219517067
31007.84008593723,5.531017842686093
31027.877839577264,6.3819436646378
31047.915593217298,6.807406575613653
31067.95334685733,6.3819436646378
31087.991100497366,9.360184041468774
31108.0288541374,7.2328694865895065
31128.066607777433,10.211109863420479
31148.104361417463,9.360184041468774
31168.142115057497,8.509258219517067
31188.17986869753,8.93472113049292
31208.217622337565,8.083795308541212
31228.2553759776,10.211109863420479
31248.293129617632,9.785646952444626
31268.330883257666,5.956480753661946
31288.3686368977,6.3819436646378
31308.406390537733,3.4037032878068265
31328.444144177767,7.65833239756536
31348.4818978178,8.93472113049292
31368.519651457835,7.2328694865895065
31388.55740509787,6.3819436646378
31408.595158737902,9.360184041468774
31428.632912377936,6.807406575613653
31448.67066601797,7.65833239756536
31468.708419658004,5.956480753661946
31488.746173298037,6.807406575613653
31508.78392693807,5.105554931710239
31528.8216805781,10.636572774396333
31548.859434218135,7.65833239756536
31568.89718785817,5.956480753661946
31588.934941498203,11.062035685372186
31608.972695138236,5.531017842686093
31629.01044877827,7.65833239756536
31649.048202418304,8.083795308541212
31669.085956058338,5.956480753661946
31689.12370969837,11.062035685372186
31709.161463338405,4.680092020734387
31729.19921697844,8.93472113049292
31749.236970618473,5.105554931710239
31769.274724258506,8.509258219517067
31789.31247789854,12.338424418299747
31809.350231538574,5.956480753661946
31829.387985178608,6.807406575613653
31849.42573881864,8.509258219517067
31869.463492458675,6.807406575613653
31889.501246098705,8.083795308541212
31909.53899973874,9.360184041468774
31929.576753378773,9.785646952444626
31949.614507018807,10.211109863420479
31969.65226065884,6.3819436646378
31989.690014298874,8.509258219517067
32009.727767938908,7.2328694865895065
32029.765521578942,7.2328694865895065
32049.803275218976,7.65833239756536
32069.84102885901,8.509258219517067
32089.878782499043,10.211109863420479
32109.916536139077,7.2328694865895065
32129.95428977911,12.7638873292756
32149.992043419144,7.65833239756536
32170.02979705918,8.509258219517067
32190.067550699212,12.338424418299747
32210.105304339246,5.956480753661946
32230.14305797928,5.956480753661946
32250.180811619313,8.083795308541212
32270.218565259343,11.062035685372186
32290.256318899377,8.083795308541212
32310.29407253941,13.614813151227306
32330.331826179445,11.062035685372186
32350.36957981948,7.2328694865895065
32370.407333459512,8.083795308541212
32390.445087099546,13.614813151227306
32410.48284073958,10.211109863420479
32430.520594379614,6.807406575613653
32450.558348019647,6.807406575613653
32470.59610165968,10.636572774396333
32490.633855299715,7.65833239756536
32510.67160893975,7.2328694865895065
32530.709362579782,9.785646952444626
32550.747116219816,6.807406575613653
32570.78486985985,10.211109863420479
32590.822623499884,8.509258219517067
32610.860377139918,8.93472113049292
32630.89813077995,9.360184041468774
32650.93588441998,8.083795308541212
32670.973638060015,10.211109863420479
32691.01139170005,5.956480753661946
32711.049145340083,8.083795308541212
32731.086898980117,13.614813151227306
32751.12465262015,9.360184041468774
32771.162406260184,9.785646952444626
32791.20015990022,8.509258219517067
32811.23791354025,8.509258219517067
32831.275667180285,8.083795308541212
32851.31342082032,5.531017842686093
32871.35117446035,9.360184041468774
32891.38892810039,9.785646952444626
32911.42668174042,9.360184041468774
32931.464435380454,11.912961507323892
32951.50218902049,7.65833239756536
32971.53994266052,7.2328694865895065
32991.577696300556,8.509258219517067
33011.61544994059,7.65833239756536
33031.65320358062,8.083795308541212
33051.69095722066,10.211109863420479
33071.72871086069,5.956480753661946
33091.766464500724,9.360184041468774
33111.80421814076,7.65833239756536
33131.84197178079,6.807406575613653
33151.879725420826,8.083795308541212
33171.91747906086,8.083795308541212
33191.95523270089,6.807406575613653
33211.99298634092,9.360184041468774
33232.03073998095,8.083795308541212
33252.06849362099,10.636572774396333
33272.10624726102,7.2328694865895065
33292.144000901055,10.211109863420479
33312.18175454109,9.785646952444626
33332.21950818112,15.31666479513072
33352.257261821156,11.062035685372186
33372.29501546119,6.807406575613653
33392.332769101224,7.65833239756536
33412.37052274126,11.912961507323892
33432.40827638129,8.509258219517067
33452.446030021325,7.65833239756536
33472.48378366136,8.083795308541212
33492.52153730139,9.785646952444626
33512.559290941426,7.65833239756536
33532.59704458146,11.062035685372186
33552.634798221494,9.785646952444626
33572.67255186153,6.3819436646378
33592.71030550156,11.062035685372186
33612.748059141595,12.338424418299747
33632.78581278163,12.338424418299747
33652.82356642166,8.93472113049292
33672.8613200617,10.211109863420479
33692.89907370173,5.105554931710239
33712.936827341764,8.083795308541212
33732.9745809818,5.531017842686093
33753.01233462183,8.93472113049292
33773.050088261865,14.040276062203159
33793.0878419019,9.785646952444626
33813.12559554193,10.636572774396333
33833.16334918197,8.509258219517067
33853.201102822,9.785646952444626
33873.238856462034,10.211109863420479
33893.27661010207,11.48749859634804
33913.3143637421,11.48749859634804
33933.352117382135,8.509258219517067
33953.38987102216,6.807406575613653
33973.427624662196,8.083795308541212
33993.46537830223,9.785646952444626
34013.50313194226,6.807406575613653
34033.5408855823,7.65833239756536
34053.57863922233,9.785646952444626
34073.616392862365,8.93472113049292
34093.6541465024,4.254629109758533
34113.69190014243,8.93472113049292
34133.729653782466,8.083795308541212
34153.7674074225,8.93472113049292
34173.80516106253,6.807406575613653
34193.84291470257,6.3819436646378
34213.8806683426,8.083795308541212
34233.918421982635,8.083795308541212
34253.95617562267,11.062035685372186
34273.9939292627,12.7638873292756
34294.031682902736,11.062035685372186
34314.06943654277,9.360184041468774
34334.1071901828,8.93472113049292
34354.14494382284,8.93472113049292
34374.18269746287,9.360184041468774
34394.220451102905,9.785646952444626
34414.25820474294,11.062035685372186
34434.29595838297,9.785646952444626
34454.333712023006,7.2328694865895065
34474.37146566304,8.509258219517067
34494.409219303074,5.531017842686093
34514.44697294311,8.93472113049292
34534.48472658314,8.93472113049292
34554.522480223175,11.062035685372186
34574.56023386321,9.785646952444626
34594.59798750324,7.65833239756536
34614.63574114328,8.93472113049292
34634.67349478331,11.062035685372186
34654.711248423344,6.3819436646378
34674.74900206338,10.636572774396333
34694.786755703404,8.93472113049292
34714.82450934344,6.807406575613653
34734.86226298347,8.509258219517067
34754.900016623506,8.083795308541212
34774.93777026354,10.636572774396333
34794.97552390357,8.509258219517067
34815.01327754361,7.65833239756536
34835.05103118364,8.93472113049292
34855.088784823674,7.2328694865895065
34875.12653846371,5.956480753661946
34895.16429210374,5.531017842686093
34915.202045743776,8.93472113049292
34935.23979938381,8.083795308541212
34955.27755302384,12.7638873292756
34975.31530666388,5.531017842686093
34995.35306030391,11.062035685372186
35015.390813943945,7.65833239756536
35035.42856758398,3.4037032878068265
35055.46632122401,11.912961507323892
35075.504074864046,8.509258219517067
35095.54182850408,7.2328694865895065
35115.57958214411,6.807406575613653
35135.61733578415,10.211109863420479
35155.65508942418,8.083795308541212
35175.692843064215,8.083795308541212
35195.73059670425,10.636572774396333
35215.76835034428,7.65833239756536
35235.806103984316,7.2328694865895065
35255.84385762435,5.531017842686093
35275.88161126438,7.2328694865895065
35295.91936490442,9.785646952444626
35315.95711854445,7.2328694865895065
35335.994872184485,7.65833239756536
35356.03262582452,5.531017842686093
35376.07037946455,7.65833239756536
35396.108133104586,13.614813151227306
35416.14588674462,9.360184041468774
35436.18364038465,6.807406575613653
35456.22139402468,10.211109863420479
35476.259147664714,7.65833239756536
35496.29690130475,8.509258219517067
35516.33465494478,9.785646952444626
35536.372408584815,8.509258219517067
35556.41016222485,8.509258219517067
35576.44791586488,6.807406575613653
35596.48566950492,10.636572774396333
35616.52342314495,7.65833239756536
35636.561176784984,8.083795308541212
35656.59893042502,7.65833239756536
35676.63668406505,5.105554931710239
35696.674437705085,5.956480753661946
35716.71219134512,8.93472113049292
35736.74994498515,9.785646952444626
35756.78769862519,8.083795308541212
35776.82545226522,8.509258219517067
35796.863205905254,7.65833239756536
35816.90095954529,7.2328694865895065
35836.93871318532,7.65833239756536
35856.976466825356,5.956480753661946
35877.01422046539,9.785646952444626
35897.05197410542,10.211109863420479
35917.08972774546,8.93472113049292
35937.12748138549,7.65833239756536
35957.165235025524,10.211109863420479
35977.20298866556,10.636572774396333
35997.24074230559,8.509258219517067
36017.278495945626,6.807406575613653
36037.31624958566,5.956480753661946
36057.35400322569,10.636572774396333
36077.39175686573,8.93472113049292
36097.42951050576,11.062035685372186
36117.467264145795,10.636572774396333
36137.50501778583,8.93472113049292
36157.54277142586,8.083795308541212
36177.58052506589,9.360184041468774
36197.61827870592,5.531017842686093
36217.656032345956,9.785646952444626
36237.69378598599,8.083795308541212
36257.731539626024,9.785646952444626
36277.76929326606,8.93472113049292
36297.80704690609,9.360184041468774
36317.844800546125,10.211109863420479
36337.88255418616,6.3819436646378
36357.92030782619,8.083795308541212
36377.958061466226,8.93472113049292
36397.99581510626,9.785646952444626
36418.033568746294,10.211109863420479
36438.07132238633,6.3819436646378
36458.10907602636,3.82916619878268
36478.146829666395,7.2328694865895065
36498.18458330643,5.956480753661946
36518.22233694646,7.65833239756536
36538.2600905865,7.2328694865895065
36558.29784422653,8.509258219517067
36578.335597866564,12.338424418299747
36598.3733515066,4.680092020734387
36618.41110514663,8.083795308541212
36638.448858786665,7.2328694865895065
36658.4866124267,4.680092020734387
36678.52436606673,8.93472113049292
36698.56211970677,7.2328694865895065
36718.5998733468,8.509258219517067
36738.637626986834,7.2328694865895065
36758.67538062687,9.360184041468774
36778.7131342669,11.062035685372186
36798.750887906936,6.807406575613653
36818.78864154697,9.360184041468774
36838.826395187,7.2328694865895065
36858.86414882704,6.807406575613653
36878.90190246707,5.531017842686093
36898.939656107104,5.531017842686093
36918.97740974714,4.254629109758533
36939.015163387165,8.93472113049292
36959.0529170272,7.65833239756536
36979.09067066723,5.105554931710239
36999.128424307266,4.680092020734387
37019.1661779473,5.531017842686093
37039.20393158733,9.360184041468774
37059.24168522737,5.531017842686093
37079.2794388674,10.211109863420479
37099.317192507435,5.105554931710239
37119.35494614747,8.509258219517067
37139.3926997875,7.65833239756536
37159.430453427536,9.360184041468774
37179.46820706757,9.785646952444626
37199.505960707604,5.105554931710239
37219.54371434764,8.93472113049292
37239.58146798767,10.636572774396333
37259.619221627705,7.65833239756536
37279.65697526774,5.531017842686093
37299.69472890777,9.360184041468774
37319.732482547806,9.360184041468774
37339.77023618784,5.531017842686093
37359.807989827874,6.807406575613653
37379.84574346791,10.636572774396333
37399.88349710794,8.93472113049292
37419.921250747975,2.5527774658551197
37439.95900438801,8.509258219517067
37459.99675802804,8.509258219517067
37480.03451166808,8.93472113049292
37500.07226530811,7.65833239756536
37520.110018948144,7.2328694865895065
37540.14777258818,11.48749859634804
37560.18552622821,9.360184041468774
37580.223279868245,5.105554931710239
37600.26103350828,5.956480753661946
37620.29878714831,8.93472113049292
37640.33654078835,8.083795308541212
37660.37429442838,7.65833239756536
37680.41204806841,7.2328694865895065
37700.44980170844,6.3819436646378
37720.487555348474,6.807406575613653
37740.52530898851,4.680092020734387
37760.56306262854,6.807406575613653
37780.600816268576,5.105554931710239
37800.63856990861,8.083795308541212
37820.67632354864,6.807406575613653
37840.71407718868,5.105554931710239
37860.75183082871,8.083795308541212
37880.789584468745,9.785646952444626
37900.82733810878,8.083795308541212
37920.86509174881,9.360184041468774
37940.902845388846,8.083795308541212
37960.94059902888,8.93472113049292
37980.97835266891,6.807406575613653
38001.01610630895,5.531017842686093
38021.05385994898,6.3819436646378
38041.091613589015,6.807406575613653
38061.12936722905,8.083795308541212
38081.16712086908,8.509258219517067
38101.204874509116,6.807406575613653
38121.24262814915,8.509258219517067
38141.28038178918,8.509258219517067
38161.31813542922,6.3819436646378
38181.35588906925,4.680092020734387
38201.393642709285,5.105554931710239
38221.43139634932,8.083795308541212
38241.46914998935,6.3819436646378
38261.506903629386,4.680092020734387
38281.54465726942,7.65833239756536
38301.582410909454,5.105554931710239
38321.62016454949,7.65833239756536
38341.65791818952,6.807406575613653
38361.695671829555,4.680092020734387
38381.73342546959,6.3819436646378
38401.77117910962,9.785646952444626
38421.80893274965,5.531017842686093
38441.84668638968,5.956480753661946
38461.88444002972,4.254629109758533
38481.92219366975,7.2328694865895065
38501.959947309784,8.083795308541212
38521.99770094982,5.531017842686093
38542.03545458985,8.509258219517067
38562.073208229885,11.48749859634804
38582.11096186992,6.807406575613653
38602.14871550995,9.785646952444626
38622.18646914999,7.65833239756536
38642.22422279002,7.2328694865895065
38662.261976430054,7.2328694865895065
38682.29973007009,6.807406575613653
38702.33748371012,9.360184041468774
38722.375237350156,7.65833239756536
38742.41299099019,6.3819436646378
38762.45074463022,5.531017842686093
38782.48849827026,5.105554931710239
38802.52625191029,8.509258219517067
38822.564005550325,5.531017842686093
38842.60175919036,6.807406575613653
38862.63951283039,6.807406575613653
38882.677266470426,8.083795308541212
38902.71502011046,8.509258219517067
38922.75277375049,7.2328694865895065
38942.79052739053,8.509258219517067
38962.82828103056,7.2328694865895065
38982.866034670595,6.3819436646378
39002.90378831063,8.083795308541212
39022.94154195066,10.636572774396333
39042.979295590696,5.956480753661946
39063.01704923073,4.680092020734387
39083.05480287076,5.531017842686093
39103.0925565108,11.48749859634804
39123.13031015083,4.254629109758533
39143.168063790865,11.062035685372186
39163.20581743089,5.956480753661946
39183.243571070925,8.93472113049292
39203.28132471096,4.680092020734387
39223.31907835099,6.807406575613653
39243.35683199103,8.93472113049292
39263.39458563106,6.3819436646378
39283.432339271094,6.3819436646378
39303.47009291113,5.105554931710239
39323.50784655116,3.4037032878068265
39343.545600191195,6.807406575613653
39363.58335383123,8.93472113049292
39383.62110747126,7.65833239756536
39403.6588611113,8.083795308541212
39423.69661475133,11.062035685372186
39443.734368391364,4.680092020734387
39463.7721220314,6.807406575613653
39483.80987567143,8.083795308541212
39503.847629311465,5.956480753661946
39523.8853829515,7.65833239756536
39543.92313659153,5.531017842686093
39563.96089023157,5.531017842686093
39583.9986438716,4.254629109758533
39604.036397511634,6.3819436646378
39624.07415115167,5.956480753661946
39644.1119047917,7.2328694865895065
39664.149658431736,5.531017842686093
39684.18741207177,4.680092020734387
39704.2251657118,6.807406575613653
39724.26291935184,8.93472113049292
39744.30067299187,5.956480753661946
39764.338426631904,6.807406575613653
39784.37618027194,6.807406575613653
39804.41393391197,3.82916619878268
39824.451687552006,2.978240376830973
39844.48944119204,5.105554931710239
39864.52719483207,6.807406575613653
39884.56494847211,7.2328694865895065
39904.60270211214,6.3819436646378
39924.64045575217,3.82916619878268
39944.6782093922,5.105554931710239
39964.715963032235,8.083795308541212
39984.75371667227,6.3819436646378
40004.7914703123,6.807406575613653
40024.829223952336,3.82916619878268
40044.86697759237,6.807406575613653
40064.904731232404,4.254629109758533
40084.94248487244,4.680092020734387
40104.98023851247,4.254629109758533
40125.017992152505,4.254629109758533
40145.05574579254,3.82916619878268
40165.09349943257,5.105554931710239
40185.131253072606,5.105554931710239
40205.16900671264,2.1273145548792667
40225.206760352674,4.254629109758533
40245.24451399271,2.978240376830973
40265.28226763274,2.978240376830973
40285.320021272775,5.105554931710239
40305.35777491281,7.65833239756536
40325.39552855284,2.978240376830973
40345.43328219288,4.254629109758533
40365.47103583291,9.360184041468774
40385.508789472944,4.680092020734387
40405.54654311298,2.978240376830973
40425.58429675301,3.4037032878068265
40445.622050393045,5.956480753661946
40465.65980403308,8.509258219517067
40485.69755767311,7.2328694865895065
40505.73531131315,2.5527774658551197
40525.77306495318,4.680092020734387
40545.810818593214,7.65833239756536
40565.84857223325,5.531017842686093
40585.88632587328,3.4037032878068265
40605.924079513316,4.680092020734387
40625.96183315335,5.531017842686093
40645.99958679338,4.680092020734387
40666.03734043341,6.807406575613653
40686.07509407344,4.680092020734387
40706.11284771348,3.82916619878268
40726.15060135351,3.4037032878068265
40746.188354993545,6.807406575613653
40766.22610863358,2.978240376830973
40786.26386227361,5.531017842686093
40806.301615913646,5.105554931710239
40826.33936955368,6.3819436646378
40846.37712319371,5.105554931710239
40866.41487683375,4.680092020734387
40886.45263047378,5.956480753661946
40906.490384113815,5.105554931710239
40926.52813775385,2.978240376830973
40946.56589139388,5.105554931710239
40966.603645033916,4.680092020734387
40986.64139867395,1.2763887329275598
41006.679152313984,5.531017842686093
