Energy (keV),Intensity (CPS)
-11.02363957824899,0.0
9.0144669164191,0.0
29.052573411087188,0.0
49.09067990575528,0.0
69.12878640042337,0.0
89.16689289509145,0.0
109.20499938975955,0.0
129.24310588442762,0.0
149.28121237909573,0.0
169.3193188737638,0.0
189.3574253684319,0.0
209.39553186309996,0.4131426579459236
229.43363835776807,0.0
249.47174485243613,0.0
269.50985134710425,0.4131426579459236
289.5479578417723,0.0
309.5860643364404,0.8262853158918472
329.62417083110853,0.8262853158918472
349.6622773257766,3.7182839215133123
369.7003838204447,2.0657132897296178
389.73849031511276,3.7182839215133123
409.77659680978087,7.436567843026625
429.8147033044489,5.370854553297007
449.85280979911704,6.197139869188854
469.89091629378515,10.32856644864809
489.9290227884532,8.675995816864395
509.96712928312127,12.80742239632363
530.0052357777894,17.35199163372879
550.0433422724575,25.20170213470134
570.0814487671256,21.483418213188028
590.1195552617936,17.35199163372879
610.1576617564617,20.65713289729618
630.1957682511298,24.37541681880949
650.233874745798,22.722846187025798
670.2719812404661,26.027987450593187
690.3100877351341,27.267415424430958
710.3481942298022,26.854272766485032
730.3863007244703,27.267415424430958
750.4244072191384,30.572556687998347
770.4625137138064,23.13598884497172
790.5006202084745,28.91998605621465
810.5387267031426,37.59598187307905
830.5768331978107,27.68055808237688
850.6149396924789,29.333128714160576
870.6530461871469,25.20170213470134
890.691152681815,28.91998605621465
910.7292591764831,20.243990239350257
930.7673656711512,31.811984661836117
950.8054721658193,31.811984661836117
970.8435786604873,23.96227416086357
990.8816851551554,33.877697951565736
1010.9197916498235,36.35655389924128
1030.9578981444915,28.91998605621465
1050.9960046391598,28.093700740322802
1071.0341111338278,30.572556687998347
1091.0722176284958,29.333128714160576
1111.110324123164,27.267415424430958
1131.148430617832,24.37541681880949
1151.1865371125002,27.68055808237688
1171.2246436071682,25.20170213470134
1191.2627501018362,26.44113010853911
1211.3008565965044,29.7462713721065
1231.3389630911724,27.68055808237688
1251.3770695858407,23.13598884497172
1271.4151760805087,26.027987450593187
1291.4532825751767,23.549131502917643
1311.491389069845,27.68055808237688
1331.529495564513,20.65713289729618
1351.5676020591811,28.506843398268728
1371.6057085538491,23.549131502917643
1391.6438150485171,28.506843398268728
1411.6819215431854,25.20170213470134
1431.7200280378534,28.093700740322802
1451.7581345325216,22.309703529079872
1471.7962410271896,23.549131502917643
1491.8343475218576,21.89656087113395
1511.8724540165258,23.549131502917643
1531.9105605111938,22.722846187025798
1551.9486670058618,23.13598884497172
1571.98677350053,17.35199163372879
1592.024879995198,27.267415424430958
1612.0629864898663,17.765134291674713
1632.1010929845343,23.96227416086357
1652.1391994792023,23.549131502917643
1672.1773059738705,25.61484479264726
1692.2154124685385,18.17827694962064
1712.2535189632067,18.59141960756656
1732.2916254578747,23.549131502917643
1752.3297319525427,23.13598884497172
1772.367838447211,20.243990239350257
1792.405944941879,24.37541681880949
1812.4440514365472,16.525706317836942
1832.4821579312152,18.59141960756656
1852.5202644258832,21.0702755552421
1872.5583709205514,23.549131502917643
1892.5964774152194,25.20170213470134
1912.6345839098876,14.459993028107325
1932.6726904045556,16.938848975782868
1952.7107968992236,16.525706317836942
1972.7489033938919,24.37541681880949
1992.7870098885599,22.309703529079872
2012.8251163832279,17.765134291674713
2032.863222877896,19.41770492345841
2052.9013293725643,20.243990239350257
2072.939435867232,15.699421001945096
2092.9775423619003,20.243990239350257
2113.0156488565685,18.17827694962064
2133.0537553512363,16.938848975782868
2153.0918618459045,16.938848975782868
2173.1299683405728,12.80742239632363
2193.1680748352405,17.35199163372879
2213.2061813299088,17.35199163372879
2233.244287824577,15.699421001945096
2253.282394319245,23.13598884497172
2273.320500813913,11.56799442248586
2293.358607308581,20.65713289729618
2313.3967138032494,15.286278343999173
2333.434820297917,15.699421001945096
2353.4729267925854,18.17827694962064
2373.5110332872537,17.35199163372879
2393.5491397819214,18.17827694962064
2413.5872462765897,23.549131502917643
2433.625352771258,16.525706317836942
2453.663459265926,17.765134291674713
2473.701565760594,19.41770492345841
2493.739672255262,16.938848975782868
2513.7777787499303,12.394279738377708
2533.815885244598,15.699421001945096
2553.8539917392663,13.220565054269555
2573.8920982339346,16.525706317836942
2593.9302047286023,15.699421001945096
2613.9683112232706,10.741709106594014
2634.006417717939,14.046850370161401
2654.0445242126066,16.11256365989102
2674.082630707275,14.459993028107325
2694.120737201943,12.80742239632363
2714.1588436966113,15.286278343999173
2734.196950191279,15.286278343999173
2754.2350566859473,16.525706317836942
2774.2731631806155,11.154851764539936
2794.3112696752833,12.80742239632363
2814.3493761699515,15.286278343999173
2834.3874826646197,15.286278343999173
2854.4255891592875,9.08913847481032
2874.4636956539557,10.32856644864809
2894.501802148624,17.765134291674713
2914.539908643292,12.80742239632363
2934.57801513796,16.11256365989102
2954.616121632628,14.87313568605325
2974.6542281272964,14.046850370161401
2994.692334621964,9.502281132756243
3014.7304411166324,15.699421001945096
3034.7685476113006,9.502281132756243
3054.8066541059684,14.046850370161401
3074.8447606006366,10.32856644864809
3094.882867095305,10.741709106594014
3114.9209735899726,12.394279738377708
3134.959080084641,8.675995816864395
3154.997186579309,13.220565054269555
3175.0352930739773,6.610282527134777
3195.073399568645,6.610282527134777
3215.1115060633133,7.436567843026625
3235.1496125579815,9.502281132756243
3255.1877190526493,11.56799442248586
3275.2258255473175,8.262853158918471
3295.2639320419858,10.741709106594014
3315.3020385366535,8.262853158918471
3335.3401450313218,7.849710500972548
3355.37825152599,7.436567843026625
3375.416358020658,6.197139869188854
3395.454464515326,8.262853158918471
3415.492571009994,4.54456923740516
3435.5306775046624,4.957711895351083
3455.56878399933,4.54456923740516
3475.6068904939984,10.32856644864809
3495.6449969886667,5.370854553297007
3515.6831034833344,8.675995816864395
3535.7212099780027,5.370854553297007
3555.759316472671,6.197139869188854
3575.7974229673387,5.370854553297007
3595.835529462007,6.610282527134777
3615.873635956675,9.502281132756243
3635.9117424513433,6.610282527134777
3655.949848946011,5.78399721124293
3675.9879554406793,5.78399721124293
3696.0260619353476,7.436567843026625
3716.0641684300153,6.197139869188854
3736.1022749246836,8.262853158918471
3756.140381419352,7.023425185080701
3776.1784879140196,4.957711895351083
3796.216594408688,4.957711895351083
3816.254700903356,4.957711895351083
3836.2928073980243,3.3051412635673887
3856.330913892692,4.957711895351083
3876.3690203873603,5.370854553297007
3896.4071268820285,4.1314265794592355
3916.4452333766963,4.1314265794592355
3936.4833398713645,6.197139869188854
3956.5214463660327,4.957711895351083
3976.5595528607005,1.6525706317836943
3996.5976593553687,5.78399721124293
4016.635765850037,1.6525706317836943
4036.6738723447047,3.3051412635673887
4056.711978839373,4.1314265794592355
4076.750085334041,3.7182839215133123
4096.788191828709,3.7182839215133123
4116.826298323378,2.0657132897296178
4136.864404818046,3.3051412635673887
4156.902511312714,2.0657132897296178
4176.940617807382,1.6525706317836943
4196.97872430205,2.4788559476755414
4217.016830796718,2.0657132897296178
4237.0549372913865,4.1314265794592355
4257.093043786054,1.2394279738377707
4277.131150280722,2.891998605621465
4297.169256775391,1.2394279738377707
4317.2073632700585,2.4788559476755414
4337.245469764726,2.0657132897296178
4357.283576259395,2.4788559476755414
4377.321682754063,3.3051412635673887
4397.3597892487305,3.7182839215133123
4417.397895743399,0.8262853158918472
4437.436002238067,2.891998605621465
4457.474108732736,1.2394279738377707
4477.512215227403,1.6525706317836943
4497.550321722071,1.2394279738377707
4517.58842821674,2.4788559476755414
4537.626534711408,1.2394279738377707
4557.664641206075,2.0657132897296178
4577.702747700744,2.891998605621465
4597.740854195412,4.1314265794592355
4617.77896069008,2.891998605621465
4637.817067184748,2.0657132897296178
4657.855173679416,1.6525706317836943
4677.893280174084,2.4788559476755414
4697.931386668753,4.957711895351083
4717.96949316342,2.4788559476755414
4738.007599658088,1.6525706317836943
4758.045706152757,2.891998605621465
4778.083812647425,2.4788559476755414
4798.121919142092,1.6525706317836943
4818.160025636761,2.0657132897296178
4838.198132131429,2.891998605621465
4858.236238626097,3.3051412635673887
4878.274345120765,2.0657132897296178
4898.312451615433,2.0657132897296178
4918.350558110102,1.6525706317836943
4938.3886646047695,2.0657132897296178
4958.426771099437,1.2394279738377707
4978.464877594106,1.2394279738377707
4998.502984088774,1.6525706317836943
5018.5410905834415,3.3051412635673887
5038.57919707811,2.4788559476755414
5058.617303572778,2.0657132897296178
5078.655410067446,1.6525706317836943
5098.693516562114,2.0657132897296178
5118.731623056782,1.2394279738377707
5138.76972955145,1.6525706317836943
5158.807836046119,1.2394279738377707
5178.845942540786,0.8262853158918472
5198.884049035454,0.8262853158918472
5218.922155530123,0.4131426579459236
5238.960262024791,1.6525706317836943
5258.998368519458,3.7182839215133123
5279.036475014127,0.4131426579459236
5299.074581508795,0.0
5319.112688003463,2.4788559476755414
5339.150794498131,2.0657132897296178
5359.188900992799,3.7182839215133123
5379.227007487468,2.0657132897296178
5399.2651139821355,4.957711895351083
5419.303220476803,2.4788559476755414
5439.341326971472,2.0657132897296178
5459.37943346614,3.3051412635673887
5479.4175399608075,3.7182839215133123
5499.455646455476,2.0657132897296178
5519.493752950144,0.8262853158918472
5539.531859444812,1.6525706317836943
5559.56996593948,0.0
5579.608072434148,1.6525706317836943
5599.646178928816,0.8262853158918472
5619.684285423485,0.0
5639.722391918152,2.4788559476755414
5659.76049841282,2.0657132897296178
5679.798604907489,2.0657132897296178
5699.836711402157,0.8262853158918472
5719.874817896824,0.8262853158918472
5739.912924391493,2.0657132897296178
5759.951030886161,1.2394279738377707
5779.989137380829,1.2394279738377707
5800.027243875497,0.0
5820.065350370165,1.2394279738377707
5840.103456864834,0.4131426579459236
5860.141563359502,2.891998605621465
5880.179669854169,3.3051412635673887
5900.217776348838,1.2394279738377707
5920.255882843506,3.3051412635673887
5940.293989338174,1.2394279738377707
5960.332095832842,4.1314265794592355
5980.37020232751,2.4788559476755414
6000.408308822178,2.4788559476755414
6020.4464153168465,0.8262853158918472
6040.484521811514,0.8262853158918472
6060.522628306182,2.891998605621465
6080.560734800851,1.2394279738377707
6100.5988412955185,1.2394279738377707
6120.636947790186,1.6525706317836943
6140.675054284855,1.2394279738377707
6160.713160779523,0.4131426579459236
6180.7512672741905,0.8262853158918472
6200.789373768859,1.6525706317836943
6220.827480263527,0.8262853158918472
6240.865586758195,1.6525706317836943
6260.903693252863,0.8262853158918472
6280.941799747531,0.8262853158918472
6300.9799062422,2.0657132897296178
6321.018012736868,5.78399721124293
6341.056119231535,4.957711895351083
6361.094225726204,5.78399721124293
6381.132332220872,7.023425185080701
6401.17043871554,4.1314265794592355
6421.208545210208,9.502281132756243
6441.246651704876,7.023425185080701
6461.284758199544,5.78399721124293
6481.3228646942125,3.3051412635673887
6501.36097118888,3.3051412635673887
6521.399077683548,1.6525706317836943
6541.437184178217,1.6525706317836943
6561.4752906728845,1.2394279738377707
6581.513397167552,0.8262853158918472
6601.551503662221,1.2394279738377707
6621.589610156889,1.2394279738377707
6641.6277166515565,0.4131426579459236
6661.665823146225,0.0
6681.703929640893,0.4131426579459236
6701.742036135561,0.8262853158918472
6721.780142630229,2.0657132897296178
6741.818249124897,1.2394279738377707
6761.856355619566,1.2394279738377707
6781.894462114234,0.4131426579459236
6801.932568608901,0.0
6821.97067510357,0.4131426579459236
6842.008781598238,2.0657132897296178
6862.046888092906,1.2394279738377707
6882.084994587574,1.6525706317836943
6902.123101082242,2.0657132897296178
6922.16120757691,0.8262853158918472
6942.199314071579,2.0657132897296178
6962.237420566246,1.2394279738377707
6982.275527060914,2.4788559476755414
7002.313633555583,1.6525706317836943
7022.351740050251,1.2394279738377707
7042.389846544918,2.0657132897296178
7062.427953039587,4.1314265794592355
7082.466059534255,0.4131426579459236
7102.504166028923,2.0657132897296178
7122.542272523591,1.6525706317836943
7142.580379018259,1.2394279738377707
7162.618485512927,2.4788559476755414
7182.6565920075955,1.2394279738377707
7202.694698502263,0.8262853158918472
7222.732804996932,0.8262853158918472
7242.7709114916,0.8262853158918472
7262.8090179862675,2.0657132897296178
7282.847124480936,2.0657132897296178
7302.885230975604,1.6525706317836943
7322.923337470272,1.2394279738377707
7342.96144396494,1.2394279738377707
7362.999550459608,2.0657132897296178
7383.037656954276,0.8262853158918472
7403.075763448945,2.4788559476755414
7423.113869943612,1.6525706317836943
7443.15197643828,4.957711895351083
7463.190082932949,2.0657132897296178
7483.228189427617,3.3051412635673887
7503.266295922284,1.2394279738377707
7523.304402416953,1.6525706317836943
7543.342508911621,2.0657132897296178
7563.380615406289,3.3051412635673887
7583.418721900957,1.6525706317836943
7603.456828395625,1.2394279738377707
7623.494934890293,2.4788559476755414
7643.5330413849615,1.6525706317836943
7663.571147879629,2.0657132897296178
7683.609254374298,1.2394279738377707
7703.647360868966,4.1314265794592355
7723.6854673636335,1.6525706317836943
7743.723573858302,3.3051412635673887
7763.76168035297,2.891998605621465
7783.799786847638,4.1314265794592355
7803.837893342306,2.891998605621465
7823.875999836974,4.957711895351083
7843.914106331642,3.7182839215133123
7863.952212826311,5.78399721124293
7883.990319320978,5.370854553297007
7904.028425815646,12.80742239632363
7924.066532310315,10.741709106594014
7944.104638804983,21.483418213188028
7964.14274529965,29.333128714160576
7984.180851794319,43.379979084321974
8004.218958288987,55.774258822699686
8024.257064783655,70.23425185080701
8044.295171278323,71.06053716669885
8064.333277772991,72.71310779848255
8084.371384267659,54.12168819091599
8104.409490762328,41.31426579459236
8124.447597256995,34.290840609511655
8144.485703751663,22.722846187025798
8164.523810246332,11.154851764539936
8184.5619167410005,8.262853158918471
8204.600023235667,3.7182839215133123
8224.638129730336,2.0657132897296178
8244.676236225005,2.4788559476755414
8264.714342719672,3.3051412635673887
8284.75244921434,2.0657132897296178
8304.790555709009,4.957711895351083
8324.828662203676,4.1314265794592355
8344.866768698344,4.1314265794592355
8364.904875193013,5.370854553297007
8384.94298168768,2.0657132897296178
8404.981088182349,6.197139869188854
8425.019194677017,6.610282527134777
8445.057301171684,8.262853158918471
8465.095407666353,15.699421001945096
8485.133514161022,27.68055808237688
8505.171620655688,42.55369376843013
8525.209727150357,67.75539590313147
8545.247833645026,114.44051625102084
8565.285940139693,161.1256365989102
8585.324046634361,227.22846187025797
8605.36215312903,253.25644932085115
8625.400259623697,283.4158633509036
8645.438366118366,278.04500879760656
8665.476472613034,247.0593094516623
8685.514579107701,212.35532618420473
8705.55268560237,147.90507154464063
8725.590792097039,106.17766309210236
8745.628898591705,66.5159679292937
8765.667005086374,41.31426579459236
8785.705111581043,25.61484479264726
8805.74321807571,16.525706317836942
8825.781324570378,13.633707712215479
8845.819431065047,16.525706317836942
8865.857537559716,19.41770492345841
8885.895644054383,13.633707712215479
8905.933750549051,19.83084758140433
8925.97185704372,17.35199163372879
8946.009963538387,12.394279738377708
8966.048070033055,10.741709106594014
8986.086176527724,10.32856644864809
9006.124283022391,9.08913847481032
9026.16238951706,4.1314265794592355
9046.200496011728,2.0657132897296178
9066.238602506395,2.0657132897296178
9086.276709001064,2.891998605621465
9106.314815495733,0.4131426579459236
9126.3529219904,1.2394279738377707
9146.391028485068,2.0657132897296178
9166.429134979737,1.6525706317836943
9186.467241474404,0.8262853158918472
9206.505347969072,2.0657132897296178
9226.543454463741,1.6525706317836943
9246.581560958408,4.1314265794592355
9266.619667453077,2.4788559476755414
9286.657773947745,4.54456923740516
9306.695880442412,5.370854553297007
9326.73398693708,5.78399721124293
9346.77209343175,4.957711895351083
9366.810199926416,13.220565054269555
9386.848306421085,16.938848975782868
9406.886412915754,17.35199163372879
9426.92451941042,18.59141960756656
9446.96262590509,21.89656087113395
9467.000732399758,21.483418213188028
9487.038838894425,38.83540984691682
9507.076945389093,36.35655389924128
9527.115051883762,43.379979084321974
9547.153158378429,43.7931217422679
9567.191264873098,52.055974901186374
9587.229371367766,42.1405511104842
9607.267477862433,42.966836426376055
9627.305584357102,33.051412635673884
9647.34369085177,26.854272766485032
9667.381797346437,18.17827694962064
9687.419903841106,15.286278343999173
9707.458010335775,9.502281132756243
9727.496116830442,5.370854553297007
9747.53422332511,4.1314265794592355
9767.572329819779,2.891998605621465
9787.610436314448,2.891998605621465
9807.648542809115,2.891998605621465
9827.686649303783,1.2394279738377707
9847.724755798452,0.0
9867.762862293119,2.4788559476755414
9887.800968787787,2.4788559476755414
9907.839075282456,0.8262853158918472
9927.877181777123,0.0
9947.915288271792,1.6525706317836943
9967.95339476646,1.2394279738377707
9987.991501261127,2.891998605621465
10008.029607755796,0.8262853158918472
10028.067714250465,1.6525706317836943
10048.105820745131,0.0
10068.1439272398,2.4788559476755414
10088.182033734469,2.4788559476755414
10108.220140229136,2.4788559476755414
10128.258246723804,1.2394279738377707
10148.296353218473,2.4788559476755414
10168.33445971314,1.2394279738377707
10188.372566207809,2.4788559476755414
10208.410672702477,2.4788559476755414
10228.448779197144,1.2394279738377707
10248.486885691813,2.891998605621465
10268.524992186482,0.4131426579459236
10288.563098681148,3.3051412635673887
10308.601205175817,3.3051412635673887
10328.639311670486,2.4788559476755414
10348.677418165153,0.8262853158918472
10368.715524659821,1.6525706317836943
10388.75363115449,3.3051412635673887
10408.791737649157,2.0657132897296178
10428.829844143826,2.891998605621465
10448.867950638494,3.3051412635673887
10468.906057133161,4.957711895351083
10488.94416362783,4.1314265794592355
10508.982270122498,4.54456923740516
10529.020376617165,4.54456923740516
10549.058483111834,4.957711895351083
10569.096589606503,9.08913847481032
10589.13469610117,12.394279738377708
10609.172802595838,9.502281132756243
10629.210909090507,14.87313568605325
10649.249015585174,26.44113010853911
10669.287122079842,35.530268583349425
10689.325228574511,57.013686796537456
10709.363335069178,80.14967564150918
10729.401441563847,97.08852461729204
10749.439548058515,132.61879320064148
10769.477654553184,181.78276949620638
10789.51576104785,209.05018492063732
10809.55386754252,228.46788984409574
10829.591974037188,239.20959895068975
10849.630080531855,249.95130805728377
10869.668187026524,260.69301716387776
10889.706293521192,199.961046445827
10909.74440001586,162.77820723069388
10929.782506510528,116.09308688280453
10949.820613005197,77.25767703588771
10969.858719499864,66.5159679292937
10989.896825994532,33.46455529361981
11009.934932489201,24.788559476755417
11029.973038983868,11.56799442248586
11050.011145478536,9.08913847481032
11070.049251973205,7.436567843026625
11090.087358467872,6.610282527134777
11110.12546496254,4.54456923740516
11130.16357145721,4.957711895351083
11150.201677951876,3.7182839215133123
11170.239784446545,6.197139869188854
11190.277890941214,6.610282527134777
11210.31599743588,4.1314265794592355
11230.35410393055,2.891998605621465
11250.392210425218,4.54456923740516
11270.430316919885,4.957711895351083
11290.468423414553,6.610282527134777
11310.506529909222,3.7182839215133123
11330.544636403889,5.370854553297007
11350.582742898558,4.54456923740516
11370.620849393226,3.3051412635673887
11390.658955887893,5.78399721124293
11410.697062382562,5.370854553297007
11430.73516887723,7.849710500972548
11450.773275371897,7.436567843026625
11470.811381866566,5.370854553297007
11490.849488361235,4.957711895351083
11510.887594855902,5.370854553297007
11530.92570135057,5.370854553297007
11550.963807845239,4.957711895351083
11571.001914339906,6.197139869188854
11591.040020834575,9.08913847481032
11611.078127329243,10.741709106594014
11631.11623382391,7.849710500972548
11651.154340318579,10.741709106594014
11671.192446813247,11.981137080431784
11691.230553307916,10.741709106594014
11711.268659802583,14.459993028107325
11731.306766297252,11.981137080431784
11751.34487279192,11.154851764539936
11771.382979286587,9.502281132756243
11791.421085781256,12.394279738377708
11811.459192275925,6.610282527134777
11831.497298770591,8.262853158918471
11851.53540526526,10.741709106594014
11871.573511759929,7.849710500972548
11891.611618254596,7.023425185080701
11911.649724749264,7.849710500972548
11931.687831243933,13.633707712215479
11951.7259377386,12.394279738377708
11971.764044233269,8.262853158918471
11991.802150727937,9.502281132756243
12011.840257222604,9.502281132756243
12031.878363717273,10.32856644864809
12051.916470211941,11.56799442248586
12071.954576706608,7.436567843026625
12091.992683201277,9.08913847481032
12112.030789695946,7.023425185080701
12132.068896190613,7.023425185080701
12152.107002685281,9.502281132756243
12172.14510917995,10.32856644864809
12192.183215674617,9.08913847481032
12212.221322169285,9.08913847481032
12232.259428663954,12.394279738377708
12252.297535158621,9.915423790702166
12272.33564165329,12.80742239632363
12292.373748147958,10.741709106594014
12312.411854642625,14.046850370161401
12332.449961137294,14.046850370161401
12352.488067631963,12.80742239632363
12372.52617412663,12.80742239632363
12392.564280621298,19.83084758140433
12412.602387115967,13.220565054269555
12432.640493610634,17.35199163372879
12452.678600105302,18.17827694962064
12472.716706599971,19.83084758140433
12492.754813094638,19.004562265512487
12512.792919589307,25.20170213470134
12532.831026083975,21.483418213188028
12552.869132578642,28.91998605621465
12572.90723907331,25.20170213470134
12592.94534556798,26.854272766485032
12612.983452062648,30.98569934594427
12633.021558557315,28.093700740322802
12653.059665051984,33.051412635673884
12673.097771546652,33.877697951565736
12693.13587804132,37.59598187307905
12713.173984535988,31.39884200389019
12733.212091030657,36.35655389924128
12753.250197525324,33.46455529361981
12773.288304019992,35.94341124129535
12793.32641051466,36.769696557187196
12813.364517009328,44.206264400213826
12833.402623503996,44.206264400213826
12853.440729998665,52.055974901186374
12873.478836493332,76.01824906204995
12893.516942988,109.48280435566976
12913.55504948267,137.57650509599256
12933.593155977336,174.34620165317975
12953.631262472005,204.50561568323218
12973.669368966674,254.082734636743
12993.70747546134,261.51930247976964
13013.74558195601,280.93700740322805
13033.783688450678,291.2655738518761
13053.821794945345,270.60844095458
13073.859901440013,212.76846884215064
13093.898007934682,181.78276949620638
13113.936114429349,153.68906875588357
13133.974220924018,118.985085488426
13154.012327418686,94.6096686696165
13174.050433913353,81.38910361534694
13194.088540408022,67.75539590313147
13214.12664690269,59.07940008626707
13234.164753397357,50.40340426940268
13254.202859892026,53.295402875024145
13274.240966386695,47.92454832172714
13294.279072881362,47.51140566378121
13314.31717937603,45.445692374051596
13334.355285870699,44.619407058159744
13354.393392365366,33.051412635673884
13374.431498860034,39.248552504862744
13394.469605354703,40.487980478700514
13414.50771184937,43.379979084321974
13434.545818344039,38.00912453102497
13454.583924838707,34.70398326745758
13474.622031333374,34.290840609511655
13494.660137828043,34.290840609511655
13514.698244322712,38.00912453102497
13534.73635081738,34.290840609511655
13554.774457312047,28.506843398268728
13574.812563806716,24.788559476755417
13594.850670301385,32.22512731978204
13614.888776796051,26.854272766485032
13634.92688329072,32.638269977727965
13654.964989785389,28.506843398268728
13675.003096280056,27.267415424430958
13695.041202774724,32.638269977727965
13715.079309269393,29.7462713721065
13735.11741576406,27.68055808237688
13755.155522258729,31.811984661836117
13775.193628753397,30.572556687998347
13795.231735248064,29.333128714160576
13815.269841742733,36.35655389924128
13835.307948237401,36.35655389924128
13855.346054732068,36.35655389924128
13875.384161226737,35.530268583349425
13895.422267721406,32.638269977727965
13915.460374216073,38.42226718897089
13935.498480710741,32.22512731978204
13955.53658720541,33.051412635673884
13975.574693700077,37.59598187307905
13995.612800194745,38.42226718897089
14015.650906689414,40.07483782075459
14035.689013184081,42.966836426376055
14055.72711967875,46.27197768994344
14075.765226173418,45.858835031997515
14095.803332668085,48.33769097967306
14115.841439162754,49.16397629556491
14135.879545657423,61.55825603394261
14155.91765215209,56.60054413859153
14175.955758646758,52.46911755913229
14195.993865141427,58.66625742832115
14216.031971636094,52.055974901186374
14236.070078130762,48.33769097967306
14256.108184625431,44.206264400213826
14276.146291120098,38.83540984691682
14296.184397614767,41.727408452538285
14316.222504109435,35.94341124129535
14336.260610604102,37.18283921513312
14356.29871709877,40.07483782075459
14376.33682359344,45.858835031997515
14396.374930088106,43.379979084321974
14416.413036582775,46.68512034788937
14436.451143077444,44.619407058159744
14456.489249572112,40.90112313664643
14476.52735606678,39.248552504862744
14496.565462561448,41.31426579459236
14516.603569056117,39.248552504862744
14536.641675550783,45.858835031997515
14556.679782045452,51.64283224324045
14576.71788854012,41.727408452538285
14596.755995034788,37.59598187307905
14616.794101529456,41.727408452538285
14636.832208024125,43.7931217422679
14656.870314518792,34.70398326745758
14676.90842101346,39.66169516280866
14696.94652750813,45.445692374051596
14716.984634002796,45.03254971610567
14737.022740497465,49.16397629556491
14757.060846992134,43.379979084321974
14777.0989534868,56.187401480645605
14797.137059981469,47.51140566378121
14817.175166476138,52.46911755913229
14837.213272970805,46.68512034788937
14857.251379465473,53.295402875024145
14877.289485960142,57.8399721124293
14897.327592454809,50.40340426940268
14917.365698949478,48.75083363761898
14937.403805444146,54.947973506807834
14957.441911938813,49.16397629556491
14977.480018433482,45.858835031997515
14997.51812492815,52.46911755913229
15017.556231422817,51.64283224324045
15037.594337917486,56.60054413859153
15057.632444412155,52.46911755913229
15077.670550906822,63.623969323672235
15097.70865740149,62.384541349834464
15117.746763896159,72.29996514053663
15137.784870390826,73.12625045642848
15157.822976885494,76.84453437794178
15177.861083380163,81.38910361534694
15197.89918987483,87.17310082658987
15217.937296369499,106.59080575004829
15237.975402864167,92.13081272194096
15258.013509358834,82.62853158918472
15278.051615853503,90.47824209015727
15298.089722348172,80.14967564150918
15318.127828842838,78.08396235177956
15338.165935337507,75.1919637461581
15358.204041832176,71.06053716669885
15378.242148326844,65.27653995545593
15398.280254821511,57.426829454483375
15418.31836131618,59.07940008626707
15438.356467810849,59.90568540215892
15458.394574305516,72.71310779848255
15478.432680800184,69.82110919286109
15498.470787294853,64.03711198161815
15518.50889378952,70.64739450875294
15538.547000284188,70.64739450875294
15558.585106778857,64.86339729751
15578.623213273524,75.1919637461581
15598.661319768193,84.69424487891433
15618.699426262861,90.47824209015727
15638.737532757528,78.49710500972549
15658.775639252197,90.06509943221134
15678.813745746866,103.69880714442682
15698.851852241532,94.6096686696165
15718.889958736201,107.41709106594013
15738.92806523087,98.74109524907574
15758.966171725537,103.2856644864809
15779.004278220205,97.91480993318389
15799.042384714874,95.43595398550835
15819.080491209541,102.45937917058905
15839.11859770421,85.52053019480618
15859.156704198878,89.23881411631949
15879.194810693545,73.12625045642848
15899.232917188214,76.84453437794178
15919.271023682883,77.25767703588771
15939.30913017755,64.03711198161815
15959.347236672218,67.75539590313147
15979.385343166887,71.06053716669885
15999.423449661554,71.06053716669885
16019.461556156222,63.21082666572631
16039.499662650891,75.60510640410402
16059.537769145558,65.27653995545593
16079.575875640227,63.21082666572631
16099.613982134895,63.21082666572631
16119.652088629562,68.99482387696924
16139.69019512423,72.71310779848255
16159.7283016189,62.79768400778038
16179.766408113566,68.99482387696924
16199.804514608235,72.71310779848255
16219.842621102904,81.38910361534694
16239.88072759757,69.40796653491516
16259.91883409224,76.84453437794178
16279.956940586908,63.623969323672235
16299.995047081575,69.82110919286109
16320.033153576243,62.79768400778038
16340.071260070912,74.77882108821217
16360.10936656558,69.82110919286109
16380.14747306025,67.34225324518555
16400.185579554916,72.71310779848255
16420.223686049583,84.69424487891433
16440.261792544254,71.8868224825907
16460.29989903892,76.43139171999586
16480.338005533587,76.43139171999586
16500.376112028258,74.77882108821217
16520.414218522925,71.47367982464478
16540.45232501759,81.80224627329287
16560.490431512262,70.64739450875294
16580.52853800693,78.49710500972549
16600.566644501596,80.97596095740103
16620.604750996266,80.5628182994551
16640.642857490933,79.73653298356325
16660.6809639856,78.08396235177956
16680.71907048027,89.65195677426541
16700.757176974937,84.2811022209684
16720.795283469604,74.36567843026624
16740.833389964275,72.71310779848255
16760.87149645894,82.62853158918472
16780.90960295361,76.01824906204995
16800.94770944828,72.29996514053663
16820.985815942946,84.2811022209684
16841.023922437613,85.10738753686026
16861.062028932283,87.99938614248173
16881.10013542695,81.38910361534694
16901.138241921617,86.34681551069804
16921.176348416288,90.89138474810319
16941.214454910954,78.9102476676714
16961.25256140562,76.43139171999586
16981.29066790029,73.95253577232032
17001.32877439496,85.10738753686026
17021.366880889625,80.97596095740103
17041.404987384296,88.41252880042765
17061.443093878963,81.80224627329287
17081.48120037363,88.41252880042765
17101.5193068683,88.41252880042765
17121.557413362967,82.62853158918472
17141.595519857634,86.34681551069804
17161.633626352304,92.54395537988688
17181.67173284697,94.6096686696165
17201.709839341638,100.80680853880536
17221.74794583631,87.5862434845358
17241.786052330976,92.95709803783281
17261.824158825642,95.02281132756242
17281.862265320313,103.2856644864809
17301.90037181498,107.41709106594013
17321.938478309647,114.02737359307491
17341.976584804317,129.72679459502
17362.014691298984,118.15880017253414
17382.05279779365,149.14449951847843
17402.09090428832,149.97078483437025
17422.12901078299,147.07878622874878
17442.167117277655,152.86278343999172
17462.205223772326,149.55764217642434
17482.243330266992,140.05536104366809
17502.28143676166,139.22907572777626
17522.31954325633,133.85822117447924
17542.357649750997,132.20565054269554
17562.395756245664,120.63765612020968
17582.433862740334,126.00851067350669
17602.471969235,123.11651206788522
17622.510075729668,116.09308688280453
17642.54818222434,125.18222535761484
17662.586288719005,102.04623651264312
17682.624395213672,110.3090896715616
17702.662501708342,97.08852461729204
17722.70060820301,118.15880017253414
17742.73871469768,111.13537498745345
17762.776821192347,106.17766309210236
17782.814927687014,118.985085488426
17802.853034181684,117.3325148566423
17822.89114067635,110.72223232950752
17842.929247171018,114.85365890896675
17862.96735366569,102.87252182853497
17883.005460160355,109.48280435566976
17903.043566655022,113.61423093512899
17923.081673149693,110.3090896715616
17943.11977964436,106.59080575004829
17963.157886139026,114.02737359307491
17983.195992633697,109.48280435566976
18003.234099128364,121.05079877815561
18023.27220562303,125.18222535761484
18043.3103121177,111.13537498745345
18063.348418612368,119.81137080431785
18083.386525107035,136.3370771221548
18103.424631601705,118.15880017253414
18123.462738096372,122.7033694099393
18143.50084459104,125.59536801556077
18163.53895108571,133.0319358585874
18183.577057580376,121.46394143610154
18203.615164075043,114.85365890896675
18223.653270569714,133.0319358585874
18243.69137706438,135.51079180626294
18263.729483559047,146.25250091285696
18283.767590053718,140.88164635955994
18303.805696548385,138.4027904118844
18323.84380304305,151.21021280820804
18343.881909537722,167.73591912604496
18363.92001603239,156.58106736150503
18383.958122527056,178.47762823263898
18403.996229021726,178.47762823263898
18424.034335516393,173.93305899523384
18444.07244201106,186.32733873361153
18464.11054850573,204.9187583411781
18484.148655000397,204.9187583411781
18504.186761495064,214.42103947393434
18524.224867989735,227.22846187025797
18544.2629744844,229.7073178179335
18564.30108097907,252.43016400495932
18584.33918747374,267.30329969101257
18604.377293968406,287.5472899303628
18624.415400463073,280.11072208733617
18644.453506957743,309.85699345944266
18664.49161345241,321.0118452239826
18684.529719947077,319.7724172501449
18704.567826441747,352.4106872278728
18724.605932936414,367.696965571872
18744.64403943108,376.7861040466823
18764.68214592575,421.81865376278796
18784.72025242042,422.64493907867984
18804.758358915085,423.05808173662575
18824.796465409756,435.8655041329494
18844.834571904423,432.560362869382
18864.87267839909,456.52263703024556
18884.91078489376,447.4334985554352
18904.948891388427,487.92147903413576
18924.986997883094,492.052905613595
18945.025104377764,482.1374818228928
18965.06321087243,474.2877713219203
18985.101317367098,499.0763307986757
19005.13942386177,456.9357796881915
19025.177530356435,457.3489223461374
19045.215636851102,458.17520766202927
19065.253743345773,433.79979084321974
19085.29184984044,410.66380199824806
19105.329956335107,412.31637263003176
19125.368062829777,399.0958075757622
19145.406169324444,380.0912453102497
19165.44427581911,382.1569585999793
19185.48238231378,354.4764005176024
19205.520488808448,326.79584243522555
19225.558595303115,323.49070117165815
19245.596701797785,293.74442979955165
19265.634808292452,277.21872348171473
19285.67291478712,265.23758640128295
19305.71102128179,267.30329969101257
19325.749127776457,241.6884548983653
19345.787234271123,214.83418213188025
19365.825340765794,237.14388566096014
19385.86344726046,205.74504365706994
19405.901553755128,206.9844716309077
19425.939660249798,176.8250576008553
19445.977766744465,183.02219747004415
19466.015873239132,172.28048836345013
19486.053979733802,179.71705620647677
19506.09208622847,163.19134988863982
19526.130192723136,154.92849672972133
19546.168299217807,161.1256365989102
19566.206405712473,153.68906875588357
19586.244512207144,145.01307293901917
19606.28261870181,133.0319358585874
19626.320725196478,136.3370771221548
19646.35883169115,149.55764217642434
19666.396938185815,135.51079180626294
19686.435044680482,121.46394143610154
19706.473151175152,133.85822117447924
19726.51125766982,124.355940041723
19746.549364164486,119.81137080431785
19766.587470659157,128.48736662118225
19786.625577153824,117.74565751458822
19806.66368364849,125.18222535761484
19826.70179014316,111.54851764539937
19846.739896637828,122.7033694099393
19866.778003132495,112.37480296129121
19886.816109627165,137.57650509599256
19906.854216121832,124.355940041723
19926.8923226165,147.90507154464063
19946.93042911117,129.72679459502
19966.968535605836,137.98964775393847
19987.006642100503,148.7313568605325
20007.044748595174,140.88164635955994
20027.08285508984,169.38848975782867
20047.120961584507,170.62791773166643
20067.159068079178,190.45876531307078
20087.197174573845,190.45876531307078
20107.23528106851,213.18161150009658
20127.273387563182,210.2896128944751
20147.31149405785,220.6181793431232
20167.349600552516,218.9656087113395
20187.387707047186,216.07361010571805
20207.425813541853,214.42103947393434
20227.46392003652,213.5947541580425
20247.50202653119,202.02675973555662
20267.540133025857,181.36962683826044
20287.578239520524,161.53877925685612
20307.616346015195,167.73591912604496
20327.65445250986,159.4730659671265
20347.69255900453,151.21021280820804
20367.7306654992,121.46394143610154
20387.768771993866,129.31365193707407
20407.806878488533,127.24793864734447
20427.844984983203,109.89594701361567
20447.88309147787,107.00394840799422
20467.921197972537,110.72223232950752
20487.959304467207,108.24337638183198
20507.997410961874,104.52509246031866
20528.03551745654,110.72223232950752
20548.07362395121,100.80680853880536
20568.11173044588,101.63309385469721
20588.149836940545,110.3090896715616
20608.187943435216,114.85365890896675
20628.226049929883,106.59080575004829
20648.26415642455,116.91937219869638
20668.30226291922,123.94279738377708
20688.340369413887,127.6610813052904
20708.378475908554,114.44051625102084
20728.416582403224,116.91937219869638
20748.45468889789,132.20565054269554
20768.492795392558,134.27136383242515
20788.53090188723,125.59536801556077
20808.569008381895,136.3370771221548
20828.607114876562,135.92393446420886
20848.645221371233,141.7079316754518
20868.6833278659,131.79250788474963
20888.721434360566,143.3605023072355
20908.759540855237,142.94735964928955
20928.797647349904,142.53421699134364
20948.83575384457,136.7502197801007
20968.87386033924,171.04106038961237
20988.911966833908,158.23363799328874
21008.950073328575,159.88620862507244
21028.988179823245,162.77820723069388
21049.026286317912,157.8204953353428
21069.06439281258,179.30391354853083
21089.10249930725,174.34620165317975
21109.140605801917,179.30391354853083
21129.178712296583,169.8016324157746
21149.216818791254,166.0833484942613
21169.25492528592,180.13019886442268
21189.293031780588,180.54334152236862
21209.331138275258,170.21477507372052
21229.369244769925,159.4730659671265
21249.407351264592,173.10677367934198
21269.445457759262,168.5622044419368
21289.48356425393,160.71249394096426
21309.521670748596,166.4964911522072
21329.559777243267,164.43077786247758
21349.597883737933,166.4964911522072
21369.6359902326,145.83935825491102
21389.67409672727,154.92849672972133
21409.712203221938,150.7970701502621
21429.750309716605,135.097649148317
21449.788416211275,151.21021280820804
21469.826522705942,136.7502197801007
21489.864629200612,133.44507851653333
21509.90273569528,144.59993028107326
21529.940842189946,135.097649148317
21549.978948684617,129.72679459502
21570.017055179283,118.57194283048007
21590.05516167395,125.18222535761484
21610.09326816862,127.6610813052904
21630.131374663288,114.85365890896675
21650.169481157955,123.94279738377708
21670.207587652625,123.52965472583115
21690.245694147292,123.94279738377708
21710.28380064196,106.17766309210236
21730.32190713663,120.22451346226376
21750.360013631296,104.11194980237275
21770.398120125963,116.50622954075045
21790.436226620634,107.00394840799422
21810.4743331153,112.37480296129121
21830.512439609967,110.3090896715616
21850.550546104638,103.2856644864809
21870.588652599305,108.6565190397779
21890.62675909397,103.2856644864809
21910.664865588642,100.80680853880536
21930.70297208331,101.21995119675128
21950.741078577976,103.69880714442682
21970.779185072646,99.9805232229135
21990.817291567313,104.11194980237275
22010.85539806198,96.2622393014002
22030.89350455665,111.13537498745345
22050.931611051317,97.91480993318389
22070.969717545984,86.75995816864395
22091.007824040655,93.78338335372466
22111.04593053532,85.52053019480618
22131.08403702999,97.50166727523796
22151.12214352466,99.15423790702167
22171.160250019326,83.86795956302248
22191.198356513993,83.04167424713064
22211.236463008663,85.52053019480618
22231.27456950333,87.17310082658987
22251.312675997997,83.45481690507657
22271.350782492667,107.83023372388605
22291.388888987334,89.23881411631949
22311.426995482,78.49710500972549
22331.46510197667,98.32795259112982
22351.50320847134,90.47824209015727
22371.541314966005,91.71767006399503
22391.579421460676,71.47367982464478
22411.617527955343,99.56738056496758
22431.65563445001,87.99938614248173
22451.69374094468,89.65195677426541
22471.731847439347,94.19652601167057
22491.769953934014,74.77882108821217
22511.808060428684,95.43595398550835
22531.84616692335,84.2811022209684
22551.884273418018,99.56738056496758
22571.92237991269,97.50166727523796
22591.960486407355,95.84909664345427
22611.998592902022,98.74109524907574
22632.036699396693,111.9616603033453
22652.07480589136,107.83023372388605
22672.112912386026,100.80680853880536
22692.151018880697,96.67538195934613
22712.189125375364,102.87252182853497
22732.22723187003,105.76452043415644
22752.2653383647,104.52509246031866
22772.303444859368,99.15423790702167
22792.341551354035,107.83023372388605
22812.379657848705,85.52053019480618
22832.417764343372,90.06509943221134
22852.45587083804,82.21538893123879
22872.49397733271,96.67538195934613
22892.532083827376,86.34681551069804
22912.570190322043,91.30452740604912
22932.608296816714,81.80224627329287
22952.64640331138,88.82567145837358
22972.684509806048,89.65195677426541
22992.722616300718,83.04167424713064
23012.760722795385,78.49710500972549
23032.79882929005,89.65195677426541
23052.836935784722,93.37024069577873
23072.87504227939,81.80224627329287
23092.913148774056,84.69424487891433
23112.951255268727,86.34681551069804
23132.989361763393,77.25767703588771
23153.02746825806,85.10738753686026
23173.06557475273,82.62853158918472
23193.103681247398,101.63309385469721
23213.141787742064,71.8868224825907
23233.179894236735,82.62853158918472
23253.218000731402,82.21538893123879
23273.25610722607,85.52053019480618
23293.29421372074,73.12625045642848
23313.332320215406,82.21538893123879
23333.370426710077,74.36567843026624
23353.408533204743,84.69424487891433
23373.44663969941,90.06509943221134
23393.48474619408,82.62853158918472
23413.522852688748,85.52053019480618
23433.560959183415,80.97596095740103
23453.599065678085,80.5628182994551
23473.637172172752,72.71310779848255
23493.67527866742,74.36567843026624
23513.71338516209,77.25767703588771
23533.751491656756,70.23425185080701
23553.789598151423,71.06053716669885
23573.827704646093,76.43139171999586
23593.86581114076,77.67081969383364
23613.903917635427,89.23881411631949
23633.942024130098,72.29996514053663
23653.980130624765,82.62853158918472
23674.01823711943,82.21538893123879
23694.056343614102,78.08396235177956
23714.09445010877,83.86795956302248
23734.132556603436,79.32339032561732
23754.170663098106,86.34681551069804
23774.208769592773,76.43139171999586
23794.24687608744,69.82110919286109
23814.28498258211,85.93367285275211
23834.323089076777,76.84453437794178
23854.361195571444,86.34681551069804
23874.399302066115,66.5159679292937
23894.43740856078,77.67081969383364
23914.47551505545,73.12625045642848
23934.51362155012,79.32339032561732
23954.551728044786,82.21538893123879
23974.589834539453,80.14967564150918
23994.627941034123,78.49710500972549
24014.66604752879,74.36567843026624
24034.704154023457,73.95253577232032
24054.742260518127,79.32339032561732
24074.780367012794,70.64739450875294
24094.81847350746,80.14967564150918
24114.85658000213,68.1685385610774
24134.8946864968,80.14967564150918
24154.932792991465,69.40796653491516
24174.970899486136,83.45481690507657
24195.009005980803,72.71310779848255
24215.04711247547,82.21538893123879
24235.08521897014,77.67081969383364
24255.123325464807,85.10738753686026
24275.161431959474,78.9102476676714
24295.199538454144,66.92911058723962
24315.23764494881,78.08396235177956
24335.275751443478,74.36567843026624
24355.31385793815,67.34225324518555
24375.351964432815,79.73653298356325
24395.390070927482,70.23425185080701
24415.428177422153,66.92911058723962
24435.46628391682,82.62853158918472
24455.504390411486,83.86795956302248
24475.542496906157,73.95253577232032
24495.580603400824,78.49710500972549
24515.61870989549,85.93367285275211
24535.65681639016,80.5628182994551
24555.694922884828,78.9102476676714
24575.733029379495,71.8868224825907
24595.771135874165,73.12625045642848
24615.809242368832,75.60510640410402
24635.8473488635,88.82567145837358
24655.88545535817,69.82110919286109
24675.923561852836,74.77882108821217
24695.961668347503,76.84453437794178
24715.999774842174,76.84453437794178
24736.03788133684,73.95253577232032
24756.075987831508,65.68968261340186
24776.114094326178,61.145113375996694
24796.152200820845,71.47367982464478
24816.19030731551,73.12625045642848
24836.228413810182,66.10282527134777
24856.26652030485,76.43139171999586
24876.304626799516,75.1919637461581
24896.342733294186,73.95253577232032
24916.380839788853,64.03711198161815
24936.41894628352,80.14967564150918
24956.45705277819,66.5159679292937
24976.495159272858,74.77882108821217
24996.533265767524,67.75539590313147
25016.571372262195,76.84453437794178
25036.60947875686,80.14967564150918
25056.64758525153,76.43139171999586
25076.6856917462,74.77882108821217
25096.723798240866,64.03711198161815
25116.761904735533,74.36567843026624
25136.800011230203,68.58168121902331
25156.83811772487,72.71310779848255
25176.87622421954,88.41252880042765
25196.914330714208,71.06053716669885
25216.952437208874,76.01824906204995
25236.990543703545,86.34681551069804
25257.028650198212,85.52053019480618
25277.06675669288,82.62853158918472
25297.10486318755,78.49710500972549
25317.142969682216,80.5628182994551
25337.181076176883,73.12625045642848
25357.219182671553,73.53939311437439
25377.25728916622,74.77882108821217
25397.295395660887,71.8868224825907
25417.333502155558,76.01824906204995
25437.371608650225,70.23425185080701
25457.40971514489,58.25311477037523
25477.447821639562,62.79768400778038
25497.48592813423,73.95253577232032
25517.524034628896,65.68968261340186
25537.562141123566,66.92911058723962
25557.600247618233,61.97139869188854
25577.6383541129,66.5159679292937
25597.67646060757,67.34225324518555
25617.714567102237,66.10282527134777
25637.752673596904,74.36567843026624
25657.790780091575,67.34225324518555
25677.82888658624,69.82110919286109
25697.86699308091,70.64739450875294
25717.90509957558,69.40796653491516
25737.943206070246,66.5159679292937
25757.981312564913,68.99482387696924
25778.019419059583,61.97139869188854
25798.05752555425,69.40796653491516
25818.095632048917,65.68968261340186
25838.133738543587,66.5159679292937
25858.171845038254,70.23425185080701
25878.20995153292,64.86339729751
25898.24805802759,60.31882806010484
25918.28616452226,59.90568540215892
25938.324271016925,73.12625045642848
25958.362377511596,65.27653995545593
25978.400484006263,67.75539590313147
25998.43859050093,68.99482387696924
26018.4766969956,68.58168121902331
26038.514803490267,64.45025463956408
26058.552909984934,65.27653995545593
26078.591016479604,74.36567843026624
26098.62912297427,71.8868224825907
26118.667229468938,64.86339729751
26138.70533596361,60.73197071805077
26158.743442458275,70.23425185080701
26178.781548952942,61.97139869188854
26198.819655447613,74.36567843026624
26218.85776194228,73.12625045642848
26238.895868436946,71.8868224825907
26258.933974931617,63.21082666572631
26278.972081426284,63.623969323672235
26299.01018792095,68.58168121902331
26319.04829441562,57.8399721124293
26339.086400910288,64.86339729751
26359.124507404955,69.82110919286109
26379.162613899625,57.013686796537456
26399.200720394292,64.03711198161815
26419.23882688896,68.99482387696924
26439.27693338363,73.95253577232032
26459.315039878296,57.8399721124293
26479.353146372963,59.492542744213
26499.391252867634,66.10282527134777
26519.4293593623,76.43139171999586
26539.467465856967,61.97139869188854
26559.505572351638,54.947973506807834
26579.543678846305,61.97139869188854
26599.58178534097,61.97139869188854
26619.619891835642,56.60054413859153
26639.65799833031,61.145113375996694
26659.696104824976,58.25311477037523
26679.734211319646,69.82110919286109
26699.772317814313,59.90568540215892
26719.81042430898,63.21082666572631
26739.84853080365,55.774258822699686
26759.886637298318,66.5159679292937
26779.924743792984,60.73197071805077
26799.962850287655,64.86339729751
26820.00095678232,59.07940008626707
26840.03906327699,62.384541349834464
26860.07716977166,58.25311477037523
26880.115276266326,64.03711198161815
26900.153382760993,59.90568540215892
26920.191489255663,52.88226021707822
26940.22959575033,60.31882806010484
26960.267702244997,65.68968261340186
26980.305808739668,52.88226021707822
27000.343915234334,67.75539590313147
27020.382021729,60.31882806010484
27040.42012822367,63.21082666572631
27060.45823471834,56.187401480645605
27080.49634121301,52.46911755913229
27100.534447707676,57.426829454483375
27120.572554202343,57.426829454483375
27140.610660697013,62.79768400778038
27160.64876719168,57.013686796537456
27180.686873686347,53.708545532970064
27200.724980181018,61.55825603394261
27220.763086675684,56.187401480645605
27240.80119317035,61.97139869188854
27260.839299665022,50.40340426940268
27280.87740615969,62.384541349834464
27300.915512654356,51.64283224324045
27320.953619149026,55.36111616475376
27340.991725643693,64.86339729751
27361.02983213836,62.79768400778038
27381.06793863303,46.68512034788937
27401.106045127697,55.36111616475376
27421.144151622364,54.534830848861915
27441.182258117035,59.07940008626707
27461.2203646117,54.12168819091599
27481.25847110637,56.187401480645605
27501.29657760104,51.64283224324045
27521.334684095706,52.055974901186374
27541.372790590372,65.27653995545593
27561.410897085043,64.86339729751
27581.44900357971,55.774258822699686
27601.487110074377,58.25311477037523
27621.525216569047,56.187401480645605
27641.563323063714,57.013686796537456
27661.60142955838,50.816546927348604
27681.63953605305,56.187401480645605
27701.67764254772,52.055974901186374
27721.715749042385,48.33769097967306
27741.753855537056,57.426829454483375
27761.791962031723,63.623969323672235
27781.83006852639,57.013686796537456
27801.86817502106,52.055974901186374
27821.906281515727,57.013686796537456
27841.944388010394,52.055974901186374
27861.982494505064,60.73197071805077
27882.02060099973,59.07940008626707
27902.058707494398,53.708545532970064
27922.09681398907,50.816546927348604
27942.134920483735,53.295402875024145
27962.173026978402,43.379979084321974
27982.211133473073,52.46911755913229
28002.24923996774,51.64283224324045
28022.287346462406,55.774258822699686
28042.325452957077,53.708545532970064
28062.363559451744,54.947973506807834
28082.40166594641,48.33769097967306
28102.43977244108,49.57711895351083
28122.477878935748,54.12168819091599
28142.515985430415,52.46911755913229
28162.554091925085,49.99026161145675
28182.592198419752,41.727408452538285
28202.63030491442,51.64283224324045
28222.66841140909,54.534830848861915
28242.706517903756,53.708545532970064
28262.744624398423,44.206264400213826
28282.782730893094,52.055974901186374
28302.82083738776,52.88226021707822
28322.858943882427,44.619407058159744
28342.897050377098,44.619407058159744
28362.935156871765,57.426829454483375
28382.97326336643,55.36111616475376
28403.011369861102,60.31882806010484
28423.04947635577,57.013686796537456
28443.087582850436,47.51140566378121
28463.125689345106,52.055974901186374
28483.163795839773,50.40340426940268
28503.20190233444,54.12168819091599
28523.24000882911,45.858835031997515
28543.278115323777,51.22968958529452
28563.316221818444,56.60054413859153
28583.354328313115,49.99026161145675
28603.39243480778,49.99026161145675
28623.43054130245,42.966836426376055
28643.46864779712,52.055974901186374
28663.506754291786,49.99026161145675
28683.544860786453,45.858835031997515
28703.582967281123,46.68512034788937
28723.62107377579,49.16397629556491
28743.659180270457,43.7931217422679
28763.697286765128,43.7931217422679
28783.735393259794,51.22968958529452
28803.77349975446,48.75083363761898
28823.81160624913,47.51140566378121
28843.8497127438,41.31426579459236
28863.887819238465,54.534830848861915
28883.925925733136,47.098263005835285
28903.964032227803,41.727408452538285
28924.002138722473,45.445692374051596
28944.04024521714,48.75083363761898
28964.078351711807,51.64283224324045
28984.116458206478,46.68512034788937
29004.154564701144,46.68512034788937
29024.19267119581,52.055974901186374
29044.23077769048,49.16397629556491
29064.26888418515,49.99026161145675
29084.306990679815,49.57711895351083
29104.345097174486,46.27197768994344
29124.383203669153,45.445692374051596
29144.42131016382,45.858835031997515
29164.45941665849,49.57711895351083
29184.497523153157,44.619407058159744
29204.535629647824,42.966836426376055
29224.573736142494,47.92454832172714
29244.61184263716,49.57711895351083
29264.649949131828,39.66169516280866
29284.6880556265,49.57711895351083
29304.726162121166,50.40340426940268
29324.764268615832,47.51140566378121
29344.802375110503,43.379979084321974
29364.84048160517,41.727408452538285
29384.878588099837,45.445692374051596
29404.916694594507,43.7931217422679
29424.954801089174,41.727408452538285
29444.99290758384,39.66169516280866
29465.03101407851,44.619407058159744
29485.06912057318,39.66169516280866
29505.107227067845,41.727408452538285
29525.145333562516,44.619407058159744
29545.183440057182,48.75083363761898
29565.22154655185,49.16397629556491
29585.25965304652,49.16397629556491
29605.297759541187,43.379979084321974
29625.335866035854,46.68512034788937
29645.373972530524,45.03254971610567
29665.41207902519,44.619407058159744
29685.450185519858,34.290840609511655
29705.48829201453,35.94341124129535
29725.526398509195,41.31426579459236
29745.564505003862,35.530268583349425
29765.602611498532,43.379979084321974
29785.6407179932,39.66169516280866
29805.678824487866,47.51140566378121
29825.716930982537,35.530268583349425
29845.755037477204,45.858835031997515
29865.79314397187,42.1405511104842
29885.83125046654,40.90112313664643
29905.869356961208,40.07483782075459
29925.907463455875,37.18283921513312
29945.945569950545,44.206264400213826
29965.983676445212,41.31426579459236
29986.02178293988,35.117125925403506
30006.05988943455,40.487980478700514
30026.097995929216,38.83540984691682
30046.136102423883,42.966836426376055
30066.174208918554,34.70398326745758
30086.21231541322,41.727408452538285
30106.250421907887,42.55369376843013
30126.288528402558,40.487980478700514
30146.326634897225,41.31426579459236
30166.36474139189,35.94341124129535
30186.402847886562,38.83540984691682
30206.44095438123,38.42226718897089
30226.479060875896,39.248552504862744
30246.517167370566,40.90112313664643
30266.555273865233,38.83540984691682
30286.5933803599,46.27197768994344
30306.63148685457,38.42226718897089
30326.669593349237,33.051412635673884
30346.707699843904,37.59598187307905
30366.745806338575,33.051412635673884
30386.78391283324,43.379979084321974
30406.82201932791,40.07483782075459
30426.86012582258,37.18283921513312
30446.898232317246,35.530268583349425
30466.936338811913,40.07483782075459
30486.974445306583,35.530268583349425
30507.01255180125,28.91998605621465
30527.050658295917,32.638269977727965
30547.088764790587,35.117125925403506
30567.126871285254,39.66169516280866
30587.16497777992,37.18283921513312
30607.20308427459,33.051412635673884
30627.24119076926,38.00912453102497
30647.279297263925,35.94341124129535
30667.317403758596,31.811984661836117
30687.355510253263,35.530268583349425
30707.39361674793,40.487980478700514
30727.4317232426,30.98569934594427
30747.469829737267,35.94341124129535
30767.507936231937,35.117125925403506
30787.546042726604,38.83540984691682
30807.58414922127,33.051412635673884
30827.62225571594,37.18283921513312
30847.66036221061,33.877697951565736
30867.698468705275,32.638269977727965
30887.736575199946,40.487980478700514
30907.774681694613,34.290840609511655
30927.81278818928,31.811984661836117
30947.85089468395,43.379979084321974
30967.889001178617,28.506843398268728
30987.927107673284,36.35655389924128
31007.965214167954,38.42226718897089
31028.00332066262,32.22512731978204
31048.041427157288,35.530268583349425
31068.07953365196,34.290840609511655
31088.117640146625,27.267415424430958
31108.155746641292,35.530268583349425
31128.193853135963,26.854272766485032
31148.23195963063,31.39884200389019
31168.270066125297,26.854272766485032
31188.308172619967,40.487980478700514
31208.346279114634,34.70398326745758
31228.3843856093,33.051412635673884
31248.42249210397,29.333128714160576
31268.460598598638,32.22512731978204
31288.498705093305,33.46455529361981
31308.536811587976,35.94341124129535
31328.574918082642,40.487980478700514
31348.61302457731,33.051412635673884
31368.65113107198,30.98569934594427
31388.689237566647,28.093700740322802
31408.727344061313,30.15941403005242
31428.765450555984,34.290840609511655
31448.80355705065,29.333128714160576
31468.841663545318,28.506843398268728
31488.87977003999,30.15941403005242
31508.917876534655,22.722846187025798
31528.955983029322,32.638269977727965
31548.994089523992,31.811984661836117
31569.03219601866,26.854272766485032
31589.070302513326,32.22512731978204
31609.108409007997,34.290840609511655
31629.146515502664,26.027987450593187
31649.18462199733,31.811984661836117
31669.222728492,27.68055808237688
31689.260834986668,28.093700740322802
31709.298941481335,33.051412635673884
31729.337047976005,28.506843398268728
31749.375154470672,27.68055808237688
31769.41326096534,30.572556687998347
31789.45136746001,24.37541681880949
31809.489473954676,27.68055808237688
31829.527580449343,29.333128714160576
31849.565686944014,26.027987450593187
31869.60379343868,27.267415424430958
31889.641899933347,20.65713289729618
31909.680006428018,32.22512731978204
31929.718112922685,30.15941403005242
31949.75621941735,30.15941403005242
31969.794325912022,27.267415424430958
31989.83243240669,29.7462713721065
32009.870538901356,24.788559476755417
32029.908645396026,22.309703529079872
32049.946751890693,32.638269977727965
32069.98485838536,30.15941403005242
32090.02296488003,23.549131502917643
32110.061071374697,28.91998605621465
32130.099177869364,24.37541681880949
32150.137284364035,32.22512731978204
32170.1753908587,20.65713289729618
32190.21349735337,24.37541681880949
32210.25160384804,19.004562265512487
32230.289710342706,24.37541681880949
32250.327816837373,35.530268583349425
32270.365923332043,23.13598884497172
32290.40402982671,25.61484479264726
32310.442136321377,26.027987450593187
32330.480242816047,27.267415424430958
32350.518349310714,23.549131502917643
32370.55645580538,19.004562265512487
32390.59456230005,26.44113010853911
32410.63266879472,21.0702755552421
32430.670775289385,24.37541681880949
32450.708881784056,22.309703529079872
32470.746988278723,20.243990239350257
32490.78509477339,27.267415424430958
32510.82320126806,22.722846187025798
32530.861307762727,25.20170213470134
32550.899414257394,26.854272766485032
32570.937520752064,23.96227416086357
32590.97562724673,21.0702755552421
32611.013733741398,26.854272766485032
32631.05184023607,20.65713289729618
32651.089946730735,24.788559476755417
32671.128053225406,17.765134291674713
32691.166159720073,20.65713289729618
32711.20426621474,23.96227416086357
32731.24237270941,21.483418213188028
32751.280479204077,19.83084758140433
32771.31858569875,23.549131502917643
32791.35669219341,17.765134291674713
32811.39479868808,19.83084758140433
32831.43290518275,21.483418213188028
32851.471011677415,18.59141960756656
32871.509118172085,21.0702755552421
32891.547224666756,24.788559476755417
32911.58533116142,21.0702755552421
32931.62343765609,20.65713289729618
32951.66154415076,21.0702755552421
32971.69965064542,21.483418213188028
32991.737757140094,22.722846187025798
33011.775863634764,23.96227416086357
33031.81397012943,22.309703529079872
33051.8520766241,21.89656087113395
33071.89018311877,19.83084758140433
33091.92828961343,17.35199163372879
33111.9663961081,14.459993028107325
33132.00450260277,23.96227416086357
33152.042609097436,16.11256365989102
33172.08071559211,19.83084758140433
33192.11882208678,20.243990239350257
33212.15692858144,21.89656087113395
33232.19503507611,13.633707712215479
33252.23314157078,17.35199163372879
33272.271248065445,16.11256365989102
33292.309354560115,11.981137080431784
33312.347461054786,15.699421001945096
33332.38556754945,19.004562265512487
33352.42367404412,14.87313568605325
33372.46178053879,20.65713289729618
33392.49988703345,16.11256365989102
33412.53799352812,19.83084758140433
33432.576100022794,14.046850370161401
33452.61420651746,18.17827694962064
33472.65231301213,19.83084758140433
33492.6904195068,15.699421001945096
33512.72852600146,19.41770492345841
33532.76663249613,13.220565054269555
33552.8047389908,16.938848975782868
33572.842845485466,21.0702755552421
33592.880951980136,10.741709106594014
33612.91905847481,15.699421001945096
33632.95716496947,14.87313568605325
33652.99527146414,15.286278343999173
33673.03337795881,14.459993028107325
33693.071484453474,11.56799442248586
33713.109590948145,16.938848975782868
33733.147697442815,14.046850370161401
33753.18580393748,16.938848975782868
33773.22391043215,12.80742239632363
33793.26201692682,14.459993028107325
33813.30012342148,14.87313568605325
33833.33822991615,11.154851764539936
33853.37633641082,16.938848975782868
33873.41444290549,15.699421001945096
33893.45254940016,10.741709106594014
33913.49065589483,12.394279738377708
33933.52876238949,13.633707712215479
33953.56686888416,11.981137080431784
33973.60497537883,17.765134291674713
33993.643081873495,14.87313568605325
34013.681188368166,8.675995816864395
34033.719294862836,11.154851764539936
34053.7574013575,9.08913847481032
34073.79550785217,12.394279738377708
34093.83361434684,10.741709106594014
34113.871720841504,9.915423790702166
34133.909827336174,11.56799442248586
34153.947933830845,12.394279738377708
34173.98604032551,11.154851764539936
34194.02414682018,14.87313568605325
34214.06225331485,9.502281132756243
34234.10035980951,13.220565054269555
34254.13846630418,8.262853158918471
34274.17657279885,12.80742239632363
34294.21467929352,8.675995816864395
34314.25278578819,11.981137080431784
34334.29089228286,9.08913847481032
34354.32899877752,14.046850370161401
34374.36710527219,11.154851764539936
34394.40521176686,8.262853158918471
34414.443318261525,11.154851764539936
34434.481424756195,9.502281132756243
34454.519531250866,9.08913847481032
34474.55763774553,9.502281132756243
34494.5957442402,7.023425185080701
34514.63385073487,8.675995816864395
34534.67195722953,6.610282527134777
34554.710063724204,9.08913847481032
34574.748170218874,8.675995816864395
34594.78627671354,15.699421001945096
34614.82438320821,11.154851764539936
34634.86248970288,8.262853158918471
34654.90059619754,8.262853158918471
34674.93870269221,8.675995816864395
34694.97680918688,9.915423790702166
34715.014915681546,12.394279738377708
34735.05302217622,7.023425185080701
34755.09112867089,4.957711895351083
34775.12923516555,7.023425185080701
34795.16734166022,7.436567843026625
34815.20544815489,6.610282527134777
34835.243554649554,4.1314265794592355
34855.281661144225,8.262853158918471
34875.319767638895,4.1314265794592355
34895.35787413356,7.436567843026625
34915.39598062823,7.849710500972548
34935.4340871229,3.7182839215133123
34955.47219361756,4.1314265794592355
34975.51030011223,5.78399721124293
34995.548406606904,5.370854553297007
35015.58651310157,7.023425185080701
35035.62461959624,4.1314265794592355
35055.66272609091,4.1314265794592355
35075.70083258557,4.1314265794592355
35095.73893908024,3.7182839215133123
35115.77704557491,6.610282527134777
35135.815152069576,4.1314265794592355
35155.853258564246,3.3051412635673887
35175.89136505892,3.7182839215133123
35195.92947155358,4.1314265794592355
35215.96757804825,4.54456923740516
35236.00568454292,3.7182839215133123
35256.043791037584,2.891998605621465
35276.081897532255,3.3051412635673887
35296.120004026925,3.7182839215133123
35316.15811052159,4.957711895351083
35336.19621701626,4.1314265794592355
35356.23432351093,4.1314265794592355
35376.27243000559,3.7182839215133123
35396.31053650026,3.3051412635673887
35416.34864299493,4.957711895351083
35436.386749489604,2.891998605621465
35456.42485598427,4.54456923740516
35476.46296247894,2.0657132897296178
35496.50106897361,3.3051412635673887
35516.53917546827,2.0657132897296178
35536.57728196294,2.0657132897296178
35556.61538845761,1.6525706317836943
35576.653494952276,2.4788559476755414
35596.691601446946,4.957711895351083
35616.72970794162,3.3051412635673887
35636.76781443628,2.4788559476755414
35656.80592093095,2.891998605621465
35676.84402742562,4.54456923740516
35696.882133920284,0.8262853158918472
35716.920240414955,2.0657132897296178
35736.958346909625,2.0657132897296178
35756.99645340429,1.2394279738377707
35777.03455989896,2.891998605621465
35797.07266639363,2.891998605621465
35817.11077288829,0.8262853158918472
35837.14887938296,1.6525706317836943
35857.18698587763,1.2394279738377707
35877.2250923723,1.6525706317836943
35897.26319886697,2.4788559476755414
35917.30130536164,2.0657132897296178
35937.3394118563,0.8262853158918472
35957.37751835097,4.1314265794592355
35977.41562484564,2.891998605621465
35997.453731340305,2.0657132897296178
36017.491837834976,1.6525706317836943
36037.529944329646,2.4788559476755414
36057.56805082431,0.8262853158918472
36077.60615731898,2.891998605621465
36097.64426381365,2.4788559476755414
36117.682370308314,1.2394279738377707
36137.720476802984,2.4788559476755414
36157.758583297655,2.891998605621465
36177.79668979232,3.7182839215133123
36197.83479628699,0.8262853158918472
36217.87290278166,1.6525706317836943
36237.91100927632,1.6525706317836943
36257.94911577099,1.2394279738377707
36277.98722226566,1.2394279738377707
36298.02532876033,0.4131426579459236
36318.063435255,1.6525706317836943
36338.10154174967,1.6525706317836943
36358.13964824433,1.2394279738377707
36378.177754739,1.6525706317836943
36398.21586123367,1.2394279738377707
36418.253967728335,2.4788559476755414
36438.292074223005,3.7182839215133123
36458.330180717676,0.8262853158918472
36478.36828721234,0.4131426579459236
36498.40639370701,2.891998605621465
36518.44450020168,2.0657132897296178
36538.48260669634,2.0657132897296178
36558.520713191014,1.2394279738377707
36578.558819685684,1.6525706317836943
36598.59692618035,1.2394279738377707
36618.63503267502,2.0657132897296178
36638.67313916969,2.0657132897296178
36658.71124566435,1.2394279738377707
36678.74935215902,1.6525706317836943
36698.78745865369,2.0657132897296178
36718.825565148356,0.8262853158918472
36738.86367164303,0.8262853158918472
36758.9017781377,1.2394279738377707
36778.93988463236,1.2394279738377707
36798.97799112703,0.4131426579459236
36819.0160976217,1.2394279738377707
36839.054204116364,2.4788559476755414
36859.092310611035,0.8262853158918472
36879.130417105705,0.8262853158918472
36899.16852360037,1.2394279738377707
36919.20663009504,0.0
36939.24473658971,2.0657132897296178
36959.28284308437,0.8262853158918472
36979.32094957904,0.8262853158918472
36999.359056073714,0.8262853158918472
37019.39716256838,0.4131426579459236
37039.43526906305,0.4131426579459236
37059.47337555772,0.8262853158918472
37079.51148205238,0.4131426579459236
37099.54958854705,0.8262853158918472
37119.58769504172,2.0657132897296178
37139.625801536386,1.2394279738377707
37159.663908031056,1.2394279738377707
37179.70201452573,0.8262853158918472
37199.74012102039,1.2394279738377707
37219.77822751506,0.8262853158918472
37239.81633400973,1.2394279738377707
37259.854440504394,0.4131426579459236
37279.892546999065,0.8262853158918472
37299.930653493735,0.4131426579459236
37319.9687599884,0.8262853158918472
37340.00686648307,0.4131426579459236
37360.04497297774,0.4131426579459236
37380.0830794724,0.8262853158918472
37400.12118596707,1.2394279738377707
37420.15929246174,0.8262853158918472
37440.19739895641,0.8262853158918472
37460.23550545108,0.8262853158918472
37480.27361194575,0.4131426579459236
37500.31171844041,0.8262853158918472
37520.34982493508,0.8262853158918472
37540.38793142975,0.0
37560.426037924415,2.4788559476755414
37580.464144419086,0.0
37600.502250913756,0.8262853158918472
37620.54035740842,0.4131426579459236
37640.57846390309,1.6525706317836943
37660.61657039776,0.8262853158918472
37680.65467689242,0.8262853158918472
37700.692783387094,1.2394279738377707
37720.730889881765,1.2394279738377707
37740.76899637643,2.0657132897296178
37760.8071028711,0.8262853158918472
37780.84520936577,2.0657132897296178
37800.88331586043,0.8262853158918472
37820.9214223551,0.8262853158918472
37840.95952884977,0.4131426579459236
37860.997635344436,0.8262853158918472
37881.03574183911,1.2394279738377707
37901.07384833378,1.2394279738377707
37921.11195482844,0.4131426579459236
37941.15006132311,0.4131426579459236
37961.18816781778,2.0657132897296178
37981.226274312445,0.8262853158918472
38001.264380807115,0.4131426579459236
38021.302487301786,0.0
38041.34059379645,0.0
38061.37870029112,0.4131426579459236
38081.41680678579,0.4131426579459236
38101.45491328045,0.4131426579459236
38121.493019775124,0.8262853158918472
38141.531126269794,0.8262853158918472
38161.56923276446,0.8262853158918472
38181.60733925913,1.2394279738377707
38201.6454457538,1.6525706317836943
38221.68355224846,0.0
38241.72165874313,0.4131426579459236
38261.7597652378,0.0
38281.797871732466,1.2394279738377707
38301.83597822714,0.8262853158918472
38321.87408472181,0.4131426579459236
38341.91219121647,0.8262853158918472
38361.95029771114,0.4131426579459236
38381.98840420581,0.4131426579459236
38402.026510700474,0.8262853158918472
38422.064617195145,0.8262853158918472
38442.102723689815,0.8262853158918472
38462.14083018448,0.0
38482.17893667915,0.4131426579459236
38502.21704317382,0.8262853158918472
38522.25514966848,0.8262853158918472
38542.29325616315,0.0
38562.331362657824,0.0
38582.36946915249,0.4131426579459236
38602.40757564716,0.0
38622.44568214183,0.0
38642.48378863649,0.4131426579459236
38662.52189513116,0.0
38682.56000162583,0.0
38702.598108120495,0.0
38722.636214615166,0.0
38742.67432110984,0.4131426579459236
38762.7124276045,0.8262853158918472
38782.75053409917,0.0
38802.78864059384,1.2394279738377707
38822.826747088504,0.4131426579459236
38842.864853583174,1.2394279738377707
38862.902960077845,0.4131426579459236
38882.94106657251,0.4131426579459236
38902.97917306718,0.8262853158918472
38923.01727956185,0.4131426579459236
38943.05538605651,1.2394279738377707
38963.09349255118,0.4131426579459236
38983.13159904585,0.4131426579459236
39003.16970554052,0.0
39023.20781203519,0.8262853158918472
39043.24591852986,0.0
39063.28402502452,0.4131426579459236
39083.32213151919,0.8262853158918472
39103.36023801386,0.4131426579459236
39123.398344508525,0.4131426579459236
39143.436451003196,0.4131426579459236
39163.474557497866,0.4131426579459236
39183.51266399254,0.0
39203.5507704872,0.4131426579459236
39223.58887698187,0.0
39243.62698347654,0.0
39263.665089971204,0.0
39283.703196465874,0.4131426579459236
39303.741302960545,0.0
39323.77940945521,0.0
39343.81751594988,0.4131426579459236
39363.85562244455,0.8262853158918472
39383.89372893921,0.4131426579459236
39403.93183543388,0.4131426579459236
39423.96994192855,0.4131426579459236
39444.00804842322,0.0
39464.04615491789,0.0
39484.08426141256,0.4131426579459236
39504.12236790722,0.0
39524.16047440189,0.4131426579459236
39544.19858089656,0.8262853158918472
39564.236687391225,0.4131426579459236
39584.274793885896,0.8262853158918472
39604.312900380566,0.4131426579459236
39624.35100687523,0.0
39644.3891133699,0.8262853158918472
39664.42721986457,0.0
39684.46532635923,0.4131426579459236
39704.503432853904,0.4131426579459236
39724.541539348575,0.4131426579459236
39744.57964584324,0.0
39764.61775233791,0.0
39784.65585883258,0.0
39804.69396532724,0.4131426579459236
39824.73207182191,1.2394279738377707
39844.77017831658,0.0
39864.808284811246,0.0
39884.84639130592,0.4131426579459236
39904.88449780059,0.4131426579459236
39924.92260429525,0.8262853158918472
39944.96071078992,0.4131426579459236
39964.99881728459,0.0
39985.036923779255,0.4131426579459236
40005.075030273925,0.0
40025.113136768596,0.0
40045.15124326326,0.0
40065.18934975793,0.0
40085.2274562526,0.0
40105.26556274726,0.0
40125.303669241934,0.4131426579459236
40145.341775736604,0.0
40165.37988223127,0.0
40185.41798872594,0.4131426579459236
40205.45609522061,0.0
40225.49420171527,0.0
40245.53230820994,0.0
40265.57041470461,0.0
40285.608521199276,0.0
40305.646627693946,0.4131426579459236
40325.68473418862,0.4131426579459236
40345.72284068328,0.0
40365.76094717795,0.4131426579459236
40385.79905367262,0.4131426579459236
40405.837160167284,0.4131426579459236
40425.875266661955,0.4131426579459236
40445.913373156625,0.8262853158918472
40465.95147965129,0.4131426579459236
40485.98958614596,0.8262853158918472
40506.02769264063,0.0
40526.06579913529,0.0
40546.10390562996,0.0
40566.142012124634,0.0
40586.1801186193,0.4131426579459236
40606.21822511397,0.0
40626.25633160864,0.4131426579459236
40646.2944381033,0.0
40666.33254459797,0.8262853158918472
40686.37065109264,0.4131426579459236
40706.408757587305,0.8262853158918472
40726.446864081976,0.4131426579459236
40746.48497057665,0.4131426579459236
40766.52307707131,0.0
40786.56118356598,0.0
40806.59929006065,0.4131426579459236
40826.637396555314,0.4131426579459236
40846.675503049984,0.0
40866.713609544655,0.4131426579459236
40886.75171603932,0.0
40906.78982253399,0.0
40926.82792902866,0.4131426579459236
40946.86603552332,0.0
40966.90414201799,0.0
40986.94224851266,0.0
41006.98035500733,0.4131426579459236
