Energy (keV),Intensity (CPS)
-11.423063158083874,0.0
8.617937657386538,0.0
28.65893847285695,0.0
48.69993928832736,0.0
68.74094010379777,0.0
88.78194091926818,0.0
108.82294173473859,0.0
128.86394255020903,0.0
148.90494336567943,0.0
168.94594418114983,0.0
188.98694499662025,0.0
209.02794581209068,0.0
229.06894662756108,0.0
249.10994744303147,0.0
269.1509482585019,0.3868290653027857
289.1919490739723,0.0
309.2329498894427,0.0
329.2739507049131,1.1604871959083571
349.3149515203835,0.3868290653027857
369.35595233585394,0.3868290653027857
389.39695315132434,1.5473162612111429
409.43795396679474,2.3209743918167143
429.4789547822652,2.3209743918167143
449.5199555977356,4.255119718330643
469.560956413206,5.4156069142389995
489.6019572286764,2.7078034571194998
509.6429580441468,5.4156069142389995
529.6839588596172,6.962923175450143
549.7249596750877,8.510239436661285
569.7659604905581,11.991701024386357
589.8069613060285,10.831213828477999
609.8479621214989,10.831213828477999
629.8889629369693,8.1234103713585
649.9299637524397,12.765359154991929
669.9709645679101,17.02047887332257
690.0119653833805,8.1234103713585
710.0529661988509,12.765359154991929
730.0939670143214,12.765359154991929
750.1349678297918,11.604871959083571
770.1759686452622,15.086333546808643
790.2169694607326,16.246820742717
810.257970276203,13.925846350900287
830.2989710916734,9.283897567266857
850.3399719071438,15.859991677414214
870.3809727226143,8.510239436661285
890.4219735380847,13.152188220294715
910.4629743535551,17.02047887332257
930.5039751690255,13.5390172855975
950.5449759844959,13.5390172855975
970.5859767999663,14.699504481505857
990.6269776154367,11.218042893780785
1010.667978430907,8.510239436661285
1030.7089792463776,11.604871959083571
1050.749980061848,8.510239436661285
1070.7909808773184,11.604871959083571
1090.8319816927888,10.831213828477999
1110.8729825082594,9.670726632569643
1130.9139833237298,14.699504481505857
1150.9549841392002,11.604871959083571
1170.9959849546706,13.152188220294715
1191.036985770141,10.444384763175215
1211.0779865856114,11.604871959083571
1231.1189874010818,10.831213828477999
1251.1599882165522,12.378530089689143
1271.2009890320226,8.897068501964071
1291.241989847493,12.378530089689143
1311.2829906629634,11.991701024386357
1331.3239914784338,13.152188220294715
1351.3649922939042,11.991701024386357
1371.4059931093745,11.604871959083571
1391.446993924845,11.991701024386357
1411.4879947403153,9.283897567266857
1431.5289955557857,13.152188220294715
1451.5699963712564,14.699504481505857
1471.6109971867268,17.407307938625358
1491.6519980021972,11.991701024386357
1511.6929988176676,16.246820742717
1531.733999633138,12.765359154991929
1551.7750004486084,14.699504481505857
1571.8160012640787,12.765359154991929
1591.8570020795491,10.831213828477999
1611.8980028950195,11.991701024386357
1631.93900371049,9.670726632569643
1651.9800045259603,10.444384763175215
1672.0210053414307,10.057555697872429
1692.0620061569011,10.831213828477999
1712.1030069723715,11.604871959083571
1732.144007787842,11.991701024386357
1752.1850086033126,12.765359154991929
1772.226009418783,9.670726632569643
1792.2670102342533,10.057555697872429
1812.3080110497237,12.378530089689143
1832.3490118651941,11.218042893780785
1852.3900126806645,10.831213828477999
1872.431013496135,11.991701024386357
1892.4720143116053,13.152188220294715
1912.5130151270757,15.859991677414214
1932.5540159425461,10.444384763175215
1952.5950167580165,11.991701024386357
1972.636017573487,12.378530089689143
1992.6770183889573,11.218042893780785
2012.7180192044277,10.057555697872429
2032.7590200198981,10.057555697872429
2052.8000208353683,12.378530089689143
2072.8410216508387,13.152188220294715
2092.882022466309,12.765359154991929
2112.9230232817795,9.670726632569643
2132.96402409725,9.283897567266857
2153.0050249127203,9.670726632569643
2173.0460257281907,12.378530089689143
2193.087026543661,13.925846350900287
2213.1280273591315,10.831213828477999
2233.1690281746023,7.349752240752928
2253.2100289900727,11.218042893780785
2273.251029805543,10.831213828477999
2293.2920306210135,10.831213828477999
2313.333031436484,13.152188220294715
2333.3740322519543,8.1234103713585
2353.4150330674247,12.378530089689143
2373.456033882895,15.473162612111429
2393.4970346983655,11.991701024386357
2413.538035513836,12.765359154991929
2433.5790363293063,12.765359154991929
2453.6200371447767,8.510239436661285
2473.661037960247,9.283897567266857
2493.7020387757175,7.736581306055714
2513.743039591188,8.510239436661285
2533.7840404066583,6.962923175450143
2553.8250412221287,10.831213828477999
2573.866042037599,6.576094110147357
2593.9070428530695,8.1234103713585
2613.94804366854,11.604871959083571
2633.9890444840103,11.218042893780785
2654.0300452994807,11.604871959083571
2674.071046114951,10.057555697872429
2694.1120469304215,8.510239436661285
2714.153047745892,11.218042893780785
2734.1940485613623,11.991701024386357
2754.2350493768326,5.8024359795417855
2774.276050192303,11.991701024386357
2794.3170510077734,6.189265044844571
2814.358051823244,8.510239436661285
2834.3990526387142,6.962923175450143
2854.4400534541846,6.576094110147357
2874.481054269655,4.6419487836334286
2894.522055085126,10.057555697872429
2914.5630559005963,10.444384763175215
2934.6040567160667,6.962923175450143
2954.645057531537,8.510239436661285
2974.6860583470075,10.057555697872429
2994.727059162478,10.444384763175215
3014.7680599779483,8.510239436661285
3034.8090607934187,7.349752240752928
3054.850061608889,6.576094110147357
3074.8910624243595,8.897068501964071
3094.93206323983,5.4156069142389995
3114.9730640553003,7.349752240752928
3135.0140648707707,10.444384763175215
3155.055065686241,6.189265044844571
3175.0960665017114,8.1234103713585
3195.137067317182,7.736581306055714
3215.1780681326522,7.349752240752928
3235.2190689481226,6.962923175450143
3255.260069763593,5.4156069142389995
3275.3010705790634,6.962923175450143
3295.342071394534,4.255119718330643
3315.3830722100042,11.218042893780785
3335.4240730254746,8.1234103713585
3355.465073840945,6.189265044844571
3375.5060746564154,5.0287778489362145
3395.547075471886,3.0946325224222857
3415.588076287356,4.6419487836334286
3435.6290771028266,4.6419487836334286
3455.670077918297,6.576094110147357
3475.7110787337674,4.6419487836334286
3495.752079549238,3.868290653027857
3515.7930803647087,4.255119718330643
3535.834081180179,6.576094110147357
3555.8750819956495,2.7078034571194998
3575.91608281112,3.0946325224222857
3595.9570836265902,8.510239436661285
3615.9980844420606,3.0946325224222857
3636.039085257531,5.0287778489362145
3656.0800860730014,4.6419487836334286
3676.121086888472,5.0287778489362145
3696.1620877039422,2.3209743918167143
3716.2030885194126,2.3209743918167143
3736.244089334883,3.868290653027857
3756.2850901503534,3.868290653027857
3776.326090965824,3.4814615877250716
3796.367091781294,3.868290653027857
3816.4080925967646,1.9341453265139286
3836.449093412235,2.3209743918167143
3856.4900942277054,5.8024359795417855
3876.531095043176,1.1604871959083571
3896.572095858646,5.0287778489362145
3916.6130966741166,3.4814615877250716
3936.654097489587,2.7078034571194998
3956.6950983050574,1.9341453265139286
3976.736099120528,3.0946325224222857
3996.777099935998,2.3209743918167143
4016.8181007514686,3.0946325224222857
4036.859101566939,1.1604871959083571
4056.9001023824094,1.9341453265139286
4076.94110319788,3.4814615877250716
4096.98210401335,2.3209743918167143
4117.023104828821,2.3209743918167143
4137.064105644291,1.9341453265139286
4157.105106459761,0.7736581306055714
4177.146107275232,0.7736581306055714
4197.187108090702,2.7078034571194998
4217.228108906173,2.7078034571194998
4237.269109721643,2.7078034571194998
4257.310110537113,1.9341453265139286
4277.351111352584,1.1604871959083571
4297.392112168054,0.7736581306055714
4317.433112983525,2.7078034571194998
4337.474113798995,1.5473162612111429
4357.515114614465,1.1604871959083571
4377.556115429936,1.9341453265139286
4397.597116245406,0.7736581306055714
4417.6381170608765,2.3209743918167143
4437.679117876347,1.1604871959083571
4457.720118691817,0.3868290653027857
4477.761119507289,3.868290653027857
4497.802120322759,1.9341453265139286
4517.843121138229,0.3868290653027857
4537.8841219537,0.0
4557.92512276917,0.7736581306055714
4577.966123584641,0.3868290653027857
4598.007124400111,2.3209743918167143
4618.048125215581,2.7078034571194998
4638.089126031052,1.1604871959083571
4658.130126846522,0.7736581306055714
4678.171127661993,0.7736581306055714
4698.212128477463,0.7736581306055714
4718.253129292933,0.3868290653027857
4738.294130108404,0.0
4758.335130923874,1.5473162612111429
4778.376131739345,0.0
4798.417132554815,1.5473162612111429
4818.458133370285,0.7736581306055714
4838.499134185756,0.7736581306055714
4858.540135001226,0.0
4878.581135816697,0.0
4898.622136632167,1.1604871959083571
4918.663137447637,1.1604871959083571
4938.704138263108,0.3868290653027857
4958.745139078578,0.0
4978.786139894049,0.7736581306055714
4998.827140709519,0.3868290653027857
5018.868141524989,0.3868290653027857
5038.90914234046,0.7736581306055714
5058.95014315593,1.1604871959083571
5078.991143971401,0.7736581306055714
5099.032144786871,1.1604871959083571
5119.073145602341,0.7736581306055714
5139.114146417812,0.7736581306055714
5159.155147233282,1.1604871959083571
5179.196148048753,0.3868290653027857
5199.237148864223,0.3868290653027857
5219.278149679693,0.7736581306055714
5239.319150495164,1.5473162612111429
5259.360151310634,0.0
5279.4011521261045,0.7736581306055714
5299.442152941575,1.5473162612111429
5319.483153757045,0.7736581306055714
5339.524154572516,0.3868290653027857
5359.565155387986,0.7736581306055714
5379.6061562034565,1.9341453265139286
5399.647157018927,1.1604871959083571
5419.688157834397,1.1604871959083571
5439.729158649868,0.7736581306055714
5459.770159465338,0.7736581306055714
5479.8111602808085,0.7736581306055714
5499.852161096279,0.7736581306055714
5519.893161911749,0.3868290653027857
5539.93416272722,0.7736581306055714
5559.97516354269,0.7736581306055714
5580.0161643581605,1.5473162612111429
5600.057165173631,0.7736581306055714
5620.098165989101,0.3868290653027857
5640.139166804572,0.0
5660.180167620042,0.0
5680.2211684355125,1.1604871959083571
5700.262169250983,0.3868290653027857
5720.303170066453,0.7736581306055714
5740.344170881924,0.3868290653027857
5760.385171697394,0.0
5780.426172512865,0.7736581306055714
5800.467173328336,1.1604871959083571
5820.508174143806,1.1604871959083571
5840.549174959277,0.7736581306055714
5860.590175774747,0.3868290653027857
5880.631176590217,0.7736581306055714
5900.672177405688,0.3868290653027857
5920.713178221158,0.0
5940.754179036629,0.3868290653027857
5960.795179852099,0.3868290653027857
5980.836180667569,0.0
6000.87718148304,0.0
6020.91818229851,1.1604871959083571
6040.9591831139805,0.7736581306055714
6061.000183929451,0.0
6081.041184744921,0.0
6101.082185560392,0.3868290653027857
6121.123186375862,0.3868290653027857
6141.1641871913325,0.3868290653027857
6161.205188006803,0.0
6181.246188822273,1.1604871959083571
6201.287189637744,1.1604871959083571
6221.328190453214,1.5473162612111429
6241.3691912686845,0.7736581306055714
6261.410192084155,0.3868290653027857
6281.451192899625,1.5473162612111429
6301.492193715096,0.7736581306055714
6321.533194530566,2.3209743918167143
6341.5741953460365,1.1604871959083571
6361.615196161507,3.868290653027857
6381.656196976977,2.7078034571194998
6401.697197792448,3.0946325224222857
6421.738198607918,2.7078034571194998
6441.7791994233885,1.5473162612111429
6461.820200238859,2.3209743918167143
6481.861201054329,0.7736581306055714
6501.9022018698,0.7736581306055714
6521.94320268527,0.0
6541.9842035007405,0.7736581306055714
6562.025204316211,0.3868290653027857
6582.066205131681,0.7736581306055714
6602.107205947152,0.7736581306055714
6622.148206762622,0.0
6642.1892075780925,0.0
6662.230208393563,0.0
6682.271209209033,1.1604871959083571
6702.312210024504,0.0
6722.353210839974,0.0
6742.394211655444,0.3868290653027857
6762.435212470915,0.7736581306055714
6782.476213286385,0.7736581306055714
6802.517214101856,0.0
6822.558214917326,0.7736581306055714
6842.599215732796,1.1604871959083571
6862.640216548267,0.7736581306055714
6882.681217363737,0.3868290653027857
6902.722218179208,0.0
6922.763218994678,0.7736581306055714
6942.804219810148,0.0
6962.845220625619,0.7736581306055714
6982.886221441089,0.7736581306055714
7002.92722225656,1.5473162612111429
7022.96822307203,1.9341453265139286
7043.009223887501,0.0
7063.050224702972,1.1604871959083571
7083.091225518442,0.7736581306055714
7103.1322263339125,1.5473162612111429
7123.173227149383,1.1604871959083571
7143.214227964853,0.0
7163.255228780324,0.3868290653027857
7183.296229595794,0.3868290653027857
7203.3372304112645,0.7736581306055714
7223.378231226735,0.0
7243.419232042205,0.7736581306055714
7263.460232857676,0.7736581306055714
7283.501233673146,0.7736581306055714
7303.5422344886165,0.0
7323.583235304087,0.3868290653027857
7343.624236119557,0.0
7363.665236935028,1.5473162612111429
7383.706237750498,0.3868290653027857
7403.7472385659685,0.3868290653027857
7423.788239381439,0.3868290653027857
7443.829240196909,0.0
7463.87024101238,0.7736581306055714
7483.91124182785,0.7736581306055714
7503.9522426433205,0.7736581306055714
7523.993243458791,0.7736581306055714
7544.034244274261,1.1604871959083571
7564.075245089732,0.7736581306055714
7584.116245905202,0.7736581306055714
7604.157246720672,1.5473162612111429
7624.198247536143,0.0
7644.239248351613,0.0
7664.280249167084,0.7736581306055714
7684.321249982554,0.0
7704.362250798024,0.3868290653027857
7724.403251613495,0.3868290653027857
7744.444252428965,0.7736581306055714
7764.485253244436,0.3868290653027857
7784.526254059906,0.0
7804.567254875376,1.5473162612111429
7824.608255690847,0.3868290653027857
7844.649256506317,1.1604871959083571
7864.690257321788,0.0
7884.731258137258,1.5473162612111429
7904.772258952728,1.5473162612111429
7924.813259768199,1.5473162612111429
7944.854260583669,6.189265044844571
7964.89526139914,8.897068501964071
7984.93626221461,11.991701024386357
8004.97726303008,17.407307938625358
8025.018263845551,11.991701024386357
8045.059264661021,16.246820742717
8065.100265476492,15.086333546808643
8085.141266291962,10.831213828477999
8105.182267107432,10.444384763175215
8125.223267922903,4.255119718330643
8145.264268738373,5.8024359795417855
8165.305269553844,3.4814615877250716
8185.346270369314,0.7736581306055714
8205.387271184785,0.7736581306055714
8225.428272000256,1.5473162612111429
8245.469272815726,0.7736581306055714
8265.510273631196,0.0
8285.551274446667,0.0
8305.592275262137,0.7736581306055714
8325.633276077608,1.1604871959083571
8345.674276893078,0.0
8365.715277708548,1.5473162612111429
8385.756278524019,0.0
8405.79727933949,1.9341453265139286
8425.83828015496,1.1604871959083571
8445.87928097043,1.9341453265139286
8465.9202817859,3.868290653027857
8485.96128260137,5.0287778489362145
8506.002283416841,10.831213828477999
8526.043284232312,14.31267541620307
8546.084285047782,25.14388924468107
8566.125285863252,37.909248399673
8586.166286678723,45.645829705728715
8606.207287494193,70.402889885107
8626.248288309664,63.43996670965686
8646.289289125134,59.958505121931786
8666.330289940604,55.316556338298355
8686.371290756075,48.35363316284821
8706.412291571545,34.814615877250716
8726.453292387016,22.43608578756157
8746.494293202486,15.859991677414214
8766.535294017956,8.510239436661285
8786.576294833427,3.4814615877250716
8806.617295648897,4.6419487836334286
8826.658296464368,3.0946325224222857
8846.699297279838,2.3209743918167143
8866.740298095308,5.8024359795417855
8886.781298910779,4.255119718330643
8906.82229972625,4.6419487836334286
8926.86330054172,3.868290653027857
8946.90430135719,2.7078034571194998
8966.945302172662,3.868290653027857
8986.986302988133,1.9341453265139286
9007.027303803603,2.3209743918167143
9027.068304619073,0.3868290653027857
9047.109305434544,1.5473162612111429
9067.150306250014,0.7736581306055714
9087.191307065485,0.3868290653027857
9107.232307880955,0.0
9127.273308696425,0.7736581306055714
9147.314309511896,0.7736581306055714
9167.355310327366,0.7736581306055714
9187.396311142837,0.0
9207.437311958307,1.1604871959083571
9227.478312773777,0.0
9247.519313589248,1.1604871959083571
9267.560314404718,0.3868290653027857
9287.601315220189,1.1604871959083571
9307.642316035659,0.7736581306055714
9327.68331685113,1.5473162612111429
9347.7243176666,1.5473162612111429
9367.76531848207,1.9341453265139286
9387.80631929754,1.9341453265139286
9407.847320113011,3.868290653027857
9427.888320928481,2.7078034571194998
9447.929321743952,3.0946325224222857
9467.970322559422,4.6419487836334286
9488.011323374893,6.962923175450143
9508.052324190363,6.962923175450143
9528.093325005833,11.604871959083571
9548.134325821304,8.897068501964071
9568.175326636774,11.604871959083571
9588.216327452245,10.057555697872429
9608.257328267715,11.218042893780785
9628.298329083185,8.1234103713585
9648.339329898656,8.1234103713585
9668.380330714126,5.8024359795417855
9688.421331529597,5.0287778489362145
9708.462332345067,1.5473162612111429
9728.503333160537,0.3868290653027857
9748.544333976008,0.3868290653027857
9768.585334791478,1.1604871959083571
9788.626335606948,0.0
9808.667336422419,1.1604871959083571
9828.70833723789,0.7736581306055714
9848.74933805336,0.3868290653027857
9868.79033886883,0.3868290653027857
9888.8313396843,0.3868290653027857
9908.87234049977,0.7736581306055714
9928.913341315241,1.1604871959083571
9948.954342130712,0.3868290653027857
9968.995342946182,0.3868290653027857
9989.036343761652,0.0
10009.077344577123,0.3868290653027857
10029.118345392593,0.3868290653027857
10049.159346208064,0.0
10069.200347023534,1.1604871959083571
10089.241347839004,0.0
10109.282348654475,1.1604871959083571
10129.323349469945,0.3868290653027857
10149.364350285416,0.3868290653027857
10169.405351100886,0.0
10189.446351916356,0.3868290653027857
10209.487352731827,0.0
10229.528353547297,0.3868290653027857
10249.569354362768,0.3868290653027857
10269.610355178238,0.7736581306055714
10289.651355993708,0.3868290653027857
10309.692356809179,0.0
10329.73335762465,0.0
10349.77435844012,0.0
10369.81535925559,0.0
10389.85636007106,1.1604871959083571
10409.89736088653,1.1604871959083571
10429.938361702001,0.7736581306055714
10449.979362517472,0.7736581306055714
10470.020363332942,1.9341453265139286
10490.061364148412,0.3868290653027857
10510.102364963883,1.5473162612111429
10530.143365779353,0.3868290653027857
10550.184366594824,1.9341453265139286
10570.225367410294,1.5473162612111429
10590.266368225764,2.7078034571194998
10610.307369041235,1.9341453265139286
10630.348369856705,5.4156069142389995
10650.389370672176,5.0287778489362145
10670.430371487646,10.831213828477999
10690.471372303116,12.765359154991929
10710.512373118587,15.473162612111429
10730.553373934057,22.822914852864358
10750.594374749528,32.10681242013121
10770.635375564998,35.588274007856285
10790.676376380468,47.19314596693986
10810.717377195939,59.571676056629
10830.75837801141,58.79801792602343
10850.79937882688,58.02435979541786
10870.84037964235,52.99558194648164
10890.88138045782,38.29607746497579
10910.92238127329,42.164368118003644
10930.963382088761,27.078034571195
10951.004382904232,18.9546241998365
10971.045383719702,12.765359154991929
10991.086384535172,6.962923175450143
11011.127385350643,4.255119718330643
11031.168386166113,1.9341453265139286
11051.209386981584,1.5473162612111429
11071.250387797054,0.0
11091.291388612524,0.0
11111.332389427995,1.1604871959083571
11131.373390243465,1.1604871959083571
11151.414391058936,0.7736581306055714
11171.455391874406,0.7736581306055714
11191.496392689876,0.0
11211.537393505347,0.0
11231.578394320817,0.0
11251.619395136287,0.0
11271.660395951758,1.5473162612111429
11291.701396767228,0.0
11311.742397582699,0.3868290653027857
11331.783398398169,0.7736581306055714
11351.82439921364,1.1604871959083571
11371.86540002911,1.1604871959083571
11391.90640084458,0.7736581306055714
11411.94740166005,2.3209743918167143
11431.988402475521,1.1604871959083571
11452.029403290991,0.3868290653027857
11472.070404106462,0.3868290653027857
11492.111404921932,0.3868290653027857
11512.152405737403,1.1604871959083571
11532.193406552873,0.3868290653027857
11552.234407368345,1.1604871959083571
11572.275408183816,0.0
11592.316408999286,0.3868290653027857
11612.357409814756,0.3868290653027857
11632.398410630227,2.7078034571194998
11652.439411445697,1.9341453265139286
11672.480412261168,1.9341453265139286
11692.521413076638,1.9341453265139286
11712.562413892108,2.3209743918167143
11732.603414707579,0.7736581306055714
11752.64441552305,1.1604871959083571
11772.68541633852,2.7078034571194998
11792.72641715399,1.5473162612111429
11812.76741796946,1.5473162612111429
11832.80841878493,1.1604871959083571
11852.849419600401,0.3868290653027857
11872.890420415872,0.3868290653027857
11892.931421231342,0.7736581306055714
11912.972422046812,0.3868290653027857
11933.013422862283,0.3868290653027857
11953.054423677753,1.1604871959083571
11973.095424493224,0.3868290653027857
11993.136425308694,0.0
12013.177426124164,0.3868290653027857
12033.218426939635,0.7736581306055714
12053.259427755105,0.0
12073.300428570576,0.0
12093.341429386046,1.1604871959083571
12113.382430201516,0.0
12133.423431016987,0.7736581306055714
12153.464431832457,0.0
12173.505432647928,0.7736581306055714
12193.546433463398,0.0
12213.587434278868,0.7736581306055714
12233.628435094339,0.3868290653027857
12253.66943590981,0.3868290653027857
12273.71043672528,1.1604871959083571
12293.75143754075,1.9341453265139286
12313.79243835622,0.7736581306055714
12333.83343917169,1.1604871959083571
12353.874439987161,1.5473162612111429
12373.915440802632,0.3868290653027857
12393.956441618102,1.5473162612111429
12413.997442433572,1.9341453265139286
12434.038443249043,1.1604871959083571
12454.079444064513,1.5473162612111429
12474.120444879984,1.9341453265139286
12494.161445695454,1.1604871959083571
12514.202446510924,2.7078034571194998
12534.243447326395,2.7078034571194998
12554.284448141865,2.7078034571194998
12574.325448957336,5.0287778489362145
12594.366449772806,5.4156069142389995
12614.407450588276,4.6419487836334286
12634.448451403747,7.736581306055714
12654.489452219217,6.576094110147357
12674.530453034688,6.576094110147357
12694.571453850158,6.576094110147357
12714.612454665628,5.8024359795417855
12734.653455481099,5.4156069142389995
12754.69445629657,5.4156069142389995
12774.73545711204,4.6419487836334286
12794.77645792751,9.670726632569643
12814.81745874298,4.6419487836334286
12834.85845955845,4.6419487836334286
12854.899460373921,11.991701024386357
12874.940461189391,13.925846350900287
12894.981462004862,24.3702311140755
12915.022462820332,30.946325224222857
12935.063463635803,37.52241933437021
12955.104464451273,49.900949424059355
12975.145465266743,54.15606914239
12995.186466082214,60.34533418723457
13015.227466897684,61.118992317840146
13035.268467713155,66.92142829738192
13055.309468528625,56.09021446890393
13075.350469344095,53.76924007708721
13095.391470159566,40.6170518567925
13115.432470975036,33.26729961603957
13135.473471790507,32.493641485434
13155.514472605977,19.341453265139286
13175.555473421447,15.473162612111429
13195.596474236918,15.473162612111429
13215.637475052388,11.991701024386357
13235.678475867859,9.283897567266857
13255.719476683329,5.0287778489362145
13275.7604774988,3.0946325224222857
13295.80147831427,4.255119718330643
13315.84247912974,5.0287778489362145
13335.88347994521,2.7078034571194998
13355.924480760681,2.3209743918167143
13375.965481576151,4.6419487836334286
13396.006482391622,4.255119718330643
13416.047483207092,4.255119718330643
13436.088484022563,5.0287778489362145
13456.129484838033,2.7078034571194998
13476.170485653503,3.4814615877250716
13496.211486468974,1.1604871959083571
13516.252487284444,1.9341453265139286
13536.293488099915,0.7736581306055714
13556.334488915385,0.3868290653027857
13576.375489730855,1.1604871959083571
13596.416490546326,1.1604871959083571
13616.457491361796,0.7736581306055714
13636.498492177267,1.1604871959083571
13656.539492992737,1.1604871959083571
13676.580493808207,1.9341453265139286
13696.621494623678,1.5473162612111429
13716.662495439148,0.7736581306055714
13736.703496254619,0.7736581306055714
13756.744497070089,0.7736581306055714
13776.78549788556,2.3209743918167143
13796.82649870103,0.7736581306055714
13816.8674995165,0.0
13836.90850033197,0.7736581306055714
13856.949501147441,1.9341453265139286
13876.990501962911,1.1604871959083571
13897.031502778382,0.7736581306055714
13917.072503593852,0.3868290653027857
13937.113504409323,0.3868290653027857
13957.154505224793,1.1604871959083571
13977.195506040263,0.7736581306055714
13997.236506855734,0.3868290653027857
14017.277507671204,0.3868290653027857
14037.318508486675,3.4814615877250716
14057.359509302145,5.4156069142389995
14077.400510117615,3.4814615877250716
14097.441510933088,5.4156069142389995
14117.482511748558,5.4156069142389995
14137.523512564028,6.576094110147357
14157.564513379499,3.4814615877250716
14177.60551419497,6.189265044844571
14197.64651501044,5.4156069142389995
14217.68751582591,5.4156069142389995
14237.72851664138,3.868290653027857
14257.76951745685,3.4814615877250716
14277.810518272321,0.3868290653027857
14297.851519087792,3.0946325224222857
14317.892519903262,2.7078034571194998
14337.933520718732,1.5473162612111429
14357.974521534203,0.7736581306055714
14378.015522349673,1.9341453265139286
14398.056523165144,0.7736581306055714
14418.097523980614,0.3868290653027857
14438.138524796084,0.0
14458.179525611555,0.0
14478.220526427025,1.1604871959083571
14498.261527242496,1.1604871959083571
14518.302528057966,0.3868290653027857
14538.343528873436,0.3868290653027857
14558.384529688907,0.3868290653027857
14578.425530504377,0.7736581306055714
14598.466531319847,0.0
14618.507532135318,0.0
14638.548532950788,0.3868290653027857
14658.589533766259,0.7736581306055714
14678.630534581729,1.1604871959083571
14698.6715353972,1.1604871959083571
14718.71253621267,1.5473162612111429
14738.75353702814,0.7736581306055714
14758.79453784361,1.5473162612111429
14778.835538659081,1.5473162612111429
14798.876539474551,0.7736581306055714
14818.917540290022,0.7736581306055714
14838.958541105492,1.1604871959083571
14858.999541920963,1.5473162612111429
14879.040542736433,0.3868290653027857
14899.081543551903,0.7736581306055714
14919.122544367374,2.7078034571194998
14939.163545182844,0.0
14959.204545998315,1.1604871959083571
14979.245546813785,2.3209743918167143
14999.286547629255,1.5473162612111429
15019.327548444726,2.3209743918167143
15039.368549260196,3.4814615877250716
15059.409550075667,3.0946325224222857
15079.450550891137,3.0946325224222857
15099.491551706607,1.9341453265139286
15119.532552522078,4.255119718330643
15139.573553337548,6.962923175450143
15159.614554153019,8.1234103713585
15179.655554968489,13.152188220294715
15199.69655578396,10.057555697872429
15219.73755659943,11.604871959083571
15239.7785574149,10.057555697872429
15259.81955823037,11.991701024386357
15279.860559045841,10.444384763175215
15299.901559861311,7.736581306055714
15319.942560676782,7.349752240752928
15339.983561492252,7.736581306055714
15360.024562307723,5.0287778489362145
15380.065563123193,3.4814615877250716
15400.106563938663,3.0946325224222857
15420.147564754134,1.9341453265139286
15440.188565569604,3.4814615877250716
15460.229566385075,2.3209743918167143
15480.270567200545,1.9341453265139286
15500.311568016015,4.6419487836334286
15520.352568831486,3.0946325224222857
15540.393569646956,5.0287778489362145
15560.434570462427,6.576094110147357
15580.475571277897,6.576094110147357
15600.516572093367,6.576094110147357
15620.557572908838,6.576094110147357
15640.598573724308,9.670726632569643
15660.639574539779,11.991701024386357
15680.680575355249,10.057555697872429
15700.72157617072,13.5390172855975
15720.76257698619,11.604871959083571
15740.80357780166,11.991701024386357
15760.84457861713,11.991701024386357
15780.885579432601,15.473162612111429
15800.926580248071,13.925846350900287
15820.967581063542,10.057555697872429
15841.008581879012,8.1234103713585
15861.049582694483,6.576094110147357
15881.090583509953,7.736581306055714
15901.131584325423,3.4814615877250716
15921.172585140894,3.0946325224222857
15941.213585956364,5.4156069142389995
15961.254586771835,3.0946325224222857
15981.295587587305,0.7736581306055714
16001.336588402775,3.0946325224222857
16021.377589218246,3.0946325224222857
16041.418590033716,1.5473162612111429
16061.459590849186,1.1604871959083571
16081.500591664657,1.1604871959083571
16101.541592480127,2.3209743918167143
16121.582593295598,2.7078034571194998
16141.623594111068,1.5473162612111429
16161.664594926538,3.868290653027857
16181.705595742009,1.9341453265139286
16201.74659655748,1.5473162612111429
16221.78759737295,2.7078034571194998
16241.82859818842,3.4814615877250716
16261.86959900389,3.4814615877250716
16281.91059981936,1.9341453265139286
16301.951600634831,3.4814615877250716
16321.992601450302,5.8024359795417855
16342.033602265772,3.868290653027857
16362.074603081242,3.0946325224222857
16382.115603896713,4.255119718330643
16402.156604712185,3.868290653027857
16422.197605527654,3.0946325224222857
16442.238606343126,3.0946325224222857
16462.279607158594,3.0946325224222857
16482.320607974067,2.7078034571194998
16502.361608789535,1.9341453265139286
16522.402609605007,3.868290653027857
16542.443610420476,3.0946325224222857
16562.48461123595,1.9341453265139286
16582.525612051417,4.6419487836334286
16602.56661286689,3.868290653027857
16622.607613682358,3.868290653027857
16642.64861449783,6.189265044844571
16662.6896153133,3.868290653027857
16682.73061612877,2.7078034571194998
16702.77161694424,4.255119718330643
16722.81261775971,1.5473162612111429
16742.85361857518,2.7078034571194998
16762.894619390652,3.0946325224222857
16782.93562020612,5.8024359795417855
16802.976621021593,4.255119718330643
16823.01762183706,3.4814615877250716
16843.058622652534,5.8024359795417855
16863.099623468002,6.576094110147357
16883.140624283475,3.868290653027857
16903.181625098943,2.3209743918167143
16923.222625914415,4.255119718330643
16943.263626729884,3.868290653027857
16963.304627545356,3.868290653027857
16983.345628360825,4.6419487836334286
17003.386629176297,3.0946325224222857
17023.427629991766,6.189265044844571
17043.468630807238,3.4814615877250716
17063.509631622706,5.8024359795417855
17083.55063243818,4.6419487836334286
17103.591633253647,6.962923175450143
17123.63263406912,5.4156069142389995
17143.673634884588,4.255119718330643
17163.71463570006,4.255119718330643
17183.75563651553,7.349752240752928
17203.796637331,10.057555697872429
17223.83763814647,9.283897567266857
17243.87863896194,7.736581306055714
17263.91963977741,11.991701024386357
17283.960640592883,13.925846350900287
17304.00164140835,16.633649808019786
17324.042642223823,16.633649808019786
17344.083643039292,25.530718309983857
17364.124643854764,24.757060179378286
17384.165644670233,25.530718309983857
17404.206645485705,29.7858380283145
17424.247646301174,36.748761203764644
17444.288647116646,35.588274007856285
17464.329647932114,33.26729961603957
17484.370648747587,31.71998335482843
17504.411649563055,24.3702311140755
17524.452650378527,31.71998335482843
17544.493651193996,18.18096606923093
17564.534652009468,22.43608578756157
17584.575652824937,16.633649808019786
17604.61665364041,14.699504481505857
17624.657654455877,17.407307938625358
17644.69865527135,11.991701024386357
17664.73965608682,9.283897567266857
17684.78065690229,12.765359154991929
17704.82165771776,9.670726632569643
17724.86265853323,11.218042893780785
17744.9036593487,8.1234103713585
17764.944660164172,10.057555697872429
17784.98566097964,10.831213828477999
17805.026661795113,8.897068501964071
17825.06766261058,10.831213828477999
17845.108663426054,9.283897567266857
17865.149664241522,9.670726632569643
17885.190665056994,6.576094110147357
17905.231665872463,7.736581306055714
17925.272666687935,6.189265044844571
17945.313667503407,8.897068501964071
17965.354668318876,11.604871959083571
17985.39566913435,8.510239436661285
18005.436669949817,11.991701024386357
18025.47767076529,11.218042893780785
18045.518671580758,9.283897567266857
18065.55967239623,9.283897567266857
18085.6006732117,7.736581306055714
18105.64167402717,17.02047887332257
18125.68267484264,10.057555697872429
18145.72367565811,16.246820742717
18165.76467647358,13.5390172855975
18185.805677289052,13.152188220294715
18205.84667810452,12.378530089689143
18225.887678919993,12.378530089689143
18245.92867973546,12.378530089689143
18265.969680550934,10.831213828477999
18286.010681366402,6.962923175450143
18306.051682181875,11.991701024386357
18326.092682997343,17.407307938625358
18346.133683812815,15.086333546808643
18366.174684628284,11.218042893780785
18386.215685443756,13.925846350900287
18406.256686259225,17.407307938625358
18426.297687074697,19.72828233044207
18446.338687890166,15.859991677414214
18466.379688705638,15.086333546808643
18486.420689521106,17.02047887332257
18506.46169033658,26.30437644058943
18526.502691152047,27.851692701800573
18546.54369196752,27.464863636497785
18566.584692782988,25.14388924468107
18586.62569359846,24.3702311140755
18606.66669441393,25.530718309983857
18626.7076952294,34.04095774664514
18646.74869604487,32.88047055073679
18666.78969686034,39.069735595581356
18686.83069767581,40.230222791489716
18706.871698491283,40.6170518567925
18726.91269930675,38.29607746497579
18746.953700122223,40.6170518567925
18766.994700937692,45.645829705728715
18787.035701753164,42.93802624860921
18807.076702568633,47.57997503224264
18827.117703384105,42.55119718330643
18847.158704199574,54.92972727299557
18867.199705015046,46.80631690163707
18887.240705830514,59.571676056629
18907.281706645987,49.12729129345379
18927.322707461455,51.061436619967715
18947.363708276927,57.637530730115074
18967.404709092396,51.4482656852705
18987.445709907868,52.60875288117886
19007.486710723337,54.92972727299557
19027.52771153881,57.637530730115074
19047.568712354278,42.55119718330643
19067.60971316975,46.419487836334284
19087.65071398522,41.77753905270086
19107.69171480069,42.55119718330643
19127.73271561616,44.485342509820356
19147.77371643163,35.2014449425535
19167.8147172471,31.71998335482843
19187.855718062572,37.52241933437021
19207.89671887804,35.2014449425535
19227.937719693513,34.04095774664514
19247.97872050898,31.71998335482843
19268.019721324454,26.691205505892214
19288.060722139922,28.238521767103357
19308.101722955395,28.238521767103357
19328.142723770863,25.91754737528664
19348.183724586335,23.59657298346993
19368.224725401804,25.91754737528664
19388.265726217276,24.757060179378286
19408.306727032745,26.691205505892214
19428.347727848217,27.464863636497785
19448.388728663685,22.43608578756157
19468.429729479158,17.794137003928142
19488.470730294626,22.822914852864358
19508.5117311101,23.983402048772714
19528.552731925567,23.209743918167142
19548.59373274104,26.691205505892214
19568.634733556508,25.530718309983857
19588.67573437198,20.88876952635043
19608.71673518745,26.691205505892214
19628.75773600292,18.9546241998365
19648.79873681839,25.530718309983857
19668.83973763386,17.794137003928142
19688.88073844933,19.72828233044207
19708.921739264802,18.18096606923093
19728.96274008027,15.859991677414214
19749.003740895743,20.501940461047642
19769.044741711212,15.473162612111429
19789.085742526684,20.115111395744858
19809.126743342153,22.049256722258786
19829.167744157625,17.794137003928142
19849.208744973093,16.246820742717
19869.249745788566,13.925846350900287
19889.290746604034,16.633649808019786
19909.331747419506,21.662427656955998
19929.372748234975,21.275598591653214
19949.413749050447,20.501940461047642
19969.454749865916,22.43608578756157
19989.495750681388,21.275598591653214
20009.536751496857,18.9546241998365
20029.57775231233,25.91754737528664
20049.618753127797,28.238521767103357
20069.65975394327,19.72828233044207
20089.70075475874,24.757060179378286
20109.74175557421,28.238521767103357
20129.78275638968,28.238521767103357
20149.82375720515,28.62535083240614
20169.86475802062,35.97510307315907
20189.905758836092,31.71998335482843
20209.94675965156,32.88047055073679
20229.987760467033,29.399008963011713
20250.0287612825,21.662427656955998
20270.069762097974,28.62535083240614
20290.110762913442,23.59657298346993
20310.151763728914,25.91754737528664
20330.192764544383,21.275598591653214
20350.233765359855,28.238521767103357
20370.274766175324,16.246820742717
20390.315766990796,20.88876952635043
20410.356767806265,21.662427656955998
20430.397768621737,18.567795134533714
20450.438769437205,20.115111395744858
20470.479770252678,21.662427656955998
20490.520771068146,14.699504481505857
20510.56177188362,18.567795134533714
20530.60277269909,25.14388924468107
20550.64377351456,21.275598591653214
20570.68477433003,20.501940461047642
20590.7257751455,23.209743918167142
20610.766775960972,21.275598591653214
20630.80777677644,17.02047887332257
20650.848777591913,25.14388924468107
20670.88977840738,25.530718309983857
20690.930779222854,25.530718309983857
20710.971780038322,29.399008963011713
20731.012780853795,30.172667093617285
20751.053781669263,26.691205505892214
20771.094782484735,29.01217989770893
20791.135783300204,30.946325224222857
20811.176784115676,29.7858380283145
20831.217784931145,24.3702311140755
20851.258785746617,28.238521767103357
20871.299786562086,29.01217989770893
20891.340787377558,37.52241933437021
20911.381788193026,37.52241933437021
20931.4227890085,33.26729961603957
20951.463789823967,27.851692701800573
20971.50479063944,32.88047055073679
20991.545791454908,36.36193213846186
21011.58679227038,32.493641485434
21031.62779308585,37.13559026906743
21051.66879390132,38.29607746497579
21071.70979471679,35.97510307315907
21091.75079553226,36.36193213846186
21111.79179634773,36.748761203764644
21131.832797163202,37.13559026906743
21151.87379797867,39.45656466088414
21171.914798794143,36.748761203764644
21191.955799609612,40.6170518567925
21211.996800425084,38.68290653027857
21232.037801240553,32.10681242013121
21252.078802056025,32.10681242013121
21272.119802871493,37.52241933437021
21292.160803686966,39.069735595581356
21312.201804502434,42.55119718330643
21332.242805317906,34.814615877250716
21352.283806133375,37.909248399673
21372.324806948847,38.29607746497579
21392.365807764316,43.324855313911996
21412.406808579788,38.29607746497579
21432.447809395257,33.65412868134236
21452.48881021073,34.814615877250716
21472.529811026197,35.2014449425535
21492.57081184167,33.26729961603957
21512.61181265714,34.04095774664514
21532.65281347261,33.65412868134236
21552.69381428808,30.172667093617285
21572.73481510355,26.30437644058943
21592.77581591902,28.62535083240614
21612.816816734492,27.464863636497785
21632.85781754996,30.559496158920073
21652.898818365433,34.04095774664514
21672.9398191809,25.91754737528664
21692.980819996374,25.14388924468107
21713.021820811842,25.530718309983857
21733.062821627314,26.691205505892214
21753.103822442783,33.26729961603957
21773.144823258255,25.91754737528664
21793.185824073724,20.115111395744858
21813.226824889196,19.72828233044207
21833.267825704665,32.10681242013121
21853.308826520137,27.851692701800573
21873.349827335605,30.946325224222857
21893.390828151078,24.757060179378286
21913.431828966546,22.43608578756157
21933.47282978202,22.43608578756157
21953.513830597487,26.691205505892214
21973.55483141296,29.7858380283145
21993.595832228428,30.946325224222857
22013.6368330439,30.559496158920073
22033.67783385937,30.559496158920073
22053.71883467484,24.3702311140755
22073.75983549031,26.30437644058943
22093.80083630578,23.59657298346993
22113.84183712125,27.078034571195
22133.882837936722,25.530718309983857
22153.92383875219,32.493641485434
22173.964839567663,26.30437644058943
22194.00584038313,23.209743918167142
22214.046841198604,25.91754737528664
22234.087842014073,22.049256722258786
22254.128842829545,27.851692701800573
22274.169843645013,31.33315428952564
22294.210844460486,26.691205505892214
22314.251845275954,25.530718309983857
22334.292846091426,26.30437644058943
22354.333846906895,27.464863636497785
22374.374847722367,25.14388924468107
22394.415848537836,24.757060179378286
22414.456849353308,25.530718309983857
22434.497850168776,31.33315428952564
22454.53885098425,28.238521767103357
22474.579851799717,27.464863636497785
22494.62085261519,31.33315428952564
22514.661853430658,30.172667093617285
22534.70285424613,23.59657298346993
22554.7438550616,28.62535083240614
22574.78485587707,34.04095774664514
22594.82585669254,25.530718309983857
22614.866857508012,34.427786811947925
22634.90785832348,34.04095774664514
22654.948859138953,28.238521767103357
22674.98985995442,29.399008963011713
22695.030860769893,33.26729961603957
22715.071861585362,33.26729961603957
22735.112862400834,30.559496158920073
22755.153863216303,35.2014449425535
22775.194864031775,33.65412868134236
22795.235864847244,34.427786811947925
22815.276865662716,25.14388924468107
22835.317866478184,29.7858380283145
22855.358867293657,27.078034571195
22875.399868109125,27.464863636497785
22895.440868924597,26.30437644058943
22915.481869740066,32.88047055073679
22935.52287055554,27.464863636497785
22955.563871371007,33.65412868134236
22975.60487218648,34.814615877250716
22995.645873001948,29.01217989770893
23015.68687381742,25.14388924468107
23035.72787463289,29.01217989770893
23055.76887544836,24.3702311140755
23075.80987626383,27.464863636497785
23095.8508770793,27.078034571195
23115.891877894774,31.71998335482843
23135.932878710242,32.88047055073679
23155.973879525714,23.59657298346993
23176.014880341183,25.530718309983857
23196.055881156655,29.399008963011713
23216.096881972124,31.71998335482843
23236.137882787596,27.078034571195
23256.178883603065,33.65412868134236
23276.219884418537,27.078034571195
23296.260885234005,25.530718309983857
23316.301886049478,25.14388924468107
23336.342886864946,30.172667093617285
23356.38388768042,27.851692701800573
23376.424888495887,29.01217989770893
23396.46588931136,29.01217989770893
23416.506890126828,32.493641485434
23436.5478909423,35.97510307315907
23456.58889175777,33.65412868134236
23476.62989257324,25.14388924468107
23496.67089338871,32.493641485434
23516.71189420418,30.172667093617285
23536.75289501965,30.172667093617285
23556.793895835122,37.13559026906743
23576.83489665059,28.238521767103357
23596.875897466063,29.01217989770893
23616.91689828153,35.97510307315907
23636.957899097004,32.88047055073679
23656.998899912473,30.172667093617285
23677.039900727945,33.26729961603957
23697.080901543413,26.30437644058943
23717.121902358886,33.65412868134236
23737.162903174354,32.493641485434
23757.203903989826,32.10681242013121
23777.244904805295,32.10681242013121
23797.285905620767,32.10681242013121
23817.326906436236,34.814615877250716
23837.367907251708,34.04095774664514
23857.408908067177,28.238521767103357
23877.44990888265,35.97510307315907
23897.490909698117,28.62535083240614
23917.53191051359,30.559496158920073
23937.572911329058,28.238521767103357
23957.61391214453,34.427786811947925
23977.65491296,32.88047055073679
23997.69591377547,29.7858380283145
24017.73691459094,34.814615877250716
24037.777915406412,34.04095774664514
24057.81891622188,33.26729961603957
24077.859917037353,29.399008963011713
24097.90091785282,35.2014449425535
24117.941918668294,33.65412868134236
24137.982919483762,37.13559026906743
24158.023920299234,31.71998335482843
24178.064921114703,34.427786811947925
24198.105921930175,33.65412868134236
24218.146922745644,38.29607746497579
24238.187923561116,32.493641485434
24258.228924376584,37.52241933437021
24278.269925192057,33.65412868134236
24298.310926007525,34.427786811947925
24318.351926822997,37.13559026906743
24338.392927638466,38.29607746497579
24358.43392845394,34.814615877250716
24378.474929269407,28.62535083240614
24398.51593008488,32.10681242013121
24418.556930900348,32.10681242013121
24438.59793171582,31.71998335482843
24458.63893253129,35.2014449425535
24478.67993334676,37.52241933437021
24498.72093416223,34.427786811947925
24518.7619349777,33.65412868134236
24538.80293579317,34.04095774664514
24558.843936608642,33.65412868134236
24578.88493742411,34.04095774664514
24598.925938239583,31.33315428952564
24618.96693905505,30.559496158920073
24639.007939870524,30.559496158920073
24659.048940685992,28.62535083240614
24679.089941501465,29.01217989770893
24699.130942316933,31.71998335482843
24719.171943132405,37.13559026906743
24739.212943947874,39.84339372618693
24759.253944763346,33.65412868134236
24779.294945578815,39.45656466088414
24799.335946394287,32.10681242013121
24819.376947209756,26.691205505892214
24839.417948025228,31.33315428952564
24859.458948840696,34.814615877250716
24879.49994965617,35.588274007856285
24899.540950471637,33.26729961603957
24919.58195128711,29.399008963011713
24939.622952102578,35.97510307315907
24959.66395291805,40.6170518567925
24979.70495373352,35.2014449425535
24999.74595454899,30.559496158920073
25019.78695536446,34.814615877250716
25039.82795617993,39.45656466088414
25059.8689569954,33.65412868134236
25079.909957810873,29.7858380283145
25099.95095862634,39.84339372618693
25119.991959441813,41.003880922095284
25140.032960257282,41.39070998739807
25160.073961072754,38.29607746497579
25180.114961888223,33.26729961603957
25200.155962703695,35.97510307315907
25220.196963519164,43.71168437921479
25240.237964334636,42.93802624860921
25260.278965150104,41.003880922095284
25280.319965965577,42.93802624860921
25300.360966781045,36.36193213846186
25320.401967596517,47.19314596693986
25340.442968411986,41.003880922095284
25360.483969227458,37.13559026906743
25380.524970042927,31.71998335482843
25400.5659708584,34.427786811947925
25420.606971673868,33.65412868134236
25440.64797248934,40.230222791489716
25460.68897330481,40.230222791489716
25480.72997412028,42.93802624860921
25500.77097493575,39.069735595581356
25520.81197575122,41.39070998739807
25540.85297656669,37.909248399673
25560.893977382162,32.493641485434
25580.93497819763,42.164368118003644
25600.975979013103,34.814615877250716
25621.01697982857,37.52241933437021
25641.057980644044,26.691205505892214
25661.098981459516,36.36193213846186
25681.139982274985,33.26729961603957
25701.180983090457,39.45656466088414
25721.221983905925,34.04095774664514
25741.262984721398,30.559496158920073
25761.303985536866,29.01217989770893
25781.34498635234,35.588274007856285
25801.385987167807,37.13559026906743
25821.42698798328,33.65412868134236
25841.467988798748,33.65412868134236
25861.50898961422,44.09851344451757
25881.54999042969,39.069735595581356
25901.59099124516,43.324855313911996
25921.63199206063,37.909248399673
25941.6729928761,35.97510307315907
25961.71399369157,30.559496158920073
25981.754994507042,34.814615877250716
26001.79599532251,41.77753905270086
26021.836996137983,39.069735595581356
26041.87799695345,39.45656466088414
26061.918997768924,36.36193213846186
26081.959998584392,33.26729961603957
26102.000999399865,36.36193213846186
26122.042000215333,39.84339372618693
26142.083001030805,41.77753905270086
26162.124001846274,29.01217989770893
26182.165002661746,39.069735595581356
26202.206003477215,35.588274007856285
26222.247004292687,30.559496158920073
26242.288005108156,33.26729961603957
26262.329005923628,32.88047055073679
26282.370006739096,41.003880922095284
26302.41100755457,38.29607746497579
26322.452008370037,38.29607746497579
26342.49300918551,33.65412868134236
26362.534010000978,33.26729961603957
26382.57501081645,30.559496158920073
26402.61601163192,33.26729961603957
26422.65701244739,43.324855313911996
26442.69801326286,34.427786811947925
26462.739014078332,32.88047055073679
26482.7800148938,44.485342509820356
26502.821015709273,32.493641485434
26522.86201652474,31.71998335482843
26542.903017340213,32.10681242013121
26562.944018155682,36.36193213846186
26582.985018971154,41.77753905270086
26603.026019786623,43.324855313911996
26623.067020602095,46.419487836334284
26643.108021417564,40.230222791489716
26663.149022233036,36.36193213846186
26683.190023048504,35.2014449425535
26703.231023863977,27.464863636497785
26723.272024679445,36.748761203764644
26743.313025494917,34.04095774664514
26763.354026310386,39.069735595581356
26783.395027125858,35.588274007856285
26803.436027941327,32.88047055073679
26823.4770287568,46.80631690163707
26843.518029572268,33.65412868134236
26863.55903038774,34.427786811947925
26883.60003120321,34.427786811947925
26903.64103201868,38.68290653027857
26923.68203283415,44.09851344451757
26943.72303364962,33.65412868134236
26963.76403446509,29.7858380283145
26983.805035280562,33.65412868134236
27003.84603609603,34.04095774664514
27023.887036911503,31.33315428952564
27043.92803772697,39.45656466088414
27063.969038542444,39.45656466088414
27084.010039357912,37.13559026906743
27104.051040173385,29.01217989770893
27124.092040988853,36.748761203764644
27144.133041804325,39.45656466088414
27164.174042619794,35.588274007856285
27184.215043435266,32.493641485434
27204.256044250735,38.68290653027857
27224.297045066207,30.559496158920073
27244.338045881675,30.172667093617285
27264.379046697148,35.588274007856285
27284.420047512616,35.588274007856285
27304.46104832809,39.069735595581356
27324.502049143557,40.6170518567925
27344.54304995903,36.748761203764644
27364.584050774498,33.26729961603957
27384.62505158997,40.230222791489716
27404.66605240544,34.814615877250716
27424.70705322091,34.04095774664514
27444.74805403638,35.97510307315907
27464.78905485185,41.39070998739807
27484.83005566732,33.65412868134236
27504.871056482792,39.45656466088414
27524.91205729826,38.29607746497579
27544.953058113733,31.71998335482843
27564.994058929202,44.09851344451757
27585.035059744674,34.04095774664514
27605.076060560143,32.10681242013121
27625.117061375615,39.45656466088414
27645.158062191083,41.39070998739807
27665.199063006556,30.946325224222857
27685.240063822024,23.209743918167142
27705.281064637496,35.97510307315907
27725.322065452965,40.230222791489716
27745.363066268437,37.13559026906743
27765.404067083906,30.946325224222857
27785.445067899378,30.172667093617285
27805.486068714847,37.909248399673
27825.52706953032,31.33315428952564
27845.568070345787,34.427786811947925
27865.60907116126,34.427786811947925
27885.65007197673,30.946325224222857
27905.6910727922,28.238521767103357
27925.73207360767,35.2014449425535
27945.77307442314,34.814615877250716
27965.81407523861,30.559496158920073
27985.855076054082,39.45656466088414
28005.89607686955,31.71998335482843
28025.937077685023,41.77753905270086
28045.97807850049,33.26729961603957
28066.019079315964,36.36193213846186
28086.060080131432,34.814615877250716
28106.101080946904,43.71168437921479
28126.142081762373,32.88047055073679
28146.183082577845,33.65412868134236
28166.224083393314,37.13559026906743
28186.265084208786,32.493641485434
28206.30608502426,37.52241933437021
28226.347085839727,25.14388924468107
28246.3880866552,34.04095774664514
28266.429087470668,35.97510307315907
28286.47008828614,32.493641485434
28306.51108910161,34.04095774664514
28326.55208991708,40.6170518567925
28346.59309073255,35.588274007856285
28366.63409154802,32.88047055073679
28386.67509236349,37.52241933437021
28406.716093178962,31.71998335482843
28426.75709399443,39.84339372618693
28446.798094809903,33.65412868134236
28466.83909562537,27.851692701800573
28486.880096440844,35.97510307315907
28506.921097256312,32.88047055073679
28526.962098071785,37.909248399673
28547.003098887253,34.427786811947925
28567.044099702725,29.399008963011713
28587.085100518194,27.078034571195
28607.126101333666,35.97510307315907
28627.167102149135,37.909248399673
28647.208102964607,31.71998335482843
28667.249103780076,32.10681242013121
28687.290104595548,34.427786811947925
28707.331105411016,35.97510307315907
28727.37210622649,34.427786811947925
28747.413107041957,33.65412868134236
28767.45410785743,35.2014449425535
28787.495108672898,32.88047055073679
28807.53610948837,34.814615877250716
28827.57711030384,33.26729961603957
28847.61811111931,33.65412868134236
28867.65911193478,40.230222791489716
28887.70011275025,36.36193213846186
28907.74111356572,32.88047055073679
28927.782114381193,36.36193213846186
28947.82311519666,31.71998335482843
28967.864116012133,34.814615877250716
28987.905116827602,31.33315428952564
29007.946117643074,34.427786811947925
29027.987118458543,34.427786811947925
29048.028119274015,30.946325224222857
29068.069120089483,36.748761203764644
29088.110120904956,27.078034571195
29108.151121720424,34.814615877250716
29128.192122535896,30.172667093617285
29148.233123351365,32.88047055073679
29168.274124166837,39.45656466088414
29188.315124982306,32.493641485434
29208.356125797778,28.238521767103357
29228.397126613247,30.559496158920073
29248.43812742872,30.946325224222857
29268.479128244187,35.97510307315907
29288.52012905966,25.14388924468107
29308.56112987513,36.36193213846186
29328.6021306906,34.427786811947925
29348.64313150607,29.01217989770893
29368.68413232154,29.399008963011713
29388.72513313701,31.71998335482843
29408.766133952482,29.399008963011713
29428.80713476795,39.069735595581356
29448.848135583423,25.91754737528664
29468.88913639889,37.13559026906743
29488.930137214364,31.71998335482843
29508.971138029832,27.851692701800573
29529.012138845304,30.172667093617285
29549.053139660773,27.464863636497785
29569.094140476245,29.01217989770893
29589.135141291714,28.238521767103357
29609.176142107186,27.078034571195
29629.217142922655,36.36193213846186
29649.258143738127,34.04095774664514
29669.299144553595,32.10681242013121
29689.340145369068,32.10681242013121
29709.381146184536,31.33315428952564
29729.42214700001,31.71998335482843
29749.463147815477,37.909248399673
29769.50414863095,30.172667093617285
29789.545149446418,33.26729961603957
29809.58615026189,32.88047055073679
29829.62715107736,34.427786811947925
29849.66815189283,35.97510307315907
29869.7091527083,36.36193213846186
29889.75015352377,26.691205505892214
29909.79115433924,34.04095774664514
29929.832155154712,35.97510307315907
29949.87315597018,28.62535083240614
29969.914156785653,37.909248399673
29989.95515760112,30.172667093617285
30009.996158416594,32.88047055073679
30030.037159232063,25.530718309983857
30050.078160047535,28.238521767103357
30070.119160863003,30.172667093617285
30090.160161678476,29.399008963011713
30110.201162493944,28.238521767103357
30130.242163309416,22.43608578756157
30150.283164124885,34.427786811947925
30170.324164940357,27.851692701800573
30190.365165755826,27.078034571195
30210.406166571298,30.559496158920073
30230.447167386767,25.14388924468107
30250.48816820224,31.71998335482843
30270.529169017707,37.909248399673
30290.57016983318,29.7858380283145
30310.611170648648,30.946325224222857
30330.65217146412,29.7858380283145
30350.69317227959,30.946325224222857
30370.73417309506,34.814615877250716
30390.77517391053,24.757060179378286
30410.816174726002,27.464863636497785
30430.85717554147,25.14388924468107
30450.898176356943,30.946325224222857
30470.93917717241,26.30437644058943
30490.980177987884,30.172667093617285
30511.021178803352,24.757060179378286
30531.062179618824,32.10681242013121
30551.103180434293,33.26729961603957
30571.144181249765,30.559496158920073
30591.185182065234,28.238521767103357
30611.226182880706,30.172667093617285
30631.267183696174,27.464863636497785
30651.308184511647,34.04095774664514
30671.349185327115,27.078034571195
30691.390186142587,27.078034571195
30711.431186958056,33.65412868134236
30731.47218777353,23.983402048772714
30751.513188588997,29.399008963011713
30771.55418940447,27.464863636497785
30791.59519021994,29.7858380283145
30811.63619103541,24.3702311140755
30831.677191850882,26.30437644058943
30851.71819266635,26.691205505892214
30871.759193481823,30.559496158920073
30891.80019429729,29.399008963011713
30911.841195112764,27.851692701800573
30931.882195928232,23.59657298346993
30951.923196743704,27.464863636497785
30971.964197559173,29.399008963011713
30992.005198374645,27.078034571195
31012.046199190114,29.01217989770893
31032.087200005586,27.078034571195
31052.128200821055,21.275598591653214
31072.169201636527,27.464863636497785
31092.210202451995,25.530718309983857
31112.251203267468,24.757060179378286
31132.292204082936,22.822914852864358
31152.33320489841,28.238521767103357
31172.374205713877,23.983402048772714
31192.41520652935,26.30437644058943
31212.456207344818,25.530718309983857
31232.49720816029,27.851692701800573
31252.53820897576,30.172667093617285
31272.57920979123,27.078034571195
31292.6202106067,28.238521767103357
31312.66121142217,26.691205505892214
31332.70221223764,28.62535083240614
31352.743213053112,33.65412868134236
31372.78421386858,24.757060179378286
31392.825214684053,29.399008963011713
31412.86621549952,25.14388924468107
31432.907216314994,25.530718309983857
31452.948217130463,24.757060179378286
31472.989217945935,22.049256722258786
31493.030218761403,23.983402048772714
31513.071219576876,23.209743918167142
31533.112220392344,25.14388924468107
31553.153221207816,25.91754737528664
31573.194222023285,28.238521767103357
31593.235222838757,23.59657298346993
31613.276223654226,23.209743918167142
31633.317224469698,20.115111395744858
31653.358225285167,25.530718309983857
31673.39922610064,26.30437644058943
31693.440226916107,28.238521767103357
31713.48122773158,26.691205505892214
31733.522228547048,28.238521767103357
31753.56322936252,27.851692701800573
31773.60423017799,20.501940461047642
31793.64523099346,27.851692701800573
31813.68623180893,25.14388924468107
31833.727232624402,21.662427656955998
31853.76823343987,25.530718309983857
31873.809234255343,24.757060179378286
31893.85023507081,17.794137003928142
31913.891235886284,24.757060179378286
31933.932236701752,23.209743918167142
31953.973237517224,22.43608578756157
31974.014238332693,23.209743918167142
31994.055239148165,24.757060179378286
32014.096239963634,23.983402048772714
32034.137240779106,22.822914852864358
32054.178241594575,23.209743918167142
32074.219242410047,21.275598591653214
32094.260243225515,27.464863636497785
32114.301244040988,26.30437644058943
32134.342244856456,19.341453265139286
32154.38324567193,23.983402048772714
32174.424246487397,23.59657298346993
32194.46524730287,22.43608578756157
32214.506248118338,25.14388924468107
32234.54724893381,25.14388924468107
32254.58824974928,24.757060179378286
32274.62925056475,19.72828233044207
32294.67025138022,25.530718309983857
32314.71125219569,18.567795134533714
32334.75225301116,20.501940461047642
32354.793253826632,25.14388924468107
32374.8342546421,22.049256722258786
32394.875255457573,18.9546241998365
32414.91625627304,22.822914852864358
32434.957257088514,21.275598591653214
32454.998257903982,17.407307938625358
32475.039258719455,23.209743918167142
32495.080259534923,20.501940461047642
32515.121260350395,21.662427656955998
32535.162261165864,22.049256722258786
32555.203261981336,23.983402048772714
32575.244262796805,22.43608578756157
32595.285263612277,19.341453265139286
32615.326264427746,19.72828233044207
32635.367265243218,20.88876952635043
32655.408266058686,16.633649808019786
32675.44926687416,19.341453265139286
32695.490267689627,16.246820742717
32715.5312685051,23.59657298346993
32735.572269320568,21.275598591653214
32755.61327013604,18.18096606923093
32775.654270951505,18.18096606923093
32795.69527176698,18.18096606923093
32815.73627258245,11.604871959083571
32835.777273397915,18.18096606923093
32855.81827421339,17.794137003928142
32875.85927502886,20.115111395744858
32895.90027584433,17.794137003928142
32915.941276659796,21.662427656955998
32935.98227747527,17.794137003928142
32956.02327829074,21.275598591653214
32976.06427910621,16.246820742717
32996.10527992168,21.662427656955998
33016.14628073715,19.341453265139286
33036.18728155262,22.049256722258786
33056.228282368094,15.473162612111429
33076.26928318356,16.633649808019786
33096.31028399903,18.567795134533714
33116.351284814504,12.765359154991929
33136.392285629976,13.5390172855975
33156.43328644544,17.794137003928142
33176.47428726091,16.633649808019786
33196.515288076385,15.086333546808643
33216.55628889186,15.859991677414214
33236.59728970732,19.72828233044207
33256.638290522795,19.341453265139286
33276.67929133827,17.407307938625358
33296.72029215374,18.567795134533714
33316.761292969204,17.407307938625358
33336.802293784676,15.473162612111429
33356.84329460015,21.662427656955998
33376.88429541562,15.859991677414214
33396.92529623109,14.699504481505857
33416.96629704656,16.246820742717
33437.00729786203,12.378530089689143
33457.0482986775,15.086333546808643
33477.089299492975,14.31267541620307
33497.13030030844,13.152188220294715
33517.17130112391,13.5390172855975
33537.212301939384,11.991701024386357
33557.253302754856,15.473162612111429
33577.29430357032,17.794137003928142
33597.33530438579,13.152188220294715
33617.376305201265,9.283897567266857
33637.41730601674,13.152188220294715
33657.4583068322,13.5390172855975
33677.499307647675,12.378530089689143
33697.54030846315,11.218042893780785
33717.58130927862,15.473162612111429
33737.622310094084,12.765359154991929
33757.66331090956,12.378530089689143
33777.70431172503,10.831213828477999
33797.7453125405,14.31267541620307
33817.786313355966,12.378530089689143
33837.82731417144,10.831213828477999
33857.86831498691,13.5390172855975
33877.90931580238,10.831213828477999
33897.95031661785,11.604871959083571
33917.99131743332,8.1234103713585
33938.03231824879,17.407307938625358
33958.073319064264,13.925846350900287
33978.11431987973,10.057555697872429
33998.1553206952,12.765359154991929
34018.19632151067,13.925846350900287
34038.237322326146,10.444384763175215
34058.27832314161,9.670726632569643
34078.31932395708,11.604871959083571
34098.360324772555,7.736581306055714
34118.40132558803,11.991701024386357
34138.44232640349,11.991701024386357
34158.483327218964,11.604871959083571
34178.52432803444,11.991701024386357
34198.56532884991,7.349752240752928
34218.606329665374,11.218042893780785
34238.647330480846,9.670726632569643
34258.68833129632,11.991701024386357
34278.72933211179,8.897068501964071
34298.770332927255,10.057555697872429
34318.81133374273,10.444384763175215
34338.8523345582,8.897068501964071
34358.89333537367,10.831213828477999
34378.93433618914,8.1234103713585
34398.97533700461,9.670726632569643
34419.01633782008,10.057555697872429
34439.05733863555,11.218042893780785
34459.09833945102,12.378530089689143
34479.13934026649,8.510239436661285
34499.18034108196,11.991701024386357
34519.221341897435,7.736581306055714
34539.2623427129,10.057555697872429
34559.30334352837,9.670726632569643
34579.344344343845,5.8024359795417855
34599.38534515932,11.604871959083571
34619.42634597478,6.576094110147357
34639.467346790254,8.510239436661285
34659.508347605726,7.736581306055714
34679.5493484212,6.189265044844571
34699.59034923666,5.8024359795417855
34719.631350052136,9.670726632569643
34739.67235086761,7.736581306055714
34759.71335168308,6.576094110147357
34779.754352498545,6.189265044844571
34799.79535331402,4.6419487836334286
34819.83635412949,6.189265044844571
34839.87735494496,5.0287778489362145
34859.91835576043,3.868290653027857
34879.9593565759,5.0287778489362145
34900.00035739137,5.0287778489362145
34920.04135820684,3.0946325224222857
34940.08235902231,4.6419487836334286
34960.12335983778,3.868290653027857
34980.16436065325,4.6419487836334286
35000.205361468725,4.6419487836334286
35020.24636228419,2.7078034571194998
35040.28736309966,3.868290653027857
35060.328363915134,4.255119718330643
35080.369364730606,7.736581306055714
35100.41036554607,3.0946325224222857
35120.45136636154,3.0946325224222857
35140.492367177016,3.0946325224222857
35160.53336799249,4.6419487836334286
35180.57436880795,2.3209743918167143
35200.615369623425,4.255119718330643
35220.6563704389,1.5473162612111429
35240.69737125437,3.0946325224222857
35260.738372069834,4.6419487836334286
35280.77937288531,3.0946325224222857
35300.82037370078,3.4814615877250716
35320.86137451625,4.6419487836334286
35340.902375331716,2.3209743918167143
35360.94337614719,4.255119718330643
35380.98437696266,3.4814615877250716
35401.02537777813,0.7736581306055714
35421.0663785936,3.0946325224222857
35441.10737940907,5.8024359795417855
35461.14838022454,1.9341453265139286
35481.189381040014,1.5473162612111429
35501.23038185548,3.0946325224222857
35521.27138267095,2.7078034571194998
35541.312383486424,3.0946325224222857
35561.353384301896,1.9341453265139286
35581.39438511736,1.5473162612111429
35601.43538593283,4.255119718330643
35621.476386748305,3.4814615877250716
35641.51738756378,1.9341453265139286
35661.55838837924,3.0946325224222857
35681.599389194715,3.0946325224222857
35701.64039001019,2.7078034571194998
35721.68139082566,0.7736581306055714
35741.722391641124,0.3868290653027857
35761.763392456596,0.7736581306055714
35781.80439327207,2.3209743918167143
35801.84539408754,1.5473162612111429
35821.886394903006,1.1604871959083571
35841.92739571848,2.7078034571194998
35861.96839653395,1.5473162612111429
35882.00939734942,1.1604871959083571
35902.050398164894,1.9341453265139286
35922.09139898036,0.3868290653027857
35942.13239979583,1.1604871959083571
35962.173400611304,1.9341453265139286
35982.214401426776,0.3868290653027857
36002.25540224224,0.3868290653027857
36022.29640305771,0.3868290653027857
36042.337403873185,1.1604871959083571
36062.37840468866,1.5473162612111429
36082.41940550412,1.9341453265139286
36102.460406319595,0.0
36122.50140713507,0.7736581306055714
36142.54240795054,2.3209743918167143
36162.583408766004,0.7736581306055714
36182.624409581476,1.9341453265139286
36202.66541039695,1.5473162612111429
36222.70641121242,1.1604871959083571
36242.747412027886,1.1604871959083571
36262.78841284336,1.5473162612111429
36282.82941365883,2.3209743918167143
36302.8704144743,0.7736581306055714
36322.91141528977,1.5473162612111429
36342.95241610524,0.7736581306055714
36362.99341692071,0.7736581306055714
36383.034417736184,0.3868290653027857
36403.07541855165,0.7736581306055714
36423.11641936712,1.9341453265139286
36443.15742018259,1.1604871959083571
36463.198420998066,1.1604871959083571
36483.23942181353,1.1604871959083571
36503.280422629,0.7736581306055714
36523.321423444475,0.3868290653027857
36543.36242425995,0.7736581306055714
36563.40342507541,1.1604871959083571
36583.444425890884,0.7736581306055714
36603.48542670636,1.5473162612111429
36623.52642752183,1.5473162612111429
36643.567428337294,0.3868290653027857
36663.608429152766,0.7736581306055714
36683.64942996824,1.1604871959083571
36703.69043078371,0.7736581306055714
36723.731431599175,1.1604871959083571
36743.77243241465,0.3868290653027857
36763.81343323012,1.1604871959083571
36783.85443404559,0.3868290653027857
36803.89543486106,0.3868290653027857
36823.93643567653,0.7736581306055714
36843.977436492,0.7736581306055714
36864.01843730747,1.1604871959083571
36884.05943812294,0.7736581306055714
36904.10043893841,0.7736581306055714
36924.14143975388,0.7736581306055714
36944.182440569355,0.3868290653027857
36964.22344138482,0.3868290653027857
36984.26444220029,0.3868290653027857
37004.305443015764,0.7736581306055714
37024.34644383124,0.3868290653027857
37044.3874446467,0.3868290653027857
37064.428445462174,0.7736581306055714
37084.469446277646,1.1604871959083571
37104.51044709312,0.7736581306055714
37124.55144790858,0.3868290653027857
37144.592448724055,0.7736581306055714
37164.63344953953,0.0
37184.674450355,1.1604871959083571
37204.715451170465,0.3868290653027857
37224.75645198594,1.5473162612111429
37244.79745280141,0.7736581306055714
37264.83845361688,0.3868290653027857
37284.87945443235,1.1604871959083571
37304.92045524782,1.1604871959083571
37324.96145606329,0.7736581306055714
37345.00245687876,0.7736581306055714
37365.04345769423,0.0
37385.0844585097,0.3868290653027857
37405.12545932517,0.0
37425.166460140645,0.0
37445.20746095611,0.0
37465.24846177158,1.1604871959083571
37485.289462587054,0.7736581306055714
37505.330463402526,0.3868290653027857
37525.37146421799,0.3868290653027857
37545.41246503346,0.0
37565.453465848936,0.3868290653027857
37585.49446666441,0.3868290653027857
37605.53546747987,0.0
37625.576468295345,1.1604871959083571
37645.61746911082,0.3868290653027857
37665.65846992629,0.3868290653027857
37685.699470741754,0.7736581306055714
37705.74047155723,0.3868290653027857
37725.7814723727,1.1604871959083571
37745.82247318817,0.3868290653027857
37765.863474003636,0.7736581306055714
37785.90447481911,0.0
37805.94547563458,0.7736581306055714
37825.98647645005,0.0
37846.02747726552,0.0
37866.06847808099,0.3868290653027857
37886.10947889646,0.0
37906.150479711934,0.3868290653027857
37926.1914805274,0.0
37946.23248134287,0.0
37966.27348215834,0.3868290653027857
37986.314482973816,0.7736581306055714
38006.35548378928,0.3868290653027857
38026.39648460475,1.5473162612111429
38046.437485420225,0.7736581306055714
38066.4784862357,0.7736581306055714
38086.51948705116,0.0
38106.560487866635,0.0
38126.60148868211,0.3868290653027857
38146.64248949758,0.0
38166.683490313044,0.3868290653027857
38186.724491128516,0.3868290653027857
38206.76549194399,0.3868290653027857
38226.80649275946,0.3868290653027857
38246.847493574925,0.7736581306055714
38266.8884943904,0.0
38286.92949520587,0.0
38306.97049602134,0.0
38327.01149683681,0.7736581306055714
38347.05249765228,0.0
38367.09349846775,0.7736581306055714
38387.134499283224,0.3868290653027857
38407.17550009869,0.0
38427.21650091416,0.0
38447.25750172963,0.3868290653027857
38467.298502545105,0.3868290653027857
38487.33950336058,0.0
38507.38050417604,0.3868290653027857
38527.421504991515,0.7736581306055714
38547.46250580699,0.0
38567.50350662246,0.7736581306055714
38587.544507437924,0.0
38607.585508253396,0.0
38627.62650906887,0.0
38647.66750988434,0.0
38667.708510699806,0.3868290653027857
38687.74951151528,0.3868290653027857
38707.79051233075,0.0
38727.83151314622,0.0
38747.87251396169,0.0
38767.91351477716,0.0
38787.95451559263,0.7736581306055714
38807.995516408104,0.3868290653027857
38828.03651722357,0.0
38848.07751803904,0.3868290653027857
38868.11851885451,0.0
38888.159519669985,0.3868290653027857
38908.20052048545,0.0
38928.24152130092,0.0
38948.282522116395,0.0
38968.32352293187,0.0
38988.36452374733,0.0
39008.405524562804,0.3868290653027857
39028.44652537828,0.0
39048.48752619375,0.0
39068.52852700921,0.0
39088.569527824686,0.0
39108.61052864016,0.0
39128.65152945563,0.0
39148.692530271095,0.0
39168.73353108657,0.3868290653027857
39188.77453190204,0.7736581306055714
39208.81553271751,0.0
39228.85653353298,0.0
39248.89753434845,0.3868290653027857
39268.93853516392,0.0
39288.97953597939,0.3868290653027857
39309.02053679486,0.0
39329.06153761033,0.0
39349.1025384258,0.3868290653027857
39369.143539241275,0.0
39389.18454005674,0.0
39409.22554087221,0.0
39429.266541687684,0.0
39449.30754250316,0.0
39469.34854331862,0.0
39489.389544134094,0.0
39509.430544949566,0.0
39529.47154576504,0.0
39549.5125465805,0.3868290653027857
39569.553547395975,0.0
39589.59454821145,0.0
39609.63554902692,0.0
39629.676549842385,0.0
39649.71755065786,0.0
39669.75855147333,0.0
39689.7995522888,0.0
39709.840553104266,0.0
39729.88155391974,0.0
39749.92255473521,0.3868290653027857
39769.96355555068,0.0
39790.00455636615,0.0
39810.04555718162,0.0
39830.08655799709,0.0
39850.127558812565,0.0
39870.16855962803,0.0
39890.2095604435,0.0
39910.250561258974,0.0
39930.291562074446,0.0
39950.33256288991,0.0
39970.37356370538,0.0
39990.414564520855,0.0
40010.45556533633,0.0
40030.49656615179,0.0
40050.537566967265,0.0
40070.57856778274,0.0
40090.61956859821,0.0
40110.660569413674,0.0
40130.70157022915,0.0
40150.74257104462,0.0
40170.78357186009,0.0
40190.824572675556,0.0
40210.86557349103,0.0
40230.9065743065,0.0
40250.94757512197,0.0
40270.98857593744,0.0
40291.02957675291,0.0
40311.07057756838,0.0
40331.111578383854,0.0
40351.15257919932,0.0
40371.19358001479,0.0
40391.23458083026,0.0
40411.275581645736,0.0
40431.3165824612,0.0
40451.35758327667,0.0
40471.398584092145,0.0
40491.43958490762,0.0
40511.48058572308,0.0
40531.521586538554,0.0
40551.56258735403,0.0
40571.6035881695,0.0
40591.644588984964,0.0
40611.685589800436,0.0
40631.72659061591,0.0
40651.76759143138,0.0
40671.808592246845,0.0
40691.84959306232,0.0
40711.89059387779,0.0
40731.93159469326,0.0
40751.97259550873,0.0
40772.0135963242,0.0
40792.05459713967,0.0
40812.09559795514,0.0
40832.13659877061,0.0
40852.17759958608,0.0
40872.21860040155,0.0
40892.259601217025,0.0
40912.30060203249,0.0
40932.34160284796,0.0
40952.382603663435,0.0
40972.42360447891,0.0
40992.46460529437,0.0
41012.505606109844,0.0
