Energy (keV),Intensity (CPS)
-11.761035261791609,0.0
8.281763827351892,0.0
28.324562916495392,0.0
48.367362005638896,0.0
68.4101610947824,0.0
88.4529601839259,0.0
108.4957592730694,0.0
128.53855836221288,0.0
148.58135745135638,0.0
168.62415654049988,0.0
188.66695562964338,0.0
208.70975471878688,0.0
228.75255380793038,0.0
248.79535289707388,0.0
268.8381519862174,0.0
288.8809510753609,0.4235011352622543
308.9237501645044,0.0
328.9665492536479,0.4235011352622543
349.0093483427914,0.4235011352622543
369.0521474319349,1.6940045410490172
389.0949465210784,0.8470022705245086
409.1377456102219,1.270503405786763
429.1805446993654,1.270503405786763
449.2233437885089,2.9645079468357802
469.2661428776524,2.1175056763112714
489.3089419667959,0.8470022705245086
509.3517410559394,2.9645079468357802
529.3945401450829,4.658512487884797
549.4373392342264,2.1175056763112714
569.4801383233699,3.8115102173602886
589.5229374125134,4.235011352622543
609.5657365016569,5.082013623147052
629.6085355908004,4.658512487884797
649.651334679944,5.9290158936715605
669.6941337690874,5.9290158936715605
689.736932858231,5.505514758409306
709.7797319473744,8.046521569982831
729.822531036518,8.046521569982831
749.8653301256614,6.352517028933814
769.908129214805,7.1995192994583235
789.9509283039484,8.046521569982831
809.993727393092,8.89352384050734
830.0365264822354,4.658512487884797
850.079325571379,4.235011352622543
870.1221246605224,8.046521569982831
890.164923749666,6.352517028933814
910.2077228388094,5.082013623147052
930.250521927953,6.352517028933814
950.2933210170964,7.623020434720577
970.33612010624,5.9290158936715605
990.3789191953834,4.658512487884797
1010.421718284527,10.164027246294104
1030.4645173736703,6.776018164196069
1050.5073164628138,4.235011352622543
1070.5501155519573,4.658512487884797
1090.5929146411008,6.776018164196069
1110.6357137302443,5.9290158936715605
1130.6785128193878,6.352517028933814
1150.7213119085313,7.1995192994583235
1170.7641109976748,7.623020434720577
1190.8069100868183,7.623020434720577
1210.8497091759618,5.082013623147052
1230.8925082651053,6.776018164196069
1250.9353073542488,4.658512487884797
1270.9781064433923,6.352517028933814
1291.0209055325358,8.046521569982831
1311.0637046216793,4.658512487884797
1331.1065037108228,7.1995192994583235
1351.1493027999663,3.8115102173602886
1371.1921018891098,3.8115102173602886
1391.2349009782533,7.1995192994583235
1411.2777000673968,5.082013623147052
1431.3204991565403,4.658512487884797
1451.3632982456838,6.352517028933814
1471.4060973348273,5.082013623147052
1491.4488964239708,3.3880090820980344
1511.4916955131143,3.8115102173602886
1531.5344946022578,4.235011352622543
1551.5772936914013,4.658512487884797
1571.6200927805448,4.658512487884797
1591.6628918696883,4.658512487884797
1611.7056909588318,6.776018164196069
1631.7484900479753,4.658512487884797
1651.7912891371188,8.470022705245086
1671.8340882262623,2.541006811573526
1691.8768873154058,4.658512487884797
1711.9196864045493,5.082013623147052
1731.9624854936928,4.658512487884797
1752.0052845828363,4.658512487884797
1772.0480836719798,5.082013623147052
1792.0908827611233,2.541006811573526
1812.1336818502668,6.352517028933814
1832.1764809394103,7.1995192994583235
1852.2192800285538,4.235011352622543
1872.2620791176973,4.658512487884797
1892.3048782068408,7.1995192994583235
1912.3476772959843,6.776018164196069
1932.3904763851278,3.3880090820980344
1952.4332754742713,3.3880090820980344
1972.4760745634148,6.776018164196069
1992.5188736525583,4.235011352622543
2012.5616727417018,6.352517028933814
2032.6044718308453,5.505514758409306
2052.647270919989,3.3880090820980344
2072.6900700091323,7.1995192994583235
2092.732869098276,6.776018164196069
2112.7756681874193,5.9290158936715605
2132.818467276563,4.235011352622543
2152.8612663657063,4.235011352622543
2172.90406545485,8.89352384050734
2192.9468645439933,4.235011352622543
2212.989663633137,7.1995192994583235
2233.0324627222803,5.082013623147052
2253.075261811424,3.3880090820980344
2273.1180609005673,4.658512487884797
2293.160859989711,6.776018164196069
2313.2036590788543,4.235011352622543
2333.246458167998,1.270503405786763
2353.2892572571413,7.1995192994583235
2373.332056346285,5.505514758409306
2393.3748554354283,8.470022705245086
2413.417654524572,6.352517028933814
2433.4604536137153,8.470022705245086
2453.503252702859,3.3880090820980344
2473.5460517920023,6.776018164196069
2493.588850881146,6.352517028933814
2513.6316499702893,4.658512487884797
2533.674449059433,5.505514758409306
2553.7172481485763,6.776018164196069
2573.76004723772,5.082013623147052
2593.8028463268633,5.505514758409306
2613.845645416007,5.505514758409306
2633.8884445051503,7.1995192994583235
2653.931243594294,4.658512487884797
2673.9740426834373,5.082013623147052
2694.016841772581,8.046521569982831
2714.0596408617243,4.658512487884797
2734.102439950868,4.235011352622543
2754.1452390400113,6.776018164196069
2774.188038129155,2.9645079468357802
2794.2308372182983,7.1995192994583235
2814.273636307442,5.9290158936715605
2834.3164353965853,2.541006811573526
2854.359234485729,5.505514758409306
2874.4020335748723,2.541006811573526
2894.444832664016,4.235011352622543
2914.4876317531593,5.082013623147052
2934.530430842303,4.658512487884797
2954.5732299314463,7.1995192994583235
2974.61602902059,4.235011352622543
2994.6588281097333,4.658512487884797
3014.701627198877,6.776018164196069
3034.7444262880203,2.1175056763112714
3054.787225377164,3.8115102173602886
3074.8300244663073,5.9290158936715605
3094.872823555451,6.776018164196069
3114.9156226445944,5.505514758409306
3134.958421733738,2.541006811573526
3155.0012208228814,3.8115102173602886
3175.044019912025,3.8115102173602886
3195.0868190011684,1.6940045410490172
3215.129618090312,4.235011352622543
3235.1724171794554,5.505514758409306
3255.215216268599,6.352517028933814
3275.2580153577424,4.658512487884797
3295.300814446886,3.3880090820980344
3315.3436135360294,4.658512487884797
3335.386412625173,5.082013623147052
3355.4292117143164,6.776018164196069
3375.47201080346,6.352517028933814
3395.5148098926034,6.352517028933814
3415.557608981747,5.082013623147052
3435.6004080708904,4.658512487884797
3455.643207160034,4.235011352622543
3475.6860062491774,2.541006811573526
3495.728805338321,2.1175056763112714
3515.7716044274644,4.658512487884797
3535.814403516608,5.505514758409306
3555.8572026057514,1.270503405786763
3575.900001694895,3.8115102173602886
3595.9428007840384,5.082013623147052
3615.985599873182,7.623020434720577
3636.0283989623254,4.658512487884797
3656.071198051469,5.082013623147052
3676.1139971406124,6.352517028933814
3696.156796229756,7.623020434720577
3716.1995953188994,3.8115102173602886
3736.242394408043,6.352517028933814
3756.2851934971864,4.235011352622543
3776.32799258633,3.8115102173602886
3796.3707916754734,2.9645079468357802
3816.413590764617,3.8115102173602886
3836.4563898537604,2.1175056763112714
3856.499188942904,2.1175056763112714
3876.5419880320474,3.8115102173602886
3896.584787121191,5.082013623147052
3916.6275862103344,4.235011352622543
3936.670385299478,3.8115102173602886
3956.7131843886214,2.541006811573526
3976.755983477765,6.352517028933814
3996.7987825669084,4.658512487884797
4016.841581656052,2.541006811573526
4036.8843807451954,2.9645079468357802
4056.927179834339,2.541006811573526
4076.9699789234824,2.9645079468357802
4097.012778012627,3.3880090820980344
4117.05557710177,3.3880090820980344
4137.098376190913,4.658512487884797
4157.141175280057,3.3880090820980344
4177.183974369201,2.541006811573526
4197.226773458344,3.8115102173602886
4217.269572547487,3.3880090820980344
4237.312371636631,4.235011352622543
4257.355170725775,5.082013623147052
4277.397969814918,3.8115102173602886
4297.440768904061,2.541006811573526
4317.483567993205,2.1175056763112714
4337.526367082349,2.9645079468357802
4357.569166171492,5.9290158936715605
4377.611965260635,5.9290158936715605
4397.654764349779,3.8115102173602886
4417.697563438923,6.352517028933814
4437.740362528066,2.541006811573526
4457.783161617209,3.3880090820980344
4477.825960706353,4.658512487884797
4497.868759795497,3.8115102173602886
4517.91155888464,3.8115102173602886
4537.954357973783,5.505514758409306
4557.997157062927,4.658512487884797
4578.039956152071,2.1175056763112714
4598.082755241214,2.9645079468357802
4618.125554330357,3.3880090820980344
4638.168353419501,1.270503405786763
4658.211152508645,4.235011352622543
4678.253951597788,2.9645079468357802
4698.296750686931,2.1175056763112714
4718.339549776075,3.3880090820980344
4738.382348865219,2.541006811573526
4758.425147954362,2.541006811573526
4778.467947043505,2.541006811573526
4798.510746132649,2.9645079468357802
4818.553545221793,1.270503405786763
4838.596344310936,2.541006811573526
4858.639143400079,1.270503405786763
4878.681942489223,5.082013623147052
4898.724741578367,4.658512487884797
4918.76754066751,1.6940045410490172
4938.810339756653,2.1175056763112714
4958.853138845797,2.541006811573526
4978.895937934941,2.1175056763112714
4998.938737024084,2.541006811573526
5018.981536113227,4.658512487884797
5039.024335202371,1.6940045410490172
5059.067134291515,2.1175056763112714
5079.109933380658,2.9645079468357802
5099.152732469801,3.3880090820980344
5119.195531558945,1.6940045410490172
5139.238330648089,2.541006811573526
5159.281129737232,1.6940045410490172
5179.323928826375,2.1175056763112714
5199.366727915519,2.9645079468357802
5219.409527004663,2.1175056763112714
5239.452326093806,2.9645079468357802
5259.495125182949,1.270503405786763
5279.537924272093,3.3880090820980344
5299.580723361237,0.8470022705245086
5319.62352245038,0.8470022705245086
5339.666321539523,2.1175056763112714
5359.709120628667,2.541006811573526
5379.751919717811,2.1175056763112714
5399.794718806954,0.8470022705245086
5419.837517896097,2.9645079468357802
5439.880316985241,1.6940045410490172
5459.923116074385,0.4235011352622543
5479.965915163528,0.8470022705245086
5500.008714252671,1.270503405786763
5520.051513341815,2.9645079468357802
5540.094312430959,2.1175056763112714
5560.137111520102,1.270503405786763
5580.179910609245,1.270503405786763
5600.222709698389,1.6940045410490172
5620.265508787533,0.8470022705245086
5640.308307876676,1.6940045410490172
5660.351106965819,0.4235011352622543
5680.393906054963,0.8470022705245086
5700.436705144107,0.4235011352622543
5720.47950423325,1.6940045410490172
5740.522303322393,1.270503405786763
5760.565102411537,1.6940045410490172
5780.607901500681,0.4235011352622543
5800.650700589824,2.541006811573526
5820.693499678967,1.270503405786763
5840.736298768111,1.6940045410490172
5860.779097857255,1.6940045410490172
5880.821896946398,1.270503405786763
5900.864696035541,1.6940045410490172
5920.907495124685,1.6940045410490172
5940.950294213829,0.4235011352622543
5960.993093302972,0.8470022705245086
5981.035892392115,0.8470022705245086
6001.078691481259,1.6940045410490172
6021.121490570403,0.4235011352622543
6041.164289659546,0.8470022705245086
6061.207088748689,0.8470022705245086
6081.249887837833,0.0
6101.292686926977,0.8470022705245086
6121.33548601612,1.6940045410490172
6141.378285105263,0.8470022705245086
6161.421084194407,1.270503405786763
6181.463883283551,0.8470022705245086
6201.506682372694,0.4235011352622543
6221.549481461837,0.0
6241.592280550981,0.8470022705245086
6261.635079640125,0.4235011352622543
6281.677878729268,0.8470022705245086
6301.720677818411,0.8470022705245086
6321.763476907555,1.270503405786763
6341.806275996699,1.270503405786763
6361.849075085842,1.270503405786763
6381.891874174985,1.6940045410490172
6401.934673264129,0.4235011352622543
6421.977472353273,1.6940045410490172
6442.020271442416,0.8470022705245086
6462.063070531559,0.0
6482.105869620703,0.4235011352622543
6502.148668709847,0.0
6522.19146779899,0.8470022705245086
6542.234266888133,0.0
6562.277065977277,0.4235011352622543
6582.319865066421,0.4235011352622543
6602.362664155564,0.0
6622.405463244707,0.8470022705245086
6642.448262333851,0.0
6662.491061422995,0.4235011352622543
6682.533860512138,0.0
6702.576659601281,0.0
6722.619458690425,0.0
6742.662257779569,0.4235011352622543
6762.705056868712,0.0
6782.747855957855,0.4235011352622543
6802.790655046999,0.8470022705245086
6822.833454136143,0.8470022705245086
6842.876253225286,0.4235011352622543
6862.919052314429,0.8470022705245086
6882.961851403573,0.8470022705245086
6903.004650492717,0.4235011352622543
6923.04744958186,0.4235011352622543
6943.090248671003,0.0
6963.133047760147,0.4235011352622543
6983.175846849291,0.0
7003.218645938434,0.8470022705245086
7023.261445027577,0.8470022705245086
7043.304244116721,0.0
7063.347043205865,1.6940045410490172
7083.389842295008,0.8470022705245086
7103.432641384151,0.8470022705245086
7123.475440473295,0.8470022705245086
7143.518239562439,0.0
7163.561038651582,0.0
7183.603837740725,0.4235011352622543
7203.646636829869,0.4235011352622543
7223.689435919013,0.8470022705245086
7243.732235008156,0.0
7263.775034097299,1.270503405786763
7283.817833186443,0.0
7303.860632275587,1.270503405786763
7323.90343136473,0.0
7343.946230453873,0.4235011352622543
7363.989029543017,0.0
7384.031828632161,0.4235011352622543
7404.074627721304,0.4235011352622543
7424.117426810447,1.270503405786763
7444.160225899591,0.8470022705245086
7464.203024988735,1.6940045410490172
7484.245824077878,0.0
7504.288623167021,0.4235011352622543
7524.331422256165,0.8470022705245086
7544.374221345309,0.4235011352622543
7564.417020434452,0.4235011352622543
7584.459819523595,0.0
7604.502618612739,0.0
7624.545417701883,0.8470022705245086
7644.588216791026,0.0
7664.631015880169,0.4235011352622543
7684.673814969313,1.6940045410490172
7704.716614058457,0.0
7724.7594131476,1.270503405786763
7744.802212236743,0.0
7764.845011325887,0.8470022705245086
7784.887810415031,0.8470022705245086
7804.930609504174,0.4235011352622543
7824.973408593317,0.0
7845.016207682461,0.4235011352622543
7865.059006771605,0.0
7885.101805860748,0.4235011352622543
7905.144604949891,1.270503405786763
7925.187404039035,1.6940045410490172
7945.230203128179,1.270503405786763
7965.273002217322,2.541006811573526
7985.315801306465,2.541006811573526
8005.358600395609,2.1175056763112714
8025.401399484753,3.8115102173602886
8045.444198573896,3.3880090820980344
8065.486997663039,2.1175056763112714
8085.529796752183,2.541006811573526
8105.572595841327,1.6940045410490172
8125.61539493047,1.270503405786763
8145.658194019613,1.270503405786763
8165.700993108757,0.4235011352622543
8185.743792197901,0.0
8205.786591287044,0.0
8225.829390376186,0.0
8245.87218946533,0.4235011352622543
8265.914988554474,0.8470022705245086
8285.957787643616,0.0
8306.00058673276,0.8470022705245086
8326.043385821904,0.4235011352622543
8346.086184911048,0.4235011352622543
8366.128984000192,0.0
8386.171783089334,0.0
8406.214582178478,0.4235011352622543
8426.257381267622,1.270503405786763
8446.300180356764,0.4235011352622543
8466.342979445908,0.8470022705245086
8486.385778535052,2.1175056763112714
8506.428577624196,1.270503405786763
8526.47137671334,4.235011352622543
8546.514175802482,5.082013623147052
8566.556974891626,8.89352384050734
8586.59977398077,4.658512487884797
8606.642573069912,13.975537463654392
8626.685372159056,11.858031787343121
8646.7281712482,12.281532922605376
8666.770970337344,11.434530652080866
8686.813769426488,6.776018164196069
8706.85656851563,5.082013623147052
8726.899367604774,3.8115102173602886
8746.942166693918,0.8470022705245086
8766.98496578306,1.270503405786763
8787.027764872204,0.4235011352622543
8807.070563961348,0.4235011352622543
8827.113363050492,0.4235011352622543
8847.156162139636,0.4235011352622543
8867.198961228778,0.0
8887.241760317922,2.1175056763112714
8907.284559407066,1.6940045410490172
8927.327358496208,0.0
8947.370157585352,1.270503405786763
8967.412956674496,0.0
8987.45575576364,0.4235011352622543
9007.498554852784,0.4235011352622543
9027.541353941926,0.4235011352622543
9047.58415303107,0.0
9067.626952120214,0.0
9087.669751209356,0.0
9107.7125502985,0.0
9127.755349387644,0.8470022705245086
9147.798148476788,0.0
9167.840947565932,0.0
9187.883746655074,0.0
9207.926545744218,0.4235011352622543
9227.969344833362,0.4235011352622543
9248.012143922504,0.0
9268.054943011648,0.4235011352622543
9288.097742100792,0.8470022705245086
9308.140541189936,0.0
9328.18334027908,0.4235011352622543
9348.226139368222,0.4235011352622543
9368.268938457366,0.0
9388.31173754651,0.8470022705245086
9408.354536635652,0.8470022705245086
9428.397335724796,0.4235011352622543
9448.44013481394,0.8470022705245086
9468.482933903084,0.4235011352622543
9488.525732992228,1.6940045410490172
9508.56853208137,3.3880090820980344
9528.611331170514,2.1175056763112714
9548.654130259658,2.1175056763112714
9568.6969293488,1.270503405786763
9588.739728437944,3.3880090820980344
9608.782527527088,1.6940045410490172
9628.825326616232,1.6940045410490172
9648.868125705376,1.270503405786763
9668.910924794518,0.8470022705245086
9688.953723883662,1.270503405786763
9708.996522972806,0.0
9729.039322061948,0.0
9749.082121151092,0.0
9769.124920240236,0.0
9789.16771932938,0.0
9809.210518418524,0.0
9829.253317507666,0.0
9849.29611659681,0.0
9869.338915685954,0.4235011352622543
9889.381714775096,0.0
9909.42451386424,0.0
9929.467312953384,0.0
9949.510112042528,0.8470022705245086
9969.552911131672,0.4235011352622543
9989.595710220814,0.0
10009.638509309958,0.0
10029.681308399102,0.8470022705245086
10049.724107488244,0.4235011352622543
10069.766906577388,0.0
10089.809705666532,0.0
10109.852504755676,0.0
10129.89530384482,0.0
10149.938102933962,0.4235011352622543
10169.980902023106,0.0
10190.02370111225,0.0
10210.066500201392,0.0
10230.109299290536,0.0
10250.15209837968,0.8470022705245086
10270.194897468824,0.4235011352622543
10290.237696557968,0.0
10310.28049564711,0.0
10330.323294736254,0.8470022705245086
10350.366093825398,0.4235011352622543
10370.40889291454,0.0
10390.451692003684,0.0
10410.494491092828,0.4235011352622543
10430.537290181972,0.8470022705245086
10450.580089271116,0.0
10470.622888360258,0.4235011352622543
10490.665687449402,0.0
10510.708486538546,0.0
10530.751285627688,1.270503405786763
10550.794084716832,0.4235011352622543
10570.836883805976,0.4235011352622543
10590.87968289512,0.0
10610.922481984264,1.6940045410490172
10630.965281073406,0.8470022705245086
10651.00808016255,2.541006811573526
10671.050879251694,1.6940045410490172
10691.093678340836,1.6940045410490172
10711.13647742998,2.541006811573526
10731.179276519124,5.082013623147052
10751.222075608268,5.505514758409306
10771.264874697412,5.9290158936715605
10791.307673786554,8.470022705245086
10811.350472875698,12.281532922605376
10831.393271964842,8.470022705245086
10851.436071053984,10.164027246294104
10871.478870143128,12.281532922605376
10891.521669232272,7.623020434720577
10911.564468321416,5.505514758409306
10931.60726741056,5.9290158936715605
10951.650066499702,2.9645079468357802
10971.692865588846,2.1175056763112714
10991.73566467799,0.4235011352622543
11011.778463767132,1.270503405786763
11031.821262856276,0.4235011352622543
11051.86406194542,0.4235011352622543
11071.906861034564,0.0
11091.949660123708,0.0
11111.99245921285,0.0
11132.035258301994,0.0
11152.078057391138,0.0
11172.12085648028,0.4235011352622543
11192.163655569424,0.0
11212.206454658568,0.0
11232.249253747712,0.0
11252.292052836856,0.0
11272.334851925998,0.0
11292.377651015142,0.4235011352622543
11312.420450104286,0.4235011352622543
11332.463249193428,0.0
11352.506048282572,0.4235011352622543
11372.548847371716,0.8470022705245086
11392.59164646086,0.0
11412.634445550004,0.0
11432.677244639146,0.4235011352622543
11452.72004372829,0.0
11472.762842817434,0.0
11492.805641906576,0.8470022705245086
11512.84844099572,0.0
11532.891240084864,0.4235011352622543
11552.934039174008,0.4235011352622543
11572.976838263152,0.4235011352622543
11593.019637352294,0.0
11613.062436441438,0.0
11633.105235530582,0.4235011352622543
11653.148034619724,0.4235011352622543
11673.190833708868,0.0
11693.233632798012,0.4235011352622543
11713.276431887156,0.4235011352622543
11733.3192309763,0.0
11753.362030065442,0.0
11773.404829154586,0.0
11793.44762824373,0.0
11813.490427332872,0.0
11833.533226422016,0.4235011352622543
11853.57602551116,0.4235011352622543
11873.618824600304,0.0
11893.661623689448,0.0
11913.70442277859,0.0
11933.747221867734,0.8470022705245086
11953.790020956878,0.4235011352622543
11973.83282004602,0.0
11993.875619135164,0.0
12013.918418224308,0.0
12033.961217313452,0.0
12054.004016402596,0.0
12074.046815491738,0.0
12094.089614580882,0.4235011352622543
12114.132413670026,0.0
12134.175212759168,0.8470022705245086
12154.218011848312,0.4235011352622543
12174.260810937456,0.8470022705245086
12194.3036100266,0.4235011352622543
12214.346409115744,0.0
12234.389208204886,0.0
12254.43200729403,0.4235011352622543
12274.474806383174,0.4235011352622543
12294.517605472316,0.0
12314.56040456146,0.0
12334.603203650604,0.0
12354.646002739748,0.4235011352622543
12374.688801828892,0.0
12394.731600918034,0.0
12414.774400007178,0.8470022705245086
12434.817199096322,0.4235011352622543
12454.859998185464,0.4235011352622543
12474.902797274608,0.4235011352622543
12494.945596363752,0.0
12514.988395452896,0.4235011352622543
12535.03119454204,1.6940045410490172
12555.073993631182,1.270503405786763
12575.116792720326,0.4235011352622543
12595.15959180947,1.270503405786763
12615.202390898612,0.0
12635.245189987756,1.270503405786763
12655.2879890769,0.8470022705245086
12675.330788166044,0.8470022705245086
12695.373587255188,1.270503405786763
12715.41638634433,0.4235011352622543
12735.459185433474,0.8470022705245086
12755.501984522618,1.270503405786763
12775.54478361176,2.1175056763112714
12795.587582700904,1.6940045410490172
12815.630381790048,1.6940045410490172
12835.673180879192,1.270503405786763
12855.715979968336,1.6940045410490172
12875.758779057478,2.541006811573526
12895.801578146622,3.3880090820980344
12915.844377235766,6.352517028933814
12935.887176324908,7.623020434720577
12955.929975414052,12.705034057867628
12975.972774503196,9.74052611103185
12996.01557359234,13.128535193129883
13016.058372681484,11.011029516818612
13036.101171770626,9.317024975769595
13056.14397085977,7.1995192994583235
13076.186769948914,10.164027246294104
13096.229569038056,13.552036328392138
13116.2723681272,5.9290158936715605
13136.315167216344,2.541006811573526
13156.357966305488,4.658512487884797
13176.400765394632,1.6940045410490172
13196.443564483774,2.1175056763112714
13216.486363572918,1.6940045410490172
13236.529162662062,1.6940045410490172
13256.571961751204,1.270503405786763
13276.614760840348,1.270503405786763
13296.657559929492,0.8470022705245086
13316.700359018636,0.8470022705245086
13336.74315810778,1.6940045410490172
13356.785957196922,1.270503405786763
13376.828756286066,0.4235011352622543
13396.87155537521,0.4235011352622543
13416.914354464352,1.270503405786763
13436.957153553496,2.1175056763112714
13456.99995264264,0.0
13477.042751731784,0.8470022705245086
13497.085550820928,0.4235011352622543
13517.12834991007,0.8470022705245086
13537.171148999214,0.4235011352622543
13557.213948088358,0.0
13577.2567471775,0.0
13597.299546266644,0.0
13617.342345355788,0.0
13637.385144444932,0.0
13657.427943534076,0.8470022705245086
13677.470742623218,0.4235011352622543
13697.513541712362,0.0
13717.556340801506,0.0
13737.599139890648,0.4235011352622543
13757.641938979792,0.0
13777.684738068936,0.0
13797.72753715808,0.8470022705245086
13817.770336247224,0.0
13837.813135336366,0.4235011352622543
13857.85593442551,0.4235011352622543
13877.898733514654,0.0
13897.941532603796,0.0
13917.98433169294,0.0
13938.027130782084,0.8470022705245086
13958.069929871228,0.0
13978.112728960372,0.4235011352622543
13998.155528049514,1.6940045410490172
14018.198327138658,0.8470022705245086
14038.241126227802,0.0
14058.283925316944,0.4235011352622543
14078.326724406088,0.4235011352622543
14098.369523495232,0.8470022705245086
14118.412322584376,0.8470022705245086
14138.45512167352,0.8470022705245086
14158.497920762662,0.8470022705245086
14178.540719851806,0.4235011352622543
14198.58351894095,0.4235011352622543
14218.626318030092,1.6940045410490172
14238.669117119236,0.8470022705245086
14258.71191620838,0.4235011352622543
14278.754715297524,0.4235011352622543
14298.797514386668,0.4235011352622543
14318.84031347581,0.0
14338.883112564954,0.0
14358.925911654098,0.8470022705245086
14378.96871074324,0.8470022705245086
14399.011509832384,0.0
14419.054308921528,0.0
14439.097108010672,0.0
14459.139907099816,0.0
14479.182706188958,0.0
14499.225505278102,0.0
14519.268304367246,0.0
14539.311103456388,0.0
14559.353902545532,0.0
14579.396701634676,0.4235011352622543
14599.43950072382,0.0
14619.482299812964,0.0
14639.525098902106,0.0
14659.56789799125,0.0
14679.610697080394,0.0
14699.653496169536,0.8470022705245086
14719.69629525868,0.0
14739.739094347824,0.0
14759.781893436968,0.0
14779.824692526112,0.4235011352622543
14799.867491615254,0.0
14819.910290704398,0.0
14839.953089793542,0.0
14859.995888882684,0.0
14880.038687971828,0.4235011352622543
14900.081487060972,0.0
14920.124286150116,0.0
14940.16708523926,0.4235011352622543
14960.209884328402,0.4235011352622543
14980.252683417546,0.0
15000.29548250669,0.4235011352622543
15020.338281595832,0.8470022705245086
15040.381080684976,0.4235011352622543
15060.42387977412,0.0
15080.466678863264,0.4235011352622543
15100.509477952408,1.6940045410490172
15120.55227704155,0.8470022705245086
15140.595076130694,0.8470022705245086
15160.637875219838,1.270503405786763
15180.68067430898,0.8470022705245086
15200.723473398124,2.1175056763112714
15220.766272487268,0.8470022705245086
15240.809071576412,2.9645079468357802
15260.851870665556,0.4235011352622543
15280.894669754698,1.6940045410490172
15300.937468843842,2.9645079468357802
15320.980267932986,1.270503405786763
15341.023067022128,2.1175056763112714
15361.065866111272,0.8470022705245086
15381.108665200416,2.1175056763112714
15401.15146428956,1.270503405786763
15421.194263378704,0.8470022705245086
15441.237062467846,0.0
15461.27986155699,0.4235011352622543
15481.322660646134,0.0
15501.365459735276,0.4235011352622543
15521.40825882442,0.0
15541.451057913564,0.0
15561.493857002708,0.8470022705245086
15581.536656091852,1.6940045410490172
15601.579455180994,1.270503405786763
15621.622254270138,2.541006811573526
15641.665053359282,1.270503405786763
15661.707852448424,2.541006811573526
15681.750651537568,2.1175056763112714
15701.793450626712,1.270503405786763
15721.836249715856,2.541006811573526
15741.879048805,1.6940045410490172
15761.921847894142,1.6940045410490172
15781.964646983286,2.541006811573526
15802.00744607243,2.541006811573526
15822.050245161572,2.9645079468357802
15842.093044250716,0.8470022705245086
15862.13584333986,0.4235011352622543
15882.178642429004,0.0
15902.221441518148,0.4235011352622543
15922.26424060729,0.8470022705245086
15942.307039696434,0.4235011352622543
15962.349838785578,0.8470022705245086
15982.39263787472,0.4235011352622543
16002.435436963864,0.0
16022.478236053008,0.0
16042.521035142152,0.0
16062.563834231296,0.0
16082.606633320438,0.0
16102.649432409582,0.0
16122.692231498726,0.4235011352622543
16142.735030587868,0.8470022705245086
16162.777829677012,0.0
16182.820628766156,0.4235011352622543
16202.8634278553,0.4235011352622543
16222.906226944444,0.0
16242.949026033586,0.8470022705245086
16262.99182512273,0.4235011352622543
16283.034624211874,0.4235011352622543
16303.077423301016,0.4235011352622543
16323.12022239016,0.4235011352622543
16343.163021479304,0.4235011352622543
16363.205820568448,0.4235011352622543
16383.248619657592,0.4235011352622543
16403.291418746736,0.0
16423.33421783588,1.270503405786763
16443.37701692502,0.4235011352622543
16463.419816014164,0.0
16483.462615103308,0.0
16503.505414192452,0.4235011352622543
16523.548213281596,0.4235011352622543
16543.59101237074,0.4235011352622543
16563.633811459884,0.0
16583.676610549024,0.4235011352622543
16603.719409638168,0.0
16623.762208727312,0.4235011352622543
16643.805007816456,0.0
16663.8478069056,0.0
16683.890605994744,0.0
16703.933405083888,0.0
16723.976204173032,0.0
16744.019003262176,0.0
16764.061802351316,0.0
16784.10460144046,0.4235011352622543
16804.147400529604,0.0
16824.190199618748,0.0
16844.232998707892,0.4235011352622543
16864.275797797036,0.0
16884.31859688618,0.4235011352622543
16904.36139597532,0.0
16924.404195064464,0.4235011352622543
16944.446994153608,0.0
16964.489793242752,0.0
16984.532592331896,0.4235011352622543
17004.57539142104,0.0
17024.618190510184,0.0
17044.660989599328,0.0
17064.703788688472,0.0
17084.746587777612,0.0
17104.789386866756,0.4235011352622543
17124.8321859559,0.0
17144.874985045044,0.4235011352622543
17164.917784134188,0.4235011352622543
17184.960583223332,0.8470022705245086
17205.003382312476,1.6940045410490172
17225.046181401616,1.270503405786763
17245.08898049076,2.1175056763112714
17265.131779579904,3.8115102173602886
17285.174578669048,4.235011352622543
17305.217377758192,7.1995192994583235
17325.260176847336,8.470022705245086
17345.30297593648,9.74052611103185
17365.345775025624,11.011029516818612
17385.388574114768,11.858031787343121
17405.431373203908,11.858031787343121
17425.474172293052,11.858031787343121
17445.516971382196,14.8225397341789
17465.55977047134,16.94004541049017
17485.602569560484,11.434530652080866
17505.645368649628,13.975537463654392
17525.688167738772,10.164027246294104
17545.730966827912,10.587528381556357
17565.773765917056,8.046521569982831
17585.8165650062,4.658512487884797
17605.859364095344,5.082013623147052
17625.902163184488,1.6940045410490172
17645.944962273632,0.8470022705245086
17665.987761362776,1.270503405786763
17686.03056045192,0.4235011352622543
17706.073359541064,1.270503405786763
17726.116158630204,0.0
17746.158957719348,0.0
17766.201756808492,0.4235011352622543
17786.244555897636,0.0
17806.28735498678,0.0
17826.330154075924,0.8470022705245086
17846.372953165068,0.0
17866.41575225421,0.0
17886.458551343352,0.0
17906.501350432496,0.4235011352622543
17926.54414952164,0.0
17946.586948610784,0.0
17966.629747699928,0.8470022705245086
17986.672546789072,0.8470022705245086
18006.715345878216,0.0
18026.75814496736,0.0
18046.8009440565,0.0
18066.843743145644,0.8470022705245086
18086.886542234788,0.4235011352622543
18106.929341323932,0.0
18126.972140413076,0.0
18147.01493950222,0.4235011352622543
18167.057738591364,0.0
18187.100537680504,0.0
18207.143336769648,0.4235011352622543
18227.186135858792,0.0
18247.228934947936,0.0
18267.27173403708,0.4235011352622543
18287.314533126224,0.0
18307.357332215368,0.0
18327.400131304512,0.0
18347.442930393656,0.0
18367.485729482796,0.8470022705245086
18387.52852857194,0.0
18407.571327661084,0.0
18427.614126750228,0.0
18447.656925839372,0.4235011352622543
18467.699724928516,0.0
18487.74252401766,0.0
18507.7853231068,0.0
18527.828122195944,0.0
18547.870921285088,0.0
18567.913720374232,0.0
18587.956519463376,0.0
18607.99931855252,0.0
18628.042117641664,0.4235011352622543
18648.084916730808,0.0
18668.127715819952,0.0
18688.170514909092,0.0
18708.213313998236,0.4235011352622543
18728.25611308738,0.0
18748.298912176524,0.4235011352622543
18768.341711265668,0.8470022705245086
18788.384510354812,0.0
18808.427309443956,0.0
18828.470108533096,0.8470022705245086
18848.51290762224,0.4235011352622543
18868.555706711384,0.0
18888.598505800528,0.0
18908.641304889672,0.0
18928.684103978816,0.8470022705245086
18948.72690306796,0.8470022705245086
18968.769702157104,0.0
18988.812501246248,0.0
19008.855300335388,0.0
19028.898099424532,0.4235011352622543
19048.940898513676,0.4235011352622543
19068.98369760282,0.0
19089.026496691964,0.4235011352622543
19109.069295781108,0.0
19129.112094870252,0.4235011352622543
19149.154893959392,0.0
19169.197693048536,0.8470022705245086
19189.24049213768,0.0
19209.283291226824,0.0
19229.326090315968,0.0
19249.368889405112,0.0
19269.411688494256,0.0
19289.4544875834,0.0
19309.497286672544,0.0
19329.540085761684,0.4235011352622543
19349.582884850828,0.0
19369.625683939972,0.0
19389.668483029116,0.4235011352622543
19409.71128211826,0.0
19429.754081207404,0.8470022705245086
19449.796880296548,2.1175056763112714
19469.83967938569,2.1175056763112714
19489.882478474832,1.270503405786763
19509.925277563976,2.9645079468357802
19529.96807665312,1.270503405786763
19550.010875742264,1.6940045410490172
19570.053674831408,1.6940045410490172
19590.096473920552,1.6940045410490172
19610.139273009696,1.6940045410490172
19630.18207209884,2.1175056763112714
19650.22487118798,1.6940045410490172
19670.267670277124,1.6940045410490172
19690.310469366268,0.8470022705245086
19710.353268455412,0.4235011352622543
19730.396067544556,1.270503405786763
19750.4388666337,0.8470022705245086
19770.481665722844,0.0
19790.524464811984,0.0
19810.567263901128,0.0
19830.610062990272,0.0
19850.652862079416,0.0
19870.69566116856,0.8470022705245086
19890.738460257704,0.8470022705245086
19910.781259346848,0.0
19930.824058435992,0.8470022705245086
19950.866857525136,0.4235011352622543
19970.909656614276,0.8470022705245086
19990.95245570342,0.0
20010.995254792564,0.0
20031.038053881708,1.270503405786763
20051.080852970852,0.0
20071.123652059996,0.0
20091.16645114914,0.0
20111.20925023828,0.0
20131.252049327424,0.0
20151.294848416568,0.8470022705245086
20171.337647505712,0.0
20191.380446594856,0.4235011352622543
20211.423245684,0.0
20231.466044773144,0.0
20251.508843862288,0.0
20271.551642951432,0.4235011352622543
20291.594442040572,0.4235011352622543
20311.637241129716,0.0
20331.68004021886,0.0
20351.722839308004,0.0
20371.765638397148,0.0
20391.808437486292,0.0
20411.851236575436,0.0
20431.894035664576,0.0
20451.93683475372,0.0
20471.979633842864,0.0
20492.022432932008,0.4235011352622543
20512.065232021152,0.0
20532.108031110296,0.0
20552.15083019944,0.0
20572.193629288584,0.4235011352622543
20592.236428377728,0.4235011352622543
20612.279227466868,0.0
20632.322026556012,0.8470022705245086
20652.364825645156,0.0
20672.4076247343,0.0
20692.450423823444,0.4235011352622543
20712.493222912588,0.0
20732.536022001732,0.0
20752.578821090872,0.4235011352622543
20772.621620180016,0.4235011352622543
20792.66441926916,0.4235011352622543
20812.707218358304,0.0
20832.750017447448,0.0
20852.792816536592,0.0
20872.835615625736,0.0
20892.87841471488,0.8470022705245086
20912.921213804024,0.4235011352622543
20932.964012893164,0.0
20953.006811982308,0.4235011352622543
20973.049611071452,0.0
20993.092410160596,0.4235011352622543
21013.13520924974,0.0
21033.178008338884,0.0
21053.220807428028,0.8470022705245086
21073.26360651717,0.0
21093.306405606312,0.0
21113.349204695456,0.4235011352622543
21133.3920037846,0.0
21153.434802873744,0.8470022705245086
21173.477601962888,0.8470022705245086
21193.520401052032,0.4235011352622543
21213.563200141176,0.4235011352622543
21233.60599923032,0.0
21253.64879831946,0.0
21273.691597408604,0.4235011352622543
21293.734396497748,0.0
21313.777195586892,0.0
21333.819994676036,0.4235011352622543
21353.86279376518,0.4235011352622543
21373.905592854324,0.0
21393.948391943464,0.0
21413.99119103261,0.0
21434.033990121752,0.0
21454.076789210896,0.4235011352622543
21474.11958830004,0.4235011352622543
21494.162387389184,0.0
21514.205186478328,0.0
21534.247985567472,0.4235011352622543
21554.290784656616,0.0
21574.333583745756,0.0
21594.3763828349,0.0
21614.419181924044,0.4235011352622543
21634.461981013188,0.8470022705245086
21654.504780102332,1.270503405786763
21674.547579191476,1.270503405786763
21694.59037828062,0.4235011352622543
21714.63317736976,0.4235011352622543
21734.675976458904,0.0
21754.718775548048,0.4235011352622543
21774.761574637192,0.4235011352622543
21794.804373726336,0.0
21814.84717281548,0.8470022705245086
21834.889971904624,0.8470022705245086
21854.932770993768,0.4235011352622543
21874.975570082912,0.4235011352622543
21895.018369172052,0.4235011352622543
21915.061168261196,0.4235011352622543
21935.10396735034,0.0
21955.146766439484,0.4235011352622543
21975.189565528628,0.4235011352622543
21995.232364617772,0.4235011352622543
22015.275163706916,0.8470022705245086
22035.317962796056,0.8470022705245086
22055.3607618852,0.4235011352622543
22075.403560974344,0.8470022705245086
22095.446360063488,0.4235011352622543
22115.489159152632,0.0
22135.531958241776,0.4235011352622543
22155.57475733092,0.8470022705245086
22175.617556420064,0.0
22195.660355509208,1.270503405786763
22215.70315459835,1.270503405786763
22235.745953687492,0.8470022705245086
22255.788752776636,0.0
22275.83155186578,1.270503405786763
22295.874350954924,0.4235011352622543
22315.917150044068,0.8470022705245086
22335.959949133212,0.4235011352622543
22356.002748222352,2.1175056763112714
22376.045547311496,0.4235011352622543
22396.08834640064,0.0
22416.131145489784,0.8470022705245086
22436.173944578928,0.8470022705245086
22456.216743668072,0.4235011352622543
22476.259542757216,0.8470022705245086
22496.30234184636,0.8470022705245086
22516.345140935504,0.0
22536.387940024644,0.8470022705245086
22556.430739113788,0.4235011352622543
22576.473538202932,0.8470022705245086
22596.516337292076,0.4235011352622543
22616.55913638122,0.8470022705245086
22636.601935470364,0.4235011352622543
22656.644734559508,0.4235011352622543
22676.68753364865,0.8470022705245086
22696.730332737792,0.8470022705245086
22716.773131826936,0.8470022705245086
22736.81593091608,0.8470022705245086
22756.858730005224,0.0
22776.901529094368,2.541006811573526
22796.944328183512,1.270503405786763
22816.987127272656,0.8470022705245086
22837.0299263618,1.6940045410490172
22857.07272545094,0.4235011352622543
22877.115524540084,0.0
22897.158323629228,0.8470022705245086
22917.201122718372,0.0
22937.243921807516,1.270503405786763
22957.28672089666,0.8470022705245086
22977.329519985804,0.4235011352622543
22997.372319074944,1.270503405786763
23017.41511816409,1.6940045410490172
23037.457917253232,0.0
23057.500716342376,1.270503405786763
23077.54351543152,0.8470022705245086
23097.586314520664,0.8470022705245086
23117.629113609808,1.6940045410490172
23137.671912698952,0.8470022705245086
23157.714711788096,1.270503405786763
23177.757510877236,0.8470022705245086
23197.80030996638,1.270503405786763
23217.843109055524,1.270503405786763
23237.885908144668,0.4235011352622543
23257.928707233812,0.8470022705245086
23277.971506322956,0.0
23298.0143054121,0.4235011352622543
23318.05710450124,0.4235011352622543
23338.099903590384,0.0
23358.142702679528,1.6940045410490172
23378.185501768672,0.8470022705245086
23398.228300857816,0.4235011352622543
23418.27109994696,1.270503405786763
23438.313899036104,0.4235011352622543
23458.356698125248,0.8470022705245086
23478.399497214392,1.270503405786763
23498.442296303532,1.270503405786763
23518.485095392676,0.8470022705245086
23538.52789448182,0.8470022705245086
23558.570693570964,0.4235011352622543
23578.613492660108,1.270503405786763
23598.656291749252,1.6940045410490172
23618.699090838396,0.0
23638.741889927536,1.6940045410490172
23658.78468901668,1.270503405786763
23678.827488105824,0.8470022705245086
23698.870287194968,0.8470022705245086
23718.913086284112,2.1175056763112714
23738.955885373256,0.4235011352622543
23758.9986844624,1.270503405786763
23779.041483551544,1.270503405786763
23799.084282640688,1.270503405786763
23819.12708172983,0.4235011352622543
23839.169880818972,1.270503405786763
23859.212679908116,0.8470022705245086
23879.25547899726,1.270503405786763
23899.298278086404,1.6940045410490172
23919.341077175548,0.8470022705245086
23939.383876264692,0.8470022705245086
23959.426675353832,0.4235011352622543
23979.469474442976,1.6940045410490172
23999.51227353212,0.8470022705245086
24019.555072621264,2.1175056763112714
24039.597871710408,1.6940045410490172
24059.640670799552,0.8470022705245086
24079.683469888696,1.270503405786763
24099.72626897784,0.4235011352622543
24119.769068066984,2.1175056763112714
24139.811867156124,0.4235011352622543
24159.854666245268,1.6940045410490172
24179.897465334412,1.270503405786763
24199.940264423556,1.270503405786763
24219.9830635127,0.8470022705245086
24240.025862601844,1.270503405786763
24260.068661690988,2.541006811573526
24280.11146078013,0.4235011352622543
24300.154259869272,1.6940045410490172
24320.197058958416,1.6940045410490172
24340.23985804756,0.4235011352622543
24360.282657136704,0.4235011352622543
24380.325456225848,2.1175056763112714
24400.368255314992,2.541006811573526
24420.411054404136,0.4235011352622543
24440.45385349328,2.541006811573526
24460.49665258242,2.1175056763112714
24480.539451671564,1.270503405786763
24500.582250760708,1.270503405786763
24520.625049849852,2.1175056763112714
24540.667848938996,1.6940045410490172
24560.71064802814,0.8470022705245086
24580.753447117284,1.6940045410490172
24600.796246206424,3.3880090820980344
24620.83904529557,2.1175056763112714
24640.881844384712,2.1175056763112714
24660.924643473856,1.6940045410490172
24680.967442563,1.6940045410490172
24701.010241652144,0.8470022705245086
24721.053040741288,1.270503405786763
24741.095839830432,0.4235011352622543
24761.138638919576,1.270503405786763
24781.181438008716,2.1175056763112714
24801.22423709786,2.1175056763112714
24821.267036187004,3.3880090820980344
24841.309835276148,1.270503405786763
24861.352634365292,1.270503405786763
24881.395433454436,2.541006811573526
24901.43823254358,1.6940045410490172
24921.48103163272,1.6940045410490172
24941.523830721864,2.1175056763112714
24961.566629811008,3.8115102173602886
24981.609428900152,4.658512487884797
25001.652227989296,2.9645079468357802
25021.69502707844,3.8115102173602886
25041.737826167584,4.658512487884797
25061.780625256728,3.3880090820980344
25081.823424345872,3.3880090820980344
25101.866223435012,5.505514758409306
25121.909022524156,3.3880090820980344
25141.9518216133,1.6940045410490172
25161.994620702444,2.9645079468357802
25182.037419791588,5.082013623147052
25202.080218880732,7.623020434720577
25222.123017969876,3.3880090820980344
25242.165817059016,6.352517028933814
25262.20861614816,3.8115102173602886
25282.251415237304,4.658512487884797
25302.294214326448,4.658512487884797
25322.337013415592,3.3880090820980344
25342.379812504736,2.9645079468357802
25362.42261159388,4.235011352622543
25382.465410683024,3.8115102173602886
25402.508209772168,1.6940045410490172
25422.55100886131,3.8115102173602886
25442.593807950452,2.9645079468357802
25462.636607039596,2.9645079468357802
25482.67940612874,4.658512487884797
25502.722205217884,2.541006811573526
25522.765004307028,3.8115102173602886
25542.807803396172,3.8115102173602886
25562.850602485312,2.1175056763112714
25582.893401574456,4.235011352622543
25602.9362006636,2.9645079468357802
25622.978999752744,3.3880090820980344
25643.021798841888,2.9645079468357802
25663.064597931032,2.1175056763112714
25683.107397020176,3.8115102173602886
25703.15019610932,5.082013623147052
25723.192995198464,2.1175056763112714
25743.235794287604,4.658512487884797
25763.278593376748,2.9645079468357802
25783.321392465892,1.270503405786763
25803.364191555036,2.9645079468357802
25823.40699064418,2.1175056763112714
25843.449789733324,2.1175056763112714
25863.492588822468,2.541006811573526
25883.53538791161,2.541006811573526
25903.578187000752,1.6940045410490172
25923.620986089896,4.658512487884797
25943.66378517904,4.235011352622543
25963.706584268184,2.541006811573526
25983.749383357328,2.1175056763112714
26003.792182446472,3.3880090820980344
26023.834981535616,3.3880090820980344
26043.87778062476,2.541006811573526
26063.9205797139,1.6940045410490172
26083.963378803044,3.3880090820980344
26104.006177892188,2.541006811573526
26124.048976981332,3.3880090820980344
26144.091776070476,2.541006811573526
26164.13457515962,1.270503405786763
26184.177374248764,2.541006811573526
26204.220173337904,3.3880090820980344
26224.26297242705,1.6940045410490172
26244.305771516192,3.3880090820980344
26264.348570605336,2.9645079468357802
26284.39136969448,2.1175056763112714
26304.434168783624,2.541006811573526
26324.476967872768,3.3880090820980344
26344.519766961912,3.8115102173602886
26364.562566051056,0.4235011352622543
26384.605365140196,3.8115102173602886
26404.64816422934,1.6940045410490172
26424.690963318484,0.8470022705245086
26444.733762407628,2.9645079468357802
26464.776561496772,2.541006811573526
26484.819360585916,4.658512487884797
26504.86215967506,3.8115102173602886
26524.9049587642,2.1175056763112714
26544.947757853344,3.8115102173602886
26564.99055694249,2.9645079468357802
26585.033356031632,2.9645079468357802
26605.076155120776,0.8470022705245086
26625.11895420992,3.3880090820980344
26645.161753299064,2.541006811573526
26665.204552388208,2.541006811573526
26685.247351477352,3.3880090820980344
26705.290150566492,2.9645079468357802
26725.332949655636,4.658512487884797
26745.37574874478,2.9645079468357802
26765.418547833924,4.235011352622543
26785.461346923068,3.3880090820980344
26805.504146012212,4.235011352622543
26825.546945101356,4.235011352622543
26845.589744190496,2.1175056763112714
26865.63254327964,3.8115102173602886
26885.675342368784,2.1175056763112714
26905.718141457928,2.9645079468357802
26925.760940547072,2.541006811573526
26945.803739636216,3.8115102173602886
26965.84653872536,4.235011352622543
26985.889337814504,3.3880090820980344
27005.932136903648,3.3880090820980344
27025.97493599279,3.3880090820980344
27046.017735081932,4.235011352622543
27066.060534171076,5.505514758409306
27086.10333326022,3.8115102173602886
27106.146132349364,2.541006811573526
27126.188931438508,5.505514758409306
27146.231730527652,6.352517028933814
27166.274529616792,3.8115102173602886
27186.317328705936,5.505514758409306
27206.36012779508,4.658512487884797
27226.402926884224,2.541006811573526
27246.445725973368,2.9645079468357802
27266.488525062512,2.9645079468357802
27286.531324151656,4.658512487884797
27306.5741232408,4.235011352622543
27326.616922329944,4.235011352622543
27346.659721419084,5.082013623147052
27366.70252050823,5.082013623147052
27386.745319597372,6.776018164196069
27406.788118686516,3.3880090820980344
27426.83091777566,4.235011352622543
27446.873716864804,6.352517028933814
27466.916515953948,6.776018164196069
27486.95931504309,5.9290158936715605
27507.002114132232,4.235011352622543
27527.044913221376,3.8115102173602886
27547.08771231052,3.3880090820980344
27567.130511399664,3.3880090820980344
27587.173310488808,6.352517028933814
27607.216109577952,4.658512487884797
27627.258908667096,3.8115102173602886
27647.30170775624,3.8115102173602886
27667.34450684538,4.235011352622543
27687.387305934524,3.8115102173602886
27707.430105023668,2.541006811573526
27727.472904112812,4.235011352622543
27747.515703201956,3.3880090820980344
27767.5585022911,3.3880090820980344
27787.601301380244,4.235011352622543
27807.644100469384,5.505514758409306
27827.68689955853,2.9645079468357802
27847.729698647672,3.8115102173602886
27867.772497736816,4.235011352622543
27887.81529682596,4.235011352622543
27907.858095915104,8.470022705245086
27927.900895004248,2.541006811573526
27947.943694093392,5.9290158936715605
27967.986493182536,4.658512487884797
27988.029292271676,5.082013623147052
28008.07209136082,5.9290158936715605
28028.114890449964,3.8115102173602886
28048.157689539108,6.352517028933814
28068.200488628252,7.623020434720577
28088.243287717396,6.352517028933814
28108.28608680654,4.235011352622543
28128.32888589568,6.352517028933814
28148.371684984824,3.8115102173602886
28168.41448407397,4.658512487884797
28188.457283163112,6.352517028933814
28208.500082252256,7.623020434720577
28228.5428813414,6.352517028933814
28248.585680430544,5.082013623147052
28268.628479519688,3.8115102173602886
28288.671278608832,3.8115102173602886
28308.714077697972,5.505514758409306
28328.756876787116,5.082013623147052
28348.79967587626,3.3880090820980344
28368.842474965404,4.658512487884797
28388.885274054548,3.8115102173602886
28408.928073143692,5.082013623147052
28428.970872232836,3.3880090820980344
28449.013671321976,5.505514758409306
28469.05647041112,5.082013623147052
28489.099269500264,7.1995192994583235
28509.142068589408,6.352517028933814
28529.184867678552,3.8115102173602886
28549.227666767696,4.658512487884797
28569.27046585684,7.623020434720577
28589.313264945984,8.89352384050734
28609.356064035128,8.89352384050734
28629.39886312427,4.658512487884797
28649.441662213412,5.505514758409306
28669.484461302556,5.082013623147052
28689.5272603917,4.658512487884797
28709.570059480844,7.1995192994583235
28729.612858569988,3.8115102173602886
28749.655657659132,2.541006811573526
28769.698456748272,3.3880090820980344
28789.741255837416,5.505514758409306
28809.78405492656,4.235011352622543
28829.826854015704,3.3880090820980344
28849.869653104848,3.8115102173602886
28869.912452193992,5.505514758409306
28889.955251283136,4.658512487884797
28909.99805037228,5.082013623147052
28930.040849461424,5.082013623147052
28950.083648550564,7.1995192994583235
28970.12644763971,4.235011352622543
28990.169246728852,8.046521569982831
29010.212045817996,6.352517028933814
29030.25484490714,5.505514758409306
29050.297643996284,8.470022705245086
29070.340443085428,5.505514758409306
29090.38324217457,7.623020434720577
29110.426041263712,7.1995192994583235
29130.468840352856,5.082013623147052
29150.511639442,4.235011352622543
29170.554438531144,6.352517028933814
29190.597237620288,6.352517028933814
29210.640036709432,3.8115102173602886
29230.682835798576,5.082013623147052
29250.72563488772,5.082013623147052
29270.76843397686,6.352517028933814
29290.811233066004,5.505514758409306
29310.854032155148,5.505514758409306
29330.896831244292,4.235011352622543
29350.939630333436,5.082013623147052
29370.98242942258,6.776018164196069
29391.025228511724,10.587528381556357
29411.068027600864,5.9290158936715605
29431.11082669001,2.541006811573526
29451.153625779152,3.3880090820980344
29471.196424868296,6.776018164196069
29491.23922395744,7.1995192994583235
29511.282023046584,5.082013623147052
29531.324822135728,6.352517028933814
29551.367621224872,5.505514758409306
29571.410420314016,5.082013623147052
29591.453219403156,3.8115102173602886
29611.4960184923,9.74052611103185
29631.538817581444,6.352517028933814
29651.581616670588,7.1995192994583235
29671.624415759732,6.352517028933814
29691.667214848876,3.8115102173602886
29711.71001393802,3.8115102173602886
29731.75281302716,5.505514758409306
29751.795612116304,8.046521569982831
29771.83841120545,7.1995192994583235
29791.881210294592,6.352517028933814
29811.924009383736,3.8115102173602886
29831.96680847288,4.658512487884797
29852.009607562024,5.082013623147052
29872.052406651168,4.658512487884797
29892.095205740312,7.623020434720577
29912.138004829452,5.505514758409306
29932.180803918596,5.082013623147052
29952.22360300774,3.3880090820980344
29972.266402096884,5.9290158936715605
29992.309201186028,7.1995192994583235
30012.352000275172,5.082013623147052
30032.394799364316,7.1995192994583235
30052.437598453456,5.505514758409306
30072.4803975426,6.776018164196069
30092.523196631744,5.082013623147052
30112.565995720888,5.082013623147052
30132.608794810032,6.352517028933814
30152.651593899176,4.235011352622543
30172.69439298832,8.89352384050734
30192.737192077464,5.082013623147052
30212.779991166608,5.9290158936715605
30232.82279025575,8.046521569982831
30252.865589344892,8.046521569982831
30272.908388434036,8.046521569982831
30292.95118752318,6.352517028933814
30312.993986612324,5.082013623147052
30333.036785701468,5.505514758409306
30353.079584790612,5.505514758409306
30373.122383879752,5.9290158936715605
30393.165182968896,4.658512487884797
30413.20798205804,5.082013623147052
30433.250781147184,8.046521569982831
30453.293580236328,6.776018164196069
30473.336379325472,7.1995192994583235
30493.379178414616,3.8115102173602886
30513.42197750376,5.9290158936715605
30533.464776592904,5.082013623147052
30553.507575682044,6.352517028933814
30573.55037477119,7.1995192994583235
30593.593173860332,6.352517028933814
30613.635972949476,8.470022705245086
30633.67877203862,6.776018164196069
30653.721571127764,9.317024975769595
30673.764370216908,5.9290158936715605
30693.80716930605,7.1995192994583235
30713.849968395192,6.352517028933814
30733.892767484336,7.623020434720577
30753.93556657348,6.776018164196069
30773.978365662624,7.1995192994583235
30794.021164751768,6.776018164196069
30814.063963840912,8.89352384050734
30834.106762930056,5.082013623147052
30854.1495620192,5.9290158936715605
30874.19236110834,7.623020434720577
30894.235160197484,8.89352384050734
30914.277959286628,7.623020434720577
30934.320758375772,7.623020434720577
30954.363557464916,8.046521569982831
30974.40635655406,7.1995192994583235
30994.449155643204,4.235011352622543
31014.491954732344,8.046521569982831
31034.53475382149,6.352517028933814
31054.577552910632,5.505514758409306
31074.620351999776,8.470022705245086
31094.66315108892,8.470022705245086
31114.705950178064,6.776018164196069
31134.748749267208,6.352517028933814
31154.791548356352,4.235011352622543
31174.834347445496,8.470022705245086
31194.877146534636,5.9290158936715605
31214.91994562378,7.623020434720577
31234.962744712924,6.776018164196069
31255.005543802068,8.046521569982831
31275.048342891212,4.235011352622543
31295.091141980356,8.89352384050734
31315.1339410695,9.317024975769595
31335.17674015864,7.1995192994583235
31355.219539247784,9.74052611103185
31375.26233833693,7.1995192994583235
31395.305137426072,8.89352384050734
31415.347936515216,5.9290158936715605
31435.39073560436,8.046521569982831
31455.433534693504,5.9290158936715605
31475.476333782648,2.9645079468357802
31495.519132871792,8.046521569982831
31515.561931960932,6.776018164196069
31535.604731050076,8.046521569982831
31555.64753013922,13.128535193129883
31575.690329228364,8.470022705245086
31595.733128317508,6.352517028933814
31615.775927406652,6.352517028933814
31635.818726495796,9.74052611103185
31655.861525584936,7.623020434720577
31675.90432467408,6.776018164196069
31695.947123763224,8.046521569982831
31715.98992285237,6.776018164196069
31736.032721941512,8.046521569982831
31756.075521030656,5.505514758409306
31776.1183201198,8.470022705245086
31796.161119208944,8.470022705245086
31816.203918298088,7.623020434720577
31836.24671738723,8.046521569982831
31856.289516476372,7.1995192994583235
31876.332315565516,10.587528381556357
31896.37511465466,5.505514758409306
31916.417913743804,8.470022705245086
31936.460712832948,11.434530652080866
31956.503511922092,5.082013623147052
31976.546311011232,5.505514758409306
31996.589110100376,10.164027246294104
32016.63190918952,7.623020434720577
32036.674708278664,10.587528381556357
32056.717507367808,6.776018164196069
32076.760306456952,7.1995192994583235
32096.803105546096,12.705034057867628
32116.84590463524,8.470022705245086
32136.888703724384,8.89352384050734
32156.931502813524,11.011029516818612
32176.97430190267,9.317024975769595
32197.017100991812,5.082013623147052
32217.059900080956,6.776018164196069
32237.1026991701,9.317024975769595
32257.145498259244,7.1995192994583235
32277.188297348388,8.89352384050734
32297.23109643753,10.587528381556357
32317.273895526672,6.776018164196069
32337.316694615816,5.082013623147052
32357.35949370496,7.623020434720577
32377.402292794104,7.1995192994583235
32397.445091883248,4.658512487884797
32417.487890972392,5.9290158936715605
32437.530690061536,4.235011352622543
32457.57348915068,7.623020434720577
32477.61628823982,8.046521569982831
32497.659087328964,7.1995192994583235
32517.70188641811,8.046521569982831
32537.744685507252,7.1995192994583235
32557.787484596396,8.470022705245086
32577.83028368554,4.658512487884797
32597.873082774684,5.9290158936715605
32617.915881863824,7.623020434720577
32637.95868095297,4.658512487884797
32658.001480042112,8.89352384050734
32678.044279131256,8.046521569982831
32698.0870782204,7.623020434720577
32718.129877309544,6.352517028933814
32738.172676398688,6.352517028933814
32758.21547548783,8.046521569982831
32778.258274576976,8.89352384050734
32798.301073666116,7.623020434720577
32818.343872755264,8.470022705245086
32838.386671844404,6.776018164196069
32858.42947093355,11.858031787343121
32878.47227002269,6.776018164196069
32898.51506911183,4.235011352622543
32918.55786820098,8.470022705245086
32938.60066729012,8.89352384050734
32958.64346637927,6.352517028933814
32978.68626546841,6.776018164196069
32998.729064557556,8.046521569982831
33018.771863646696,7.623020434720577
33038.81466273584,6.352517028933814
33058.857461824984,9.317024975769595
33078.900260914124,8.89352384050734
33098.94306000327,4.658512487884797
33118.98585909241,8.046521569982831
33139.02865818156,5.082013623147052
33159.0714572707,8.046521569982831
33179.11425635984,5.505514758409306
33199.15705544899,6.352517028933814
33219.19985453813,8.046521569982831
33239.242653627276,5.082013623147052
33259.285452716416,6.776018164196069
33279.328251805564,8.89352384050734
33299.371050894704,5.9290158936715605
33319.41384998385,6.776018164196069
33339.45664907299,10.164027246294104
33359.49944816213,9.317024975769595
33379.54224725128,10.164027246294104
33399.58504634042,6.776018164196069
33419.62784542957,10.164027246294104
33439.67064451871,8.470022705245086
33459.713443607856,10.587528381556357
33479.756242696996,8.89352384050734
33499.799041786144,6.352517028933814
33519.841840875284,7.623020434720577
33539.884639964424,6.776018164196069
33559.92743905357,5.505514758409306
33579.97023814271,11.434530652080866
33600.01303723186,9.317024975769595
33620.055836321,8.89352384050734
33640.09863541015,9.74052611103185
33660.14143449929,6.352517028933814
33680.18423358843,6.352517028933814
33700.227032677576,9.317024975769595
33720.26983176672,6.776018164196069
33740.312630855864,8.89352384050734
33760.355429945004,5.082013623147052
33780.39822903415,6.776018164196069
33800.44102812329,7.623020434720577
33820.48382721243,8.470022705245086
33840.52662630158,6.352517028933814
33860.56942539072,8.89352384050734
33880.61222447987,8.89352384050734
33900.65502356901,7.1995192994583235
33920.697822658156,12.281532922605376
33940.740621747296,10.587528381556357
33960.783420836444,7.1995192994583235
33980.826219925584,7.1995192994583235
34000.869019014724,11.011029516818612
34020.91181810387,8.470022705245086
34040.95461719301,8.046521569982831
34060.99741628216,7.623020434720577
34081.0402153713,9.317024975769595
34101.08301446045,8.046521569982831
34121.12581354959,8.046521569982831
34141.168612638736,6.776018164196069
34161.211411727876,8.89352384050734
34181.25421081702,11.434530652080866
34201.297009906164,12.281532922605376
34221.339808995304,7.623020434720577
34241.38260808445,7.623020434720577
34261.42540717359,9.317024975769595
34281.46820626274,5.9290158936715605
34301.51100535188,7.623020434720577
34321.55380444102,6.352517028933814
34341.59660353017,8.470022705245086
34361.63940261931,8.89352384050734
34381.682201708456,11.858031787343121
34401.725000797596,7.1995192994583235
34421.767799886744,8.89352384050734
34441.810598975884,8.046521569982831
34461.853398065025,12.705034057867628
34481.89619715417,8.470022705245086
34501.93899624331,7.1995192994583235
34521.98179533246,6.776018164196069
34542.0245944216,7.623020434720577
34562.06739351075,7.623020434720577
34582.11019259989,6.776018164196069
34602.152991689036,9.317024975769595
34622.195790778176,8.470022705245086
34642.23858986732,5.505514758409306
34662.281388956464,7.1995192994583235
34682.324188045604,7.1995192994583235
34702.36698713475,8.89352384050734
34722.40978622389,8.470022705245086
34742.45258531304,8.89352384050734
34762.49538440218,5.505514758409306
34782.53818349133,8.89352384050734
34802.58098258047,9.74052611103185
34822.62378166961,8.470022705245086
34842.666580758756,10.164027246294104
34862.709379847896,6.776018164196069
34882.752178937044,9.317024975769595
34902.794978026184,7.1995192994583235
34922.83777711533,8.470022705245086
34942.88057620447,11.011029516818612
34962.92337529361,4.658512487884797
34982.96617438276,6.776018164196069
35003.0089734719,6.352517028933814
35023.05177256105,9.317024975769595
35043.09457165019,8.89352384050734
35063.137370739336,9.74052611103185
35083.180169828476,13.128535193129883
35103.22296891762,8.046521569982831
35123.265768006764,7.1995192994583235
35143.308567095904,8.046521569982831
35163.35136618505,8.046521569982831
35183.39416527419,7.1995192994583235
35203.43696436334,9.317024975769595
35223.47976345248,6.776018164196069
35243.52256254163,8.470022705245086
35263.56536163077,9.74052611103185
35283.60816071991,7.1995192994583235
35303.650959809056,7.623020434720577
35323.6937588982,5.9290158936715605
35343.736557987344,5.9290158936715605
35363.779357076484,8.89352384050734
35383.82215616563,5.505514758409306
35403.86495525477,9.317024975769595
35423.90775434392,6.776018164196069
35443.95055343306,9.74052611103185
35463.9933525222,9.317024975769595
35484.03615161135,6.352517028933814
35504.07895070049,11.011029516818612
35524.121749789636,6.352517028933814
35544.164548878776,9.317024975769595
35564.207347967924,9.74052611103185
35584.250147057064,9.74052611103185
35604.292946146204,7.623020434720577
35624.33574523535,8.470022705245086
35644.37854432449,5.505514758409306
35664.42134341364,5.505514758409306
35684.46414250278,12.705034057867628
35704.50694159193,6.776018164196069
35724.54974068107,8.89352384050734
35744.59253977021,9.74052611103185
35764.635338859356,5.505514758409306
35784.6781379485,7.623020434720577
35804.720937037644,6.352517028933814
35824.763736126784,6.776018164196069
35844.80653521593,7.623020434720577
35864.84933430507,11.011029516818612
35884.89213339422,9.317024975769595
35904.93493248336,13.128535193129883
35924.9777315725,8.89352384050734
35945.02053066165,10.587528381556357
35965.06332975079,5.9290158936715605
35985.106128839936,8.470022705245086
36005.148927929076,11.011029516818612
36025.191727018224,11.858031787343121
36045.234526107364,9.74052611103185
36065.27732519651,10.164027246294104
36085.32012428565,8.046521569982831
36105.36292337479,9.317024975769595
36125.40572246394,6.352517028933814
36145.44852155308,11.011029516818612
36165.49132064223,8.470022705245086
36185.53411973137,7.1995192994583235
36205.576918820516,9.317024975769595
36225.619717909656,8.046521569982831
36245.6625169988,9.74052611103185
36265.705316087944,5.505514758409306
36285.748115177084,8.470022705245086
36305.79091426623,9.74052611103185
36325.83371335537,6.776018164196069
36345.87651244452,10.164027246294104
36365.91931153366,6.352517028933814
36385.9621106228,6.352517028933814
36406.00490971195,4.658512487884797
36426.04770880109,5.9290158936715605
36446.090507890236,7.1995192994583235
36466.133306979376,10.164027246294104
36486.176106068524,10.587528381556357
36506.218905157664,5.9290158936715605
36526.26170424681,7.1995192994583235
36546.30450333595,7.1995192994583235
36566.34730242509,10.164027246294104
36586.39010151424,7.1995192994583235
36606.43290060338,7.1995192994583235
36626.47569969253,11.858031787343121
36646.51849878167,5.9290158936715605
36666.561297870816,7.623020434720577
36686.604096959956,8.89352384050734
36706.646896049104,8.470022705245086
36726.689695138244,4.235011352622543
36746.732494227384,10.164027246294104
36766.77529331653,5.082013623147052
36786.81809240567,8.89352384050734
36806.86089149482,5.9290158936715605
36826.90369058396,8.470022705245086
36846.94648967311,8.470022705245086
36866.98928876225,12.705034057867628
36887.03208785139,7.1995192994583235
36907.074886940536,7.623020434720577
36927.11768602968,5.082013623147052
36947.160485118824,6.776018164196069
36967.203284207964,5.082013623147052
36987.24608329711,7.1995192994583235
37007.28888238625,7.1995192994583235
37027.33168147539,7.1995192994583235
37047.37448056454,8.046521569982831
37067.41727965368,10.587528381556357
37087.46007874283,9.317024975769595
37107.50287783197,5.082013623147052
37127.545676921116,5.505514758409306
37147.588476010256,8.046521569982831
37167.631275099404,8.046521569982831
37187.674074188544,8.470022705245086
37207.716873277684,5.505514758409306
37227.75967236683,8.470022705245086
37247.80247145597,8.470022705245086
37267.84527054512,11.011029516818612
37287.88806963426,9.317024975769595
37307.93086872341,6.776018164196069
37327.97366781255,6.352517028933814
37348.016466901696,6.776018164196069
37368.059265990836,4.235011352622543
37388.10206507998,7.1995192994583235
37408.144864169124,6.776018164196069
37428.187663258264,4.235011352622543
37448.23046234741,7.1995192994583235
37468.27326143655,8.470022705245086
37488.3160605257,7.623020434720577
37508.35885961484,4.235011352622543
37528.40165870398,7.1995192994583235
37548.44445779313,7.623020434720577
37568.48725688227,6.352517028933814
37588.530055971416,5.505514758409306
37608.572855060556,3.3880090820980344
37628.615654149704,8.046521569982831
37648.658453238844,8.89352384050734
37668.701252327985,6.352517028933814
37688.74405141713,7.1995192994583235
37708.78685050627,7.623020434720577
37728.82964959542,8.046521569982831
37748.87244868456,7.1995192994583235
37768.91524777371,10.164027246294104
37788.95804686285,5.505514758409306
37809.000845951996,6.352517028933814
37829.043645041136,8.89352384050734
37849.08644413028,7.623020434720577
37869.129243219424,5.505514758409306
37889.172042308564,7.1995192994583235
37909.21484139771,9.74052611103185
37929.25764048685,8.470022705245086
37949.300439576,8.470022705245086
37969.34323866514,8.89352384050734
37989.38603775429,6.352517028933814
38009.42883684343,7.1995192994583235
38029.47163593257,6.352517028933814
38049.514435021716,9.317024975769595
38069.55723411086,10.164027246294104
38089.600033200004,11.858031787343121
38109.642832289144,7.1995192994583235
38129.68563137829,5.082013623147052
38149.72843046743,8.89352384050734
38169.77122955657,6.776018164196069
38189.81402864572,5.9290158936715605
38209.85682773486,7.1995192994583235
38229.89962682401,7.623020434720577
38249.94242591315,9.74052611103185
38269.985225002296,6.776018164196069
38290.028024091436,7.623020434720577
38310.07082318058,4.235011352622543
38330.113622269724,6.352517028933814
38350.156421358864,9.74052611103185
38370.19922044801,6.776018164196069
38390.24201953715,6.352517028933814
38410.2848186263,7.1995192994583235
38430.32761771544,5.505514758409306
38450.37041680459,8.046521569982831
38470.41321589373,9.74052611103185
38490.45601498287,8.89352384050734
38510.498814072016,6.352517028933814
38530.54161316116,9.74052611103185
38550.584412250304,8.046521569982831
38570.627211339444,3.8115102173602886
38590.67001042859,8.89352384050734
38610.71280951773,12.705034057867628
38630.75560860688,6.352517028933814
38650.79840769602,6.352517028933814
38670.84120678516,5.082013623147052
38690.88400587431,2.9645079468357802
38710.92680496345,4.658512487884797
38730.969604052596,7.1995192994583235
38751.012403141736,7.623020434720577
38771.055202230884,3.8115102173602886
38791.098001320024,6.352517028933814
38811.140800409165,8.046521569982831
38831.18359949831,4.658512487884797
38851.22639858745,5.082013623147052
38871.2691976766,8.89352384050734
38891.31199676574,5.505514758409306
38911.35479585489,8.046521569982831
38931.39759494403,6.352517028933814
38951.44039403317,5.505514758409306
38971.483193122316,5.505514758409306
38991.52599221146,10.164027246294104
39011.568791300604,6.352517028933814
39031.611590389744,5.505514758409306
39051.65438947889,5.9290158936715605
39071.69718856803,8.89352384050734
39091.73998765718,6.352517028933814
39111.78278674632,6.352517028933814
39131.82558583546,5.9290158936715605
39151.86838492461,8.046521569982831
39171.91118401375,2.9645079468357802
39191.953983102896,7.623020434720577
39211.996782192036,3.8115102173602886
39232.039581281184,8.046521569982831
39252.082380370324,6.352517028933814
39272.12517945947,3.8115102173602886
39292.16797854861,5.9290158936715605
39312.21077763775,10.164027246294104
39332.2535767269,6.776018164196069
39352.29637581604,5.505514758409306
39372.33917490519,5.9290158936715605
39392.38197399433,5.505514758409306
39412.424773083476,4.235011352622543
39432.467572172616,4.658512487884797
39452.51037126176,5.082013623147052
39472.553170350904,5.505514758409306
39492.595969440044,4.235011352622543
39512.63876852919,4.235011352622543
39532.68156761833,7.1995192994583235
39552.72436670748,5.505514758409306
39572.76716579662,6.352517028933814
39592.80996488576,4.658512487884797
39612.85276397491,4.235011352622543
39632.89556306405,5.082013623147052
39652.938362153196,5.505514758409306
39672.98116124234,3.8115102173602886
39693.023960331484,7.623020434720577
39713.066759420624,4.658512487884797
39733.10955850977,5.9290158936715605
39753.15235759891,8.470022705245086
39773.19515668805,3.8115102173602886
39793.2379557772,3.8115102173602886
39813.28075486634,5.9290158936715605
39833.32355395549,4.235011352622543
39853.36635304463,5.082013623147052
39873.409152133776,3.3880090820980344
39893.451951222916,2.541006811573526
39913.494750312064,3.3880090820980344
39933.537549401204,6.776018164196069
39953.580348490344,5.505514758409306
39973.62314757949,6.776018164196069
39993.66594666863,3.8115102173602886
40013.70874575778,5.082013623147052
40033.75154484692,4.658512487884797
40053.79434393607,5.505514758409306
40073.83714302521,5.9290158936715605
40093.87994211435,5.082013623147052
40113.922741203496,2.1175056763112714
40133.96554029264,4.235011352622543
40154.008339381784,6.776018164196069
40174.051138470924,5.9290158936715605
40194.09393756007,7.1995192994583235
40214.13673664921,3.3880090820980344
40234.17953573835,5.9290158936715605
40254.2223348275,4.235011352622543
40274.26513391664,4.658512487884797
40294.30793300579,2.541006811573526
40314.35073209493,4.235011352622543
40334.393531184076,5.9290158936715605
40354.436330273216,4.235011352622543
40374.479129362364,6.776018164196069
40394.521928451504,5.9290158936715605
40414.564727540645,2.541006811573526
40434.60752662979,7.1995192994583235
40454.65032571893,4.235011352622543
40474.69312480808,7.1995192994583235
40494.73592389722,5.082013623147052
40514.77872298637,7.1995192994583235
40534.82152207551,5.082013623147052
40554.864321164656,3.8115102173602886
40574.907120253796,5.082013623147052
40594.94991934294,5.082013623147052
40614.992718432084,5.9290158936715605
40635.035517521224,2.1175056763112714
40655.07831661037,3.3880090820980344
40675.12111569951,4.235011352622543
40695.16391478866,5.505514758409306
40715.2067138778,5.9290158936715605
40735.24951296694,2.9645079468357802
40755.29231205609,2.9645079468357802
40775.33511114523,6.352517028933814
40795.377910234376,2.9645079468357802
40815.420709323516,1.270503405786763
40835.463508412664,6.776018164196069
40855.506307501804,4.235011352622543
40875.549106590945,6.352517028933814
40895.59190568009,4.658512487884797
40915.63470476923,4.658512487884797
40935.67750385838,5.505514758409306
40955.72030294752,2.9645079468357802
40975.76310203667,3.3880090820980344
40995.80590112581,3.8115102173602886
41015.848700214956,3.8115102173602886
