Energy (keV),Intensity (CPS)
-11.15973231334279,0.0
8.879221970928501,0.0
28.918176255199793,0.0
48.95713053947108,0.0
68.99608482374238,0.0
89.03503910801366,0.0
109.07399339228496,0.0
129.11294767655625,0.0
149.15190196082753,0.0
169.19085624509881,0.0
189.2298105293701,0.0
209.2687648136414,0.0
229.3077190979127,0.0
249.34667338218398,0.0
269.3856276664553,0.0
289.4245819507266,0.0
309.4635362349979,0.0
329.5024905192692,0.0
349.54144480354046,0.0
369.58039908781177,0.0
389.619353372083,0.38508964575054905
409.65830765635434,0.38508964575054905
429.69726194062565,0.38508964575054905
449.7362162248969,1.1552689372516471
469.7751705091682,1.1552689372516471
489.81412479343953,0.7701792915010981
509.8530790777108,0.38508964575054905
529.892033361982,2.3105378745032943
549.9309876462534,0.7701792915010981
569.9699419305247,1.9254482287527452
590.0088962147959,1.5403585830021962
610.0478504990672,2.3105378745032943
630.0868047833385,1.1552689372516471
650.1257590676098,1.5403585830021962
670.1647133518811,1.9254482287527452
690.2036676361523,1.9254482287527452
710.2426219204236,3.0807171660043924
730.2815762046949,2.3105378745032943
750.3205304889663,3.465806811754941
770.3594847732376,2.3105378745032943
790.3984390575088,3.8508964575054905
810.4373933417801,2.3105378745032943
830.4763476260514,5.006165394757137
850.5153019103227,6.546523977759334
870.554256194594,5.006165394757137
890.5932104788653,7.701792915010981
910.6321647631365,17.329034058774706
930.6711190474078,24.64573732803514
950.7100733316792,26.571185556787885
970.7490276159505,22.335199453531846
990.7879819002218,17.714123704525257
1010.826936184493,3.0807171660043924
1030.8658904687643,8.857061852262628
1050.9048447530356,10.012330789514275
1070.943799037307,15.78867547577251
1090.9827533215782,20.794840870529647
1111.0217076058495,11.167599726765923
1131.0606618901209,11.552689372516472
1151.0996161743922,8.47197220651208
1171.1385704586633,9.242151498013177
1191.1775247429346,10.782510081015374
1211.2164790272059,15.78867547577251
1231.2554333114772,12.707958309768118
1251.2943875957485,10.012330789514275
1271.3333418800198,6.931613623509882
1291.3722961642911,5.006165394757137
1311.4112504485624,6.161434332008785
1331.4502047328338,3.8508964575054905
1351.489159017105,4.23598610325604
1371.5281133013764,3.465806811754941
1391.5670675856475,6.161434332008785
1411.6060218699188,5.391255040507687
1431.64497615419,11.167599726765923
1451.6839304384614,10.397420435264824
1471.7228847227327,13.478137601269216
1491.761839007004,11.167599726765923
1511.8007932912753,10.397420435264824
1531.8397475755467,7.316703269260432
1551.878701859818,8.47197220651208
1571.9176561440893,5.776344686258236
1591.9566104283604,4.621075749006589
1611.9955647126317,4.621075749006589
1632.034518996903,3.0807171660043924
1652.0734732811743,6.161434332008785
1672.1124275654456,11.552689372516472
1692.151381849717,26.956275202538432
1712.1903361339882,38.508964575054904
1732.2292904182596,50.06165394757138
1752.2682447025309,46.21075749006589
1772.3071989868022,28.11154413979008
1792.3461532710735,20.02466157902855
1812.3851075553446,14.633406538520864
1832.424061839616,12.707958309768118
1852.4630161238872,10.782510081015374
1872.5019704081585,8.47197220651208
1892.5409246924298,10.012330789514275
1912.5798789767011,8.47197220651208
1932.6188332609725,12.707958309768118
1952.6577875452438,15.403585830021962
1972.696741829515,19.254482287527452
1992.7356961137864,28.881723431291178
2012.7746503980577,35.81333705480106
2032.8136046823288,28.881723431291178
2052.8525589666,27.72645449403953
2072.8915132508714,25.03082697378569
2092.9304675351427,25.801006265286787
2112.969421819414,26.956275202538432
2133.0083761036854,28.881723431291178
2153.0473303879567,21.950109807781296
2173.086284672228,27.72645449403953
2193.1252389564993,25.801006265286787
2213.1641932407706,29.26681307704173
2233.203147525042,38.508964575054904
2253.242101809313,50.83183323907247
2273.2810560935845,67.77577765209664
2293.320010377856,95.88732179188672
2313.358964662127,92.42151498013178
2333.3979189463985,83.56445312786914
2353.4368732306693,83.56445312786914
2373.4758275149406,73.55212233835486
2393.514781799212,66.23541906909443
2413.5537360834833,55.83799863382961
2433.5926903677546,60.4590743828362
2453.631644652026,55.83799863382961
2473.670598936297,58.53362615408346
2493.7095532205685,65.8503294233439
2513.74850750484,71.24158446385158
2533.787461789111,79.71355667036366
2553.8264160733825,95.11714250038561
2573.865370357654,155.19112723747128
2593.904324641925,224.89235311832064
2613.9432789261964,410.5055623700853
2633.9822332104677,676.9875972294652
2654.021187494739,1095.5800421603121
2674.0601417790103,1503.004887364393
2694.0990960632816,1682.0715726383983
2714.138050347553,1537.6629554819424
2734.1770046318243,1082.872083850544
2754.2159589160956,720.1176375535267
2774.2549132003664,630.0066604478983
2794.2938674846378,682.3788522699729
2814.332821768909,821.3962143859211
2834.3717760531804,931.9169427163287
2854.4107303374517,848.7375792342101
2874.449684621723,712.4158446385158
2894.4886389059943,626.1557639903928
2914.5275931902656,692.0060934137366
2934.566547474537,758.2415124828311
2954.6055017588083,794.8250288291332
2974.6444560430796,725.1238029482838
2994.683410327351,545.2869383827774
3014.722364611622,379.31330106429084
3034.7613188958935,245.68719398885028
3054.800273180165,159.81220298647784
3074.839227464436,135.16646565844272
3094.8781817487074,123.2286866401757
3114.9171360329788,129.77521061793502
3134.95609031725,146.33406538520865
3154.9950446015214,152.88058936296798
3175.0339988857927,164.43327873548444
3195.0729531700636,153.2656790087185
3215.111907454335,129.77521061793502
3235.150861738606,120.1479694741713
3255.1898160228775,112.44617655916032
3275.228770307149,130.54538990943612
3295.26772459142,128.61994168068338
3315.3066788756914,147.87442396821083
3335.3456331599627,158.27184440347565
3355.384587444234,131.7006588466878
3375.4235417285054,128.61994168068338
3395.4624960127767,113.21635585066142
3415.501450297048,104.74438364414934
3435.5404045813193,95.88732179188672
3455.5793588655906,83.56445312786914
3475.618313149862,93.96187356313396
3495.6572674341332,92.03642533438122
3515.6962217184046,95.11714250038561
3535.735176002676,98.19785966639
3555.774130286947,98.58294931214056
3575.8130845712185,110.52072833040758
3595.85203885549,120.53305911992186
3615.890993139761,114.75671443366362
3635.929947424032,135.16646565844272
3655.9689017083033,150.57005148846469
3676.0078559925746,165.20345802698554
3696.046810276846,167.8990855472394
3716.0857645611172,156.73148582047347
3736.1247188453885,154.80603759172072
3756.16367312966,133.62610707544053
3776.202627413931,121.30323841142295
3796.2415816982025,112.83126620491088
3816.280535982474,109.75054903890648
3836.319490266745,127.07958309768118
3856.3584445510164,132.0857484924383
3876.3973988352877,124.7690452231779
3896.436353119559,133.24101742968998
3916.4753074038304,109.75054903890648
3936.5142616881017,122.84359699442514
3956.553215972373,127.84976238918229
3976.5921702566443,137.47700353294601
3996.6311245409156,139.40245176169876
4016.670078825187,144.79370680220643
4036.7090331094582,140.94281034470094
4056.747987393729,123.2286866401757
4076.7869416780004,135.55155530419327
4096.825895962272,150.57005148846469
4116.864850246543,145.56388609370754
4136.903804530814,140.17263105319986
4156.942758815086,153.65076865446906
4176.981713099357,135.93664494994383
4197.020667383628,150.95514113421524
4217.0596216679,146.7191550309592
4237.098575952171,149.41478255121302
4257.137530236442,146.7191550309592
4277.1764845207135,155.19112723747128
4297.215438804985,135.55155530419327
4317.254393089256,150.95514113421524
4337.2933473735275,156.3463961747229
4357.332301657799,157.50166511197457
4377.37125594207,161.7376512152306
4397.410210226341,169.43944413024158
4417.449164510613,155.96130652897236
4437.488118794884,172.9052509419965
4457.527073079155,170.59471306749322
4477.566027363427,179.45177491975585
4497.604981647698,198.32116756153275
4517.643935931969,184.07285066876244
4537.682890216241,178.29650598250421
4557.721844500512,189.84919535502067
4577.760798784783,175.98596810800092
4597.7997530690545,173.67543023349762
4617.838707353326,160.9674719237295
4637.877661637597,174.44560952499873
4657.9166159218685,188.30883677201848
4677.95557020614,178.29650598250421
4697.99452449041,182.53249208576025
4718.0334787746815,194.0851814582767
4738.072433058953,201.0167950817866
4758.111387343224,181.76231279425915
4778.150341627495,182.9175817315108
4798.189295911767,203.3273329562899
4818.228250196038,200.63170543603604
4838.267204480309,191.00446429227233
4858.306158764581,185.61320925176463
4878.345113048852,193.31500216677563
4898.384067333123,195.62554004127892
4918.423021617395,221.04145666081516
4938.461975901666,204.86769153929208
4958.500930185937,212.56948445430308
4978.539884470209,219.11600843206242
4998.57883875448,218.3458291405613
5018.617793038751,206.79313976804485
5038.6567473230225,204.097512247791
5058.695701607294,208.33349835104704
5078.734655891565,210.64403622555034
5098.773610175836,220.6563670150646
5118.812564460108,227.20289099282394
5138.851518744379,224.5072634725701
5158.89047302865,234.13450461633383
5178.929427312922,248.38282150910413
5198.968381597193,239.14067001109095
5219.007335881464,250.69335938360743
5239.046290165736,256.46970406986566
5259.085244450007,260.32060052737114
5279.124198734278,255.69952477836458
5299.16315301855,281.50053104365134
5319.202107302821,325.40075065921394
5339.241061587092,296.1339375821722
5359.2800158713635,313.8480612866975
5379.318970155635,337.7236193232315
5399.357924439906,350.4315776329996
5419.396878724177,330.02182640822053
5439.435833008449,352.3570258617524
5459.47478729272,305.3760890801854
5479.513741576991,296.5190272279228
5499.552695861263,313.8480612866975
5519.591650145534,299.2146547481766
5539.630604429805,279.5750828148986
5559.669558714076,281.1154413979008
5579.708512998347,304.6059097886843
5599.747467282618,300.36992368542826
5619.78642156689,302.295371914181
5639.825375851161,308.07171660043923
5659.864330135432,301.5251926226799
5679.903284419704,290.35759289591397
5699.942238703975,302.68046155993153
5719.981192988246,309.2269855376909
5740.0201472725175,315.00333022394915
5760.059101556789,330.02182640822053
5780.09805584106,334.2578125114766
5800.1370101253315,328.09637817946776
5820.175964409603,328.4814678252183
5840.214918693874,331.9472746369733
5860.253872978145,346.9657708212447
5880.292827262417,376.2325838982864
5900.331781546688,338.87888826048317
5920.370735830959,337.33852967748095
5940.409690115231,351.5868465702513
5960.448644399502,366.60534275452267
5980.487598683773,364.67989452576995
6000.526552968045,349.276308695748
6020.565507252316,363.5246255885183
6040.604461536587,341.574515780737
6060.6434158208585,338.4937986147326
6080.68237010513,341.18942613498643
6100.721324389401,357.7482809022601
6120.7602786736725,375.4624046067853
6140.799232957944,377.38785283553807
6160.838187242215,384.31946645904793
6180.877141526486,409.3502934328336
6200.916095810758,394.3317972485622
6220.955050095029,427.83459642886
6240.9940043793,437.07674792687317
6261.032958663572,430.1451343033633
6281.071912947843,466.72865064966544
6301.110867232114,458.25667844315336
6321.149821516386,494.07001549795444
6341.188775800657,539.1255040507687
6361.227730084928,544.9018487370269
6381.2666843691995,558.7650759840467
6401.30563865347,555.6843588180423
6421.344592937741,556.0694484637928
6441.383547222013,507.1630634534731
6461.422501506284,470.5795471071709
6481.461455790555,434.7662100523699
6501.5004100748265,407.03975555833034
6521.539364359098,376.61767354403696
6541.578318643369,381.6238389387941
6561.61727292764,390.48090079105674
6581.656227211912,369.6860599205271
6601.695181496183,359.6737291310128
6621.734135780454,380.853659647293
6641.773090064726,360.4439084225139
6661.812044348997,370.07114956627765
6681.850998633268,391.25108008255785
6701.88995291754,370.4562392120282
6721.928907201811,376.61767354403696
6741.967861486082,391.6361697283084
6762.006815770354,378.1580321270392
6782.045770054625,371.6115081492798
6802.084724338896,370.07114956627765
6822.1236786231675,370.8413288577787
6842.162632907439,368.53079098327544
6862.20158719171,370.07114956627765
6882.240541475981,376.61767354403696
6902.279495760253,403.95903839232597
6922.318450044524,373.5369563780326
6942.357404328795,386.2449146878007
6962.396358613067,384.31946645904793
6982.435312897338,375.4624046067853
7002.474267181609,406.6546659125798
7022.513221465881,363.5246255885183
7042.552175750152,368.915880629026
7062.591130034423,401.64850051782264
7082.630084318695,377.0027631897875
7102.669038602966,359.28863948526225
7122.707992887237,332.3323642827238
7142.7469471715085,362.7544462970172
7162.78590145578,326.94110924221616
7182.824855740051,355.43774302775677
7202.863810024322,351.5868465702513
7222.902764308594,346.1955915297436
7242.941718592865,325.40075065921394
7262.9806728771355,330.79200569972164
7283.019627161407,336.18326074022934
7303.058581445678,329.2516471167194
7323.097535729949,343.8850536552403
7343.136490014221,330.79200569972164
7363.175444298492,338.87888826048317
7383.214398582763,346.58068117549414
7403.253352867035,328.09637817946776
7423.292307151306,343.49996400948976
7443.331261435577,340.4192468434854
7463.370215719849,341.95960542648754
7483.40917000412,345.040322592492
7503.448124288391,331.56218499122275
7523.4870785726625,334.6429021572271
7543.526032856934,330.4069160539711
7563.564987141205,326.17092995071505
7583.6039414254765,320.77967491020735
7603.642895709748,312.30770270369527
7623.681849994019,315.7735095154502
7643.72080427829,317.69895774420297
7663.759758562562,301.14010297692937
7683.798712846833,299.59974439392715
7703.837667131104,294.97866864492056
7723.876621415376,317.3138680984524
7743.915575699647,302.295371914181
7763.954529983918,315.38841986969965
7783.99348426819,303.45064085143264
7804.032438552461,289.9725032501634
7824.071392836732,297.2892065194239
7844.1103471210035,290.7426825416645
7864.149301405275,298.4444754566755
7884.188255689546,295.74884793642167
7904.2272099738175,304.6059097886843
7924.266164258089,300.7550133311788
7944.30511854236,306.1462683716865
7964.344072826631,289.58741360441286
7984.383027110903,306.1462683716865
8004.421981395174,288.8172343129118
8024.460935679445,298.05938581092494
8044.499889963717,314.6182405781986
8064.538844247988,308.07171660043923
8084.577798532259,277.64963458614585
8104.616752816531,287.2768757299096
8124.655707100801,276.87945529464474
8144.694661385072,303.0655512056821
8164.733615669344,270.718020962636
8184.772569953615,279.9601724606492
8204.811524237886,283.04088962665355
8224.850478522158,269.9478416711349
8244.889432806429,263.7864073391261
8264.9283870907,249.15300080060524
8284.967341374972,254.5442558411129
8305.006295659243,271.10311060838654
8325.045249943514,252.23371796660962
8345.084204227785,244.53192505159865
8365.123158512057,259.55042123587003
8385.162112796328,248.7679111548547
8405.2010670806,241.06611823984372
8425.24002136487,242.99156646859646
8445.278975649142,247.99773186335358
8465.317929933413,246.4573732803514
8485.356884217685,234.13450461633383
8505.395838501956,244.9170146973492
8525.434792786227,239.5257596568415
8545.473747070499,228.74324957582613
8565.51270135477,251.07844902935798
8585.551655639041,238.37049071958987
8605.590609923313,233.74941497058327
8625.629564207584,231.82396674183053
8645.668518491855,239.14067001109095
8665.707472776126,246.07228363460084
8685.746427060398,221.81163595231624
8705.785381344669,222.1967255980668
8725.82433562894,216.035291266058
8745.863289913212,219.11600843206242
8765.902244197483,214.10984303730527
8785.941198481754,200.63170543603604
8805.980152766026,196.78080897853056
8826.019107050297,207.56331905954593
8846.058061334568,197.55098827003167
8866.09701561884,191.00446429227233
8886.13596990311,185.61320925176463
8906.174924187382,179.0666852740053
8926.213878471654,187.53865748051737
8946.252832755925,172.9052509419965
8966.291787040196,184.84302996026355
8986.330741324467,172.520161296246
9006.369695608739,179.0666852740053
9026.40864989301,165.97363731848665
9046.447604177281,180.6070438570075
9066.486558461553,167.1289062557383
9086.525512745824,164.818368381235
9106.564467030095,157.11657546622402
9126.603421314367,150.57005148846469
9146.642375598638,149.02969290546247
9166.68132988291,147.87442396821083
9186.72028416718,144.4086171564559
9206.759238451452,139.40245176169876
9226.798192735723,131.7006588466878
9246.837147019995,117.06725230816691
9266.876101304266,126.69449345193064
9286.915055588537,123.99886593167679
9306.954009872808,105.12947328989989
9326.99296415708,115.91198337091527
9347.031918441351,94.34696320888452
9367.070872725622,107.44001116440319
9387.109827009894,100.12330789514276
9407.148781294163,105.89965258140099
9427.187735578435,102.43384576964604
9447.226689862706,97.81277002063946
9467.265644146977,90.88115639712957
9487.304598431248,80.0986463161142
9507.34355271552,80.48373596186475
9527.382506999791,75.09248092135707
9547.421461284062,77.7881084416109
9567.460415568334,81.25391525336585
9587.499369852605,78.17319808736146
9607.538324136876,66.62050871484499
9627.577278421148,61.2292536743373
9647.616232705419,57.763446862582356
9667.65518698969,58.918715799834004
9687.694141273962,52.37219182207467
9707.733095558233,49.29147465607028
9727.772049842504,46.98093678156698
9747.811004126776,41.20459209530875
9767.849958411047,32.34753024304612
9787.888912695318,38.12387492930436
9807.92786697959,36.96860599205271
9827.96682126386,35.043157763299966
9848.005775548132,31.192261305794474
9868.044729832403,31.57735095154502
9888.083684116675,23.105378745032944
9908.122638400946,22.720289099282393
9928.161592685217,22.720289099282393
9948.200546969489,25.415916619536237
9968.23950125376,20.02466157902855
9988.278455538031,14.248316892770315
10008.317409822303,19.254482287527452
10028.356364106574,12.707958309768118
10048.395318390845,7.316703269260432
10068.434272675117,11.93777901826702
10088.473226959388,10.782510081015374
10108.51218124366,9.627241143763726
10128.55113552793,8.47197220651208
10148.590089812202,10.397420435264824
10168.629044096473,6.546523977759334
10188.667998380744,5.391255040507687
10208.706952665016,7.701792915010981
10228.745906949287,6.931613623509882
10248.784861233558,3.8508964575054905
10268.82381551783,2.3105378745032943
10288.862769802101,1.1552689372516471
10308.901724086372,3.465806811754941
10328.940678370644,1.9254482287527452
10348.979632654915,2.6956275202538436
10369.018586939186,1.1552689372516471
10389.057541223458,1.5403585830021962
10409.096495507729,1.5403585830021962
10429.135449792,0.7701792915010981
10449.174404076271,1.1552689372516471
10469.213358360543,2.3105378745032943
10489.252312644814,1.9254482287527452
10509.291266929085,1.5403585830021962
10529.330221213357,0.7701792915010981
10549.369175497628,2.3105378745032943
10569.4081297819,1.9254482287527452
10589.44708406617,2.3105378745032943
10609.486038350442,1.1552689372516471
10629.524992634713,1.5403585830021962
10649.563946918985,0.38508964575054905
10669.602901203256,1.1552689372516471
10689.641855487527,0.38508964575054905
10709.680809771799,1.1552689372516471
10729.71976405607,1.1552689372516471
10749.758718340341,0.38508964575054905
10769.797672624612,1.1552689372516471
10789.836626908884,1.1552689372516471
10809.875581193155,1.1552689372516471
10829.914535477426,1.5403585830021962
10849.953489761698,0.38508964575054905
10869.992444045969,1.9254482287527452
10890.03139833024,0.0
10910.070352614512,1.5403585830021962
10930.109306898783,0.38508964575054905
10950.148261183054,1.1552689372516471
10970.187215467326,0.38508964575054905
10990.226169751597,1.1552689372516471
11010.265124035868,1.1552689372516471
11030.30407832014,0.7701792915010981
11050.34303260441,2.3105378745032943
11070.381986888682,2.3105378745032943
11090.420941172953,0.38508964575054905
11110.459895457223,1.9254482287527452
11130.498849741494,0.38508964575054905
11150.537804025766,1.5403585830021962
11170.576758310037,1.1552689372516471
11190.615712594308,0.38508964575054905
11210.65466687858,1.5403585830021962
11230.69362116285,0.7701792915010981
11250.732575447122,2.3105378745032943
11270.771529731393,1.1552689372516471
11290.810484015665,0.38508964575054905
11310.849438299936,1.5403585830021962
11330.888392584207,0.7701792915010981
11350.927346868479,1.9254482287527452
11370.96630115275,1.1552689372516471
11391.005255437021,0.7701792915010981
11411.044209721293,2.6956275202538436
11431.083164005564,1.1552689372516471
11451.122118289835,1.5403585830021962
11471.161072574107,1.1552689372516471
11491.200026858378,0.38508964575054905
11511.23898114265,1.9254482287527452
11531.27793542692,1.5403585830021962
11551.316889711192,0.38508964575054905
11571.355843995463,0.7701792915010981
11591.394798279734,0.0
11611.433752564006,3.0807171660043924
11631.472706848277,1.1552689372516471
11651.511661132548,2.6956275202538436
11671.55061541682,1.5403585830021962
11691.589569701091,2.6956275202538436
11711.628523985362,2.6956275202538436
11731.667478269634,0.7701792915010981
11751.706432553905,1.9254482287527452
11771.745386838176,2.3105378745032943
11791.784341122448,1.1552689372516471
11811.823295406719,1.1552689372516471
11831.86224969099,2.6956275202538436
11851.901203975262,1.9254482287527452
11871.940158259533,0.7701792915010981
11891.979112543804,0.38508964575054905
11912.018066828075,0.38508964575054905
11932.057021112347,2.3105378745032943
11952.095975396618,0.7701792915010981
11972.13492968089,1.5403585830021962
11992.17388396516,1.1552689372516471
12012.212838249432,1.9254482287527452
12032.251792533703,1.5403585830021962
12052.290746817975,2.6956275202538436
12072.329701102246,1.9254482287527452
12092.368655386517,1.1552689372516471
12112.407609670789,4.621075749006589
12132.44656395506,0.38508964575054905
12152.485518239331,1.5403585830021962
12172.524472523603,1.1552689372516471
12192.563426807874,1.1552689372516471
12212.602381092145,2.3105378745032943
12232.641335376416,1.5403585830021962
12252.680289660688,0.7701792915010981
12272.719243944959,1.9254482287527452
12292.75819822923,2.3105378745032943
12312.797152513502,0.7701792915010981
12332.836106797773,0.38508964575054905
12352.875061082044,0.7701792915010981
12372.914015366316,1.5403585830021962
12392.952969650587,0.38508964575054905
12412.991923934858,2.3105378745032943
12433.03087821913,1.5403585830021962
12453.0698325034,0.38508964575054905
12473.108786787672,1.5403585830021962
12493.147741071944,0.7701792915010981
12513.186695356215,0.7701792915010981
12533.225649640486,2.3105378745032943
12553.264603924757,0.38508964575054905
12573.303558209029,1.1552689372516471
12593.3425124933,1.9254482287527452
12613.381466777571,1.5403585830021962
12633.420421061843,0.38508964575054905
12653.459375346114,0.7701792915010981
12673.498329630385,0.38508964575054905
12693.537283914657,2.6956275202538436
12713.576238198928,0.7701792915010981
12733.6151924832,0.38508964575054905
12753.65414676747,0.38508964575054905
12773.693101051742,2.6956275202538436
12793.732055336013,1.1552689372516471
12813.771009620283,0.7701792915010981
12833.809963904554,1.1552689372516471
12853.848918188825,1.1552689372516471
12873.887872473097,2.3105378745032943
12893.926826757368,0.7701792915010981
12913.96578104164,2.3105378745032943
12934.00473532591,1.1552689372516471
12954.043689610182,1.5403585830021962
12974.082643894453,0.7701792915010981
12994.121598178725,1.5403585830021962
13014.160552462996,1.1552689372516471
13034.199506747267,1.9254482287527452
13054.238461031538,2.3105378745032943
13074.27741531581,1.5403585830021962
13094.316369600081,0.7701792915010981
13114.355323884352,1.1552689372516471
13134.394278168624,3.0807171660043924
13154.433232452895,1.5403585830021962
13174.472186737166,0.7701792915010981
13194.511141021438,1.1552689372516471
13214.550095305709,1.5403585830021962
13234.58904958998,1.5403585830021962
13254.628003874252,0.7701792915010981
13274.666958158523,1.5403585830021962
13294.705912442794,1.9254482287527452
13314.744866727066,0.7701792915010981
13334.783821011337,0.7701792915010981
13354.822775295608,1.5403585830021962
13374.86172957988,1.5403585830021962
13394.90068386415,0.38508964575054905
13414.939638148422,0.38508964575054905
13434.978592432693,1.1552689372516471
13455.017546716965,1.9254482287527452
13475.056501001236,1.5403585830021962
13495.095455285507,1.1552689372516471
13515.134409569779,1.1552689372516471
13535.17336385405,1.9254482287527452
13555.212318138321,1.5403585830021962
13575.251272422593,0.7701792915010981
13595.290226706864,1.1552689372516471
13615.329180991135,1.9254482287527452
13635.368135275407,1.9254482287527452
13655.407089559678,2.6956275202538436
13675.44604384395,0.7701792915010981
13695.48499812822,0.7701792915010981
13715.523952412492,0.7701792915010981
13735.562906696763,1.1552689372516471
13755.601860981034,1.9254482287527452
13775.640815265306,1.1552689372516471
13795.679769549577,1.1552689372516471
13815.718723833848,0.7701792915010981
13835.75767811812,1.1552689372516471
13855.796632402391,1.5403585830021962
13875.835586686662,1.1552689372516471
13895.874540970934,1.1552689372516471
13915.913495255205,1.9254482287527452
13935.952449539476,1.1552689372516471
13955.991403823748,1.9254482287527452
13976.030358108019,0.0
13996.06931239229,0.7701792915010981
14016.108266676561,1.9254482287527452
14036.147220960833,1.1552689372516471
14056.186175245104,1.1552689372516471
14076.225129529375,0.7701792915010981
14096.264083813647,0.7701792915010981
14116.303038097918,0.7701792915010981
14136.34199238219,0.38508964575054905
14156.38094666646,1.1552689372516471
14176.419900950732,0.38508964575054905
14196.458855235003,0.0
14216.497809519275,1.1552689372516471
14236.536763803546,1.1552689372516471
14256.575718087817,1.1552689372516471
14276.614672372089,1.1552689372516471
14296.65362665636,0.7701792915010981
14316.692580940631,1.9254482287527452
14336.731535224902,1.9254482287527452
14356.770489509174,2.3105378745032943
14376.809443793445,0.7701792915010981
14396.848398077716,0.7701792915010981
14416.887352361988,1.1552689372516471
14436.926306646259,1.9254482287527452
14456.96526093053,0.7701792915010981
14477.004215214802,0.0
14497.043169499073,0.7701792915010981
14517.082123783344,1.1552689372516471
14537.121078067614,0.0
14557.160032351885,0.7701792915010981
14577.198986636156,0.7701792915010981
14597.237940920428,1.5403585830021962
14617.276895204699,0.7701792915010981
14637.31584948897,1.9254482287527452
14657.354803773242,0.7701792915010981
14677.393758057513,1.1552689372516471
14697.432712341784,1.1552689372516471
14717.471666626056,0.7701792915010981
14737.510620910327,1.9254482287527452
14757.549575194598,0.7701792915010981
14777.58852947887,0.38508964575054905
14797.62748376314,1.9254482287527452
14817.666438047412,0.7701792915010981
14837.705392331683,0.7701792915010981
14857.744346615955,1.9254482287527452
14877.783300900226,0.38508964575054905
14897.822255184497,0.7701792915010981
14917.861209468769,1.5403585830021962
14937.90016375304,0.7701792915010981
14957.939118037311,1.1552689372516471
14977.978072321583,1.5403585830021962
14998.017026605854,0.38508964575054905
15018.055980890125,1.1552689372516471
15038.094935174397,1.5403585830021962
15058.133889458668,0.38508964575054905
15078.17284374294,0.7701792915010981
15098.21179802721,1.1552689372516471
15118.250752311482,0.0
15138.289706595753,0.38508964575054905
15158.328660880024,1.1552689372516471
15178.367615164296,0.38508964575054905
15198.406569448567,1.5403585830021962
15218.445523732838,0.0
15238.48447801711,0.7701792915010981
15258.523432301381,0.0
15278.562386585652,0.38508964575054905
15298.601340869924,1.1552689372516471
15318.640295154195,0.7701792915010981
15338.679249438466,0.7701792915010981
15358.718203722738,0.0
15378.757158007009,1.1552689372516471
15398.79611229128,0.38508964575054905
15418.835066575552,0.7701792915010981
15438.874020859823,0.38508964575054905
15458.912975144094,0.7701792915010981
15478.951929428365,0.0
15498.990883712637,0.38508964575054905
15519.029837996908,0.7701792915010981
15539.06879228118,0.38508964575054905
15559.10774656545,0.0
15579.146700849722,0.7701792915010981
15599.185655133993,0.38508964575054905
15619.224609418265,1.9254482287527452
15639.263563702536,0.38508964575054905
15659.302517986807,0.7701792915010981
15679.341472271079,0.38508964575054905
15699.38042655535,0.7701792915010981
15719.419380839621,0.0
15739.458335123893,0.38508964575054905
15759.497289408164,0.7701792915010981
15779.536243692435,1.5403585830021962
15799.575197976706,0.0
15819.614152260978,0.0
15839.65310654525,0.7701792915010981
15859.69206082952,0.7701792915010981
15879.731015113792,1.1552689372516471
15899.769969398063,0.38508964575054905
15919.808923682334,0.0
15939.847877966606,0.7701792915010981
15959.886832250877,0.7701792915010981
15979.925786535148,0.7701792915010981
15999.96474081942,0.38508964575054905
16020.003695103691,0.7701792915010981
16040.042649387962,0.0
16060.081603672234,0.7701792915010981
16080.120557956505,0.38508964575054905
16100.159512240776,1.5403585830021962
16120.198466525047,0.38508964575054905
16140.237420809319,0.7701792915010981
16160.27637509359,0.38508964575054905
16180.315329377861,0.0
16200.354283662133,0.0
16220.393237946404,0.7701792915010981
16240.432192230674,1.1552689372516471
16260.471146514945,0.7701792915010981
16280.510100799216,1.1552689372516471
16300.549055083487,0.38508964575054905
16320.588009367759,0.38508964575054905
16340.62696365203,0.0
16360.665917936301,0.38508964575054905
16380.704872220573,0.7701792915010981
16400.743826504844,0.0
16420.782780789115,0.38508964575054905
16440.821735073387,0.7701792915010981
16460.860689357658,0.7701792915010981
16480.89964364193,0.7701792915010981
16500.9385979262,0.38508964575054905
16520.977552210472,0.38508964575054905
16541.016506494743,0.0
16561.055460779015,0.0
16581.094415063286,0.38508964575054905
16601.133369347557,0.0
16621.17232363183,1.5403585830021962
16641.2112779161,0.0
16661.25023220037,0.0
16681.289186484642,0.38508964575054905
16701.328140768914,0.7701792915010981
16721.367095053185,1.5403585830021962
16741.406049337456,0.0
16761.445003621728,0.7701792915010981
16781.483957906,0.0
16801.52291219027,0.38508964575054905
16821.56186647454,0.0
16841.600820758813,0.38508964575054905
16861.639775043084,0.38508964575054905
16881.678729327356,0.0
16901.717683611627,0.0
16921.756637895898,0.38508964575054905
16941.79559218017,0.0
16961.83454646444,1.1552689372516471
16981.873500748712,0.0
17001.912455032983,0.38508964575054905
17021.951409317255,0.7701792915010981
17041.990363601526,0.7701792915010981
17062.029317885797,0.38508964575054905
17082.06827217007,0.0
17102.10722645434,0.38508964575054905
17122.14618073861,0.38508964575054905
17142.185135022883,0.0
17162.224089307154,0.0
17182.263043591425,0.0
17202.301997875697,0.0
17222.340952159968,0.38508964575054905
17242.37990644424,0.0
17262.41886072851,0.38508964575054905
17282.45781501278,0.0
17302.496769297053,0.38508964575054905
17322.535723581324,0.0
17342.574677865596,0.0
17362.613632149867,0.0
17382.65258643414,0.38508964575054905
17402.69154071841,0.0
17422.73049500268,0.0
17442.769449286952,0.0
17462.808403571224,0.38508964575054905
17482.847357855495,0.0
17502.886312139766,0.0
17522.925266424038,0.0
17542.96422070831,0.7701792915010981
17563.00317499258,0.0
17583.04212927685,0.38508964575054905
17603.081083561123,0.0
17623.120037845394,0.0
17643.158992129665,0.0
17663.197946413937,0.0
17683.236900698208,0.38508964575054905
17703.27585498248,0.0
17723.31480926675,0.0
17743.353763551022,0.0
17763.392717835293,0.0
17783.431672119565,0.0
17803.470626403836,0.0
17823.509580688107,0.0
17843.54853497238,0.0
17863.58748925665,0.0
17883.62644354092,0.38508964575054905
17903.665397825192,0.38508964575054905
17923.704352109464,0.0
17943.743306393735,0.38508964575054905
17963.782260678006,0.0
17983.821214962278,0.0
18003.86016924655,0.0
18023.89912353082,0.0
18043.93807781509,0.0
18063.977032099363,0.0
18084.015986383634,0.0
18104.054940667906,0.38508964575054905
18124.093894952177,0.0
18144.13284923645,0.38508964575054905
18164.17180352072,0.0
18184.21075780499,0.0
18204.249712089262,0.0
18224.288666373533,0.0
18244.327620657805,0.38508964575054905
18264.366574942076,0.38508964575054905
18284.405529226347,0.0
18304.44448351062,0.0
18324.48343779489,0.0
18344.52239207916,0.0
18364.561346363433,0.0
18384.600300647704,0.0
18404.639254931975,0.0
18424.678209216247,0.0
18444.717163500518,0.0
18464.75611778479,0.0
18484.79507206906,0.0
18504.834026353332,0.0
18524.872980637603,0.0
18544.911934921874,0.0
18564.950889206146,0.0
18584.989843490417,0.0
18605.02879777469,0.0
18625.06775205896,0.0
18645.10670634323,0.0
18665.145660627502,0.0
18685.184614911774,0.0
18705.223569196045,0.0
18725.262523480316,0.0
18745.301477764588,0.0
18765.34043204886,0.0
18785.37938633313,0.0
18805.418340617398,0.0
18825.45729490167,0.0
18845.49624918594,0.0
18865.535203470212,0.0
18885.574157754483,0.0
18905.613112038754,0.0
18925.652066323026,0.0
18945.691020607297,0.0
18965.72997489157,0.0
18985.76892917584,0.0
19005.80788346011,0.0
19025.846837744382,0.0
19045.885792028654,0.0
19065.924746312925,0.0
19085.963700597196,0.0
19106.002654881468,0.0
19126.04160916574,0.0
19146.08056345001,0.38508964575054905
19166.11951773428,0.0
19186.158472018553,0.0
19206.197426302824,0.0
19226.236380587095,0.0
19246.275334871367,0.0
19266.314289155638,0.0
19286.35324343991,0.0
19306.39219772418,0.0
19326.431152008452,0.0
19346.470106292723,0.0
19366.509060576995,0.0
19386.548014861266,0.0
19406.586969145537,0.0
19426.62592342981,0.0
19446.66487771408,0.0
19466.70383199835,0.0
19486.742786282623,0.0
19506.781740566894,0.0
19526.820694851165,0.0
19546.859649135436,0.0
19566.898603419708,0.0
19586.93755770398,0.0
19606.97651198825,0.0
19627.01546627252,0.0
19647.054420556793,0.0
19667.093374841064,0.0
19687.132329125336,0.0
19707.171283409607,0.0
19727.21023769388,0.0
19747.24919197815,0.0
19767.28814626242,0.0
19787.327100546692,0.0
19807.366054830964,0.0
19827.405009115235,0.0
19847.443963399506,0.0
19867.482917683777,0.0
19887.52187196805,0.0
19907.56082625232,0.0
19927.59978053659,0.0
19947.638734820863,0.0
19967.677689105134,0.0
19987.716643389405,0.0
20007.755597673677,0.0
20027.794551957948,0.0
20047.83350624222,0.0
20067.87246052649,0.0
20087.911414810762,0.0
20107.950369095033,0.0
20127.989323379305,0.0
20148.028277663576,0.0
20168.067231947847,0.0
20188.10618623212,0.0
20208.14514051639,0.0
20228.18409480066,0.0
20248.223049084932,0.0
20268.262003369204,0.0
20288.300957653475,0.0
20308.339911937746,0.0
20328.378866222018,0.0
20348.41782050629,0.0
20368.45677479056,0.0
20388.49572907483,0.0
20408.534683359103,0.0
20428.573637643374,0.0
20448.612591927646,0.0
20468.651546211917,0.0
20488.690500496188,0.0
20508.72945478046,0.0
20528.76840906473,0.0
20548.807363349002,0.0
20568.846317633273,0.0
20588.885271917545,0.0
20608.924226201816,0.0
20628.963180486087,0.0
20649.00213477036,0.0
20669.04108905463,0.0
20689.0800433389,0.0
20709.118997623173,0.0
20729.157951907444,0.0
20749.196906191715,0.0
20769.235860475987,0.0
20789.274814760258,0.0
20809.31376904453,0.0
20829.3527233288,0.0
20849.39167761307,0.0
20869.430631897343,0.0
20889.469586181614,0.0
20909.508540465886,0.0
20929.547494750157,0.0
20949.58644903443,0.0
20969.6254033187,0.0
20989.66435760297,0.0
21009.703311887242,0.0
21029.742266171514,0.0
21049.781220455785,0.0
21069.820174740056,0.0
21089.859129024328,0.0
21109.8980833086,0.0
21129.93703759287,0.38508964575054905
21149.97599187714,0.0
21170.014946161413,0.0
21190.053900445684,0.0
21210.092854729955,0.0
21230.131809014227,0.0
21250.170763298498,0.0
21270.20971758277,0.0
21290.24867186704,0.0
21310.287626151312,0.0
21330.326580435583,0.0
21350.365534719855,0.0
21370.404489004126,0.0
21390.443443288397,0.0
21410.48239757267,0.0
21430.52135185694,0.0
21450.56030614121,0.0
21470.599260425482,0.0
21490.638214709754,0.0
21510.677168994025,0.0
21530.716123278296,0.0
21550.755077562568,0.0
21570.79403184684,0.0
21590.83298613111,0.0
21610.87194041538,0.0
21630.910894699653,0.0
21650.949848983924,0.0
21670.988803268196,0.0
21691.027757552467,0.0
21711.06671183674,0.0
21731.10566612101,0.0
21751.14462040528,0.0
21771.183574689552,0.0
21791.222528973824,0.0
21811.261483258095,0.0
21831.300437542366,0.0
21851.339391826637,0.0
21871.37834611091,0.0
21891.41730039518,0.0
21911.45625467945,0.0
21931.495208963723,0.0
21951.534163247994,0.0
21971.573117532265,0.0
21991.612071816537,0.0
22011.651026100808,0.0
22031.68998038508,0.0
22051.72893466935,0.0
22071.767888953622,0.0
22091.806843237893,0.0
22111.845797522165,0.0
22131.884751806436,0.0
22151.923706090707,0.0
22171.96266037498,0.0
22192.00161465925,0.0
22212.04056894352,0.0
22232.07952322779,0.0
22252.11847751206,0.0
22272.15743179633,0.0
22292.196386080603,0.0
22312.235340364874,0.0
22332.274294649145,0.0
22352.313248933417,0.0
22372.352203217688,0.0
22392.39115750196,0.0
22412.43011178623,0.0
22432.469066070502,0.0
22452.508020354773,0.0
22472.546974639044,0.0
22492.585928923316,0.0
22512.624883207587,0.0
22532.66383749186,0.0
22552.70279177613,0.0
22572.7417460604,0.0
22592.780700344672,0.0
22612.819654628944,0.0
22632.858608913215,0.0
22652.897563197486,0.0
22672.936517481758,0.0
22692.97547176603,0.0
22713.0144260503,0.0
22733.05338033457,0.0
22753.092334618843,0.0
22773.131288903114,0.0
22793.170243187385,0.0
22813.209197471657,0.0
22833.248151755928,0.0
22853.2871060402,0.0
22873.32606032447,0.0
22893.365014608742,0.0
22913.403968893013,0.0
22933.442923177285,0.0
22953.481877461556,0.0
22973.520831745827,0.0
22993.5597860301,0.0
23013.59874031437,0.0
23033.63769459864,0.0
23053.676648882913,0.0
23073.715603167184,0.0
23093.754557451455,0.0
23113.793511735726,0.0
23133.832466019998,0.0
23153.87142030427,0.0
23173.91037458854,0.0
23193.94932887281,0.0
23213.988283157083,0.0
23234.027237441354,0.0
23254.066191725626,0.0
23274.105146009897,0.0
23294.14410029417,0.0
23314.18305457844,0.0
23334.22200886271,0.0
23354.260963146982,0.0
23374.299917431254,0.0
23394.338871715525,0.0
23414.377825999796,0.0
23434.416780284067,0.0
23454.45573456834,0.0
23474.49468885261,0.0
23494.53364313688,0.0
23514.572597421153,0.0
23534.611551705424,0.0
23554.650505989695,0.0
23574.689460273967,0.0
23594.728414558238,0.0
23614.76736884251,0.0
23634.80632312678,0.0
23654.845277411052,0.0
23674.884231695323,0.0
23694.923185979595,0.0
23714.962140263866,0.0
23735.001094548137,0.0
23755.04004883241,0.0
23775.07900311668,0.0
23795.11795740095,0.0
23815.156911685222,0.0
23835.195865969494,0.0
23855.234820253765,0.0
23875.273774538036,0.0
23895.312728822308,0.0
23915.35168310658,0.0
23935.39063739085,0.0
23955.42959167512,0.0
23975.468545959393,0.0
23995.507500243664,0.0
24015.546454527936,0.0
24035.585408812207,0.0
24055.62436309648,0.0
24075.66331738075,0.0
24095.70227166502,0.0
24115.741225949292,0.0
24135.780180233563,0.0
24155.819134517835,0.0
24175.858088802106,0.0
24195.897043086377,0.0
24215.93599737065,0.0
24235.97495165492,0.0
24256.01390593919,0.0
24276.052860223463,0.0
24296.091814507734,0.0
24316.130768792005,0.0
24336.169723076277,0.0
24356.208677360548,0.0
24376.24763164482,0.0
24396.28658592909,0.0
24416.325540213362,0.0
24436.364494497633,0.0
24456.403448781904,0.0
24476.442403066176,0.0
24496.481357350447,0.0
24516.52031163472,0.0
24536.55926591899,0.0
24556.59822020326,0.0
24576.637174487532,0.0
24596.676128771804,0.0
24616.715083056075,0.0
24636.754037340346,0.0
24656.792991624618,0.0
24676.83194590889,0.0
24696.87090019316,0.0
24716.90985447743,0.0
24736.948808761703,0.0
24756.987763045974,0.0
24777.026717330245,0.0
24797.065671614517,0.0
24817.104625898788,0.0
24837.14358018306,0.0
24857.18253446733,0.0
24877.221488751602,0.0
24897.260443035873,0.0
24917.299397320145,0.0
24937.338351604416,0.0
24957.377305888687,0.0
24977.41626017296,0.0
24997.45521445723,0.0
25017.4941687415,0.0
25037.533123025773,0.0
25057.572077310044,0.0
25077.611031594315,0.0
25097.649985878586,0.0
25117.688940162858,0.0
25137.72789444713,0.0
25157.7668487314,0.0
25177.80580301567,0.0
25197.844757299943,0.0
25217.883711584214,0.0
25237.922665868486,0.0
25257.961620152757,0.0
25278.00057443703,0.0
25298.0395287213,0.0
25318.07848300557,0.0
25338.117437289842,0.0
25358.156391574114,0.0
25378.195345858385,0.0
25398.234300142656,0.0
25418.273254426927,0.0
25438.3122087112,0.0
25458.35116299547,0.0
25478.39011727974,0.0
25498.429071564013,0.0
25518.468025848284,0.0
25538.506980132555,0.0
25558.545934416827,0.0
25578.584888701098,0.0
25598.62384298537,0.0
25618.66279726964,0.0
25638.70175155391,0.0
25658.74070583818,0.0
25678.77966012245,0.0
25698.818614406722,0.0
25718.857568690994,0.0
25738.896522975265,0.0
25758.935477259536,0.0
25778.974431543807,0.0
25799.01338582808,0.0
25819.05234011235,0.0
25839.09129439662,0.0
25859.130248680893,0.0
25879.169202965164,0.0
25899.208157249435,0.0
25919.247111533707,0.0
25939.286065817978,0.0
25959.32502010225,0.0
25979.36397438652,0.0
25999.402928670792,0.0
26019.441882955063,0.0
26039.480837239335,0.0
26059.519791523606,0.0
26079.558745807877,0.0
26099.59770009215,0.0
26119.63665437642,0.0
26139.67560866069,0.0
26159.714562944962,0.0
26179.753517229234,0.0
26199.792471513505,0.0
26219.831425797776,0.0
26239.870380082048,0.0
26259.90933436632,0.0
26279.94828865059,0.0
26299.98724293486,0.0
26320.026197219133,0.0
26340.065151503404,0.0
26360.104105787676,0.0
26380.143060071947,0.0
26400.182014356218,0.0
26420.22096864049,0.0
26440.25992292476,0.0
26460.298877209032,0.0
26480.337831493303,0.0
26500.376785777575,0.0
26520.415740061846,0.0
26540.454694346117,0.0
26560.49364863039,0.0
26580.53260291466,0.0
26600.57155719893,0.0
26620.610511483203,0.0
26640.649465767474,0.0
26660.688420051745,0.0
26680.727374336017,0.0
26700.766328620288,0.0
26720.80528290456,0.0
26740.84423718883,0.0
26760.8831914731,0.0
26780.922145757373,0.0
26800.961100041644,0.0
26821.000054325916,0.0
26841.039008610187,0.0
26861.07796289446,0.0
26881.11691717873,0.0
26901.155871463,0.0
26921.194825747272,0.0
26941.233780031544,0.0
26961.272734315815,0.0
26981.311688600086,0.0
27001.350642884358,0.0
27021.38959716863,0.0
27041.4285514529,0.0
27061.46750573717,0.0
27081.506460021443,0.0
27101.545414305714,0.0
27121.584368589985,0.0
27141.623322874257,0.0
27161.662277158528,0.0
27181.7012314428,0.0
27201.74018572707,0.0
27221.779140011342,0.0
27241.818094295613,0.0
27261.857048579885,0.0
27281.896002864156,0.0
27301.934957148427,0.0
27321.9739114327,0.0
27342.01286571697,0.0
27362.05182000124,0.0
27382.090774285512,0.0
27402.129728569784,0.0
27422.168682854055,0.0
27442.207637138326,0.0
27462.246591422598,0.0
27482.28554570687,0.0
27502.32449999114,0.0
27522.36345427541,0.0
27542.402408559683,0.0
27562.441362843954,0.0
27582.480317128226,0.0
27602.519271412497,0.0
27622.55822569677,0.0
27642.59717998104,0.0
27662.63613426531,0.0
27682.675088549582,0.0
27702.714042833853,0.0
27722.752997118125,0.0
27742.791951402396,0.0
27762.830905686667,0.0
27782.86985997094,0.0
27802.90881425521,0.0
27822.94776853948,0.0
27842.986722823753,0.0
27863.025677108024,0.0
27883.064631392295,0.0
27903.103585676567,0.0
27923.142539960838,0.0
27943.18149424511,0.0
27963.22044852938,0.0
27983.259402813652,0.0
28003.298357097923,0.0
28023.337311382194,0.0
28043.376265666466,0.0
28063.415219950737,0.0
28083.45417423501,0.0
28103.49312851928,0.0
28123.53208280355,0.0
28143.571037087822,0.0
28163.609991372094,0.0
28183.648945656365,0.0
28203.687899940636,0.0
28223.726854224908,0.0
28243.76580850918,0.0
28263.80476279345,0.0
28283.84371707772,0.0
28303.882671361993,0.0
28323.921625646264,0.0
28343.960579930535,0.0
28363.999534214807,0.0
28384.038488499078,0.0
28404.07744278335,0.0
28424.11639706762,0.0
28444.155351351892,0.0
28464.194305636163,0.0
28484.233259920435,0.0
28504.272214204706,0.0
28524.311168488977,0.0
28544.35012277325,0.0
28564.38907705752,0.0
28584.42803134179,0.0
28604.466985626063,0.0
28624.505939910334,0.0
28644.544894194605,0.0
28664.583848478876,0.0
28684.622802763148,0.0
28704.66175704742,0.0
28724.70071133169,0.0
28744.73966561596,0.0
28764.778619900233,0.0
28784.817574184504,0.0
28804.856528468776,0.0
28824.895482753047,0.0
28844.93443703732,0.0
28864.97339132159,0.0
28885.01234560586,0.0
28905.051299890132,0.0
28925.090254174404,0.0
28945.129208458675,0.0
28965.168162742946,0.0
28985.207117027217,0.0
29005.24607131149,0.0
29025.28502559576,0.0
29045.32397988003,0.0
29065.3629341643,0.0
29085.40188844857,0.0
29105.44084273284,0.0
29125.479797017113,0.0
29145.518751301384,0.0
29165.557705585656,0.0
29185.596659869927,0.0
29205.6356141542,0.0
29225.67456843847,0.0
29245.71352272274,0.0
29265.752477007012,0.0
29285.791431291284,0.0
29305.830385575555,0.0
29325.869339859826,0.0
29345.908294144097,0.0
29365.94724842837,0.0
29385.98620271264,0.0
29406.02515699691,0.0
29426.064111281183,0.0
29446.103065565454,0.0
29466.142019849725,0.0
29486.180974133997,0.0
29506.219928418268,0.0
29526.25888270254,0.0
29546.29783698681,0.0
29566.336791271082,0.0
29586.375745555353,0.0
29606.414699839625,0.0
29626.453654123896,0.0
29646.492608408167,0.0
29666.53156269244,0.0
29686.57051697671,0.0
29706.60947126098,0.0
29726.648425545252,0.0
29746.687379829524,0.0
29766.726334113795,0.0
29786.765288398066,0.0
29806.804242682338,0.0
29826.84319696661,0.0
29846.88215125088,0.0
29866.92110553515,0.0
29886.960059819423,0.0
29906.999014103694,0.0
29927.037968387966,0.0
29947.076922672237,0.0
29967.115876956508,0.0
29987.15483124078,0.0
30007.19378552505,0.0
30027.232739809322,0.0
30047.271694093593,0.0
30067.310648377865,0.0
30087.349602662136,0.0
30107.388556946407,0.0
30127.42751123068,0.0
30147.46646551495,0.0
30167.50541979922,0.0
30187.544374083493,0.0
30207.583328367764,0.0
30227.622282652035,0.0
30247.661236936307,0.0
30267.700191220578,0.0
30287.73914550485,0.0
30307.77809978912,0.0
30327.81705407339,0.0
30347.856008357663,0.0
30367.894962641934,0.0
30387.933916926206,0.0
30407.972871210477,0.0
30428.01182549475,0.0
30448.05077977902,0.0
30468.08973406329,0.0
30488.128688347562,0.0
30508.167642631834,0.0
30528.206596916105,0.0
30548.245551200376,0.0
30568.284505484648,0.0
30588.32345976892,0.0
30608.36241405319,0.0
30628.40136833746,0.0
30648.440322621733,0.0
30668.479276906004,0.0
30688.518231190275,0.0
30708.557185474547,0.0
30728.596139758818,0.0
30748.63509404309,0.0
30768.67404832736,0.0
30788.713002611632,0.0
30808.751956895903,0.0
30828.790911180175,0.0
30848.829865464446,0.0
30868.868819748717,0.0
30888.90777403299,0.0
30908.94672831726,0.0
30928.98568260153,0.0
30949.024636885802,0.0
30969.063591170074,0.0
30989.102545454345,0.0
31009.141499738616,0.0
31029.180454022888,0.0
31049.21940830716,0.0
31069.25836259143,0.0
31089.2973168757,0.0
31109.336271159973,0.0
31129.375225444244,0.0
31149.414179728516,0.0
31169.453134012787,0.0
31189.49208829706,0.0
31209.53104258133,0.0
31229.5699968656,0.0
31249.608951149872,0.0
31269.647905434143,0.0
31289.686859718415,0.0
31309.725814002686,0.0
31329.764768286957,0.0
31349.80372257123,0.0
31369.8426768555,0.0
31389.88163113977,0.0
31409.920585424043,0.0
31429.959539708314,0.0
31449.998493992585,0.0
31470.037448276857,0.0
31490.076402561128,0.0
31510.1153568454,0.0
31530.15431112967,0.0
31550.193265413942,0.0
31570.232219698213,0.0
31590.271173982484,0.0
31610.310128266756,0.0
31630.349082551027,0.0
31650.3880368353,0.0
31670.42699111957,0.0
31690.46594540384,0.0
31710.504899688112,0.0
31730.543853972384,0.0
31750.582808256655,0.0
31770.621762540926,0.0
31790.660716825198,0.0
31810.69967110947,0.0
31830.73862539374,0.0
31850.77757967801,0.0
31870.816533962283,0.0
31890.855488246554,0.0
31910.894442530825,0.0
31930.933396815097,0.0
31950.972351099368,0.0
31971.01130538364,0.0
31991.05025966791,0.0
32011.089213952182,0.0
32031.128168236453,0.0
32051.167122520725,0.0
32071.206076804996,0.0
32091.245031089267,0.0
32111.28398537354,0.0
32131.32293965781,0.0
32151.36189394208,0.0
32171.400848226353,0.0
32191.439802510624,0.0
32211.478756794895,0.0
32231.517711079166,0.0
32251.556665363438,0.0
32271.59561964771,0.0
32291.63457393198,0.0
32311.67352821625,0.0
32331.712482500523,0.0
32351.751436784794,0.0
32371.790391069066,0.0
32391.829345353337,0.0
32411.86829963761,0.0
32431.90725392188,0.0
32451.94620820615,0.0
32471.985162490422,0.0
32492.02411677469,0.0
32512.06307105896,0.0
32532.102025343233,0.0
32552.140979627504,0.0
32572.179933911775,0.0
32592.218888196046,0.0
32612.257842480318,0.0
32632.29679676459,0.0
32652.33575104886,0.0
32672.37470533313,0.0
32692.413659617403,0.0
32712.452613901674,0.0
32732.491568185946,0.0
32752.530522470217,0.0
32772.56947675449,0.0
32792.60843103877,0.0
32812.647385323035,0.0
32832.68633960731,0.0
32852.72529389158,0.0
32872.76424817585,0.0
32892.80320246012,0.0
32912.842156744395,0.0
32932.88111102866,0.0
32952.92006531294,0.0
32972.959019597205,0.0
32992.99797388148,0.0
33013.03692816575,0.0
33033.07588245002,0.0
33053.11483673429,0.0
33073.153791018565,0.0
33093.19274530283,0.0
33113.23169958711,0.0
33133.270653871376,0.0
33153.30960815565,0.0
33173.34856243992,0.0
33193.38751672419,0.0
33213.42647100846,0.0
33233.465425292736,0.0
33253.504379577,0.0
33273.54333386128,0.0
33293.582288145546,0.0
33313.62124242982,0.0
33333.66019671409,0.0
33353.69915099836,0.0
33373.73810528263,0.0
33393.777059566906,0.0
33413.816013851174,0.0
33433.85496813545,0.0
33453.89392241972,0.0
33473.93287670399,0.0
33493.97183098826,0.0
33514.010785272534,0.0
33534.0497395568,0.0
33554.08869384108,0.0
33574.127648125344,0.0
33594.16660240962,0.0
33614.20555669389,0.0
33634.24451097816,0.0
33654.28346526243,0.0
33674.322419546705,0.0
33694.36137383097,0.0
33714.40032811525,0.0
33734.439282399515,0.0
33754.47823668379,0.0
33774.51719096806,0.0
33794.55614525233,0.0
33814.5950995366,0.0
33834.634053820875,0.0
33854.67300810514,0.0
33874.71196238942,0.0
33894.750916673685,0.0
33914.78987095796,0.0
33934.82882524223,0.0
33954.8677795265,0.0
33974.90673381077,0.0
33994.945688095046,0.0
34014.98464237931,0.0
34035.02359666359,0.0
34055.062550947856,0.0
34075.10150523213,0.0
34095.1404595164,0.0
34115.17941380067,0.0
34135.21836808494,0.0
34155.257322369216,0.0
34175.296276653484,0.0
34195.33523093775,0.0
34215.37418522203,0.0
34235.413139506294,0.0
34255.45209379057,0.0
34275.49104807484,0.0
34295.53000235911,0.0
34315.56895664338,0.0
34335.607910927654,0.0
34355.64686521192,0.0
34375.6858194962,0.0
34395.724773780465,0.0
34415.76372806474,0.0
34435.80268234901,0.0
34455.84163663328,0.0
34475.88059091755,0.0
34495.919545201825,0.0
34515.95849948609,0.0
34535.99745377037,0.0
34556.036408054635,0.0
34576.07536233891,0.0
34596.11431662318,0.0
34616.15327090745,0.0
34636.19222519172,0.0
34656.231179475995,0.0
34676.27013376026,0.0
34696.30908804454,0.0
34716.348042328806,0.0
34736.38699661308,0.0
34756.42595089735,0.0
34776.46490518162,0.0
34796.50385946589,0.0
34816.542813750166,0.0
34836.58176803443,0.0
34856.62072231871,0.0
34876.659676602976,0.0
34896.69863088725,0.0
34916.73758517152,0.0
34936.776539455794,0.0
34956.81549374006,0.0
34976.854448024336,0.0
34996.893402308604,0.0
35016.93235659288,0.0
35036.97131087715,0.0
35057.01026516142,0.0
35077.04921944569,0.0
35097.088173729964,0.0
35117.12712801423,0.0
35137.16608229851,0.0
35157.205036582774,0.0
35177.24399086705,0.0
35197.28294515132,0.0
35217.32189943559,0.0
35237.36085371986,0.0
35257.399808004135,0.0
35277.4387622884,0.0
35297.47771657268,0.0
35317.516670856945,0.0
35337.55562514122,0.0
35357.59457942549,0.0
35377.63353370976,0.0
35397.67248799403,0.0
35417.711442278305,0.0
35437.75039656257,0.0
35457.78935084685,0.0
35477.828305131115,0.0
35497.86725941539,0.0
35517.90621369966,0.0
35537.94516798393,0.0
35557.9841222682,0.0
35578.023076552476,0.0
35598.06203083674,0.0
35618.10098512102,0.0
35638.139939405286,0.0
35658.17889368956,0.0
35678.21784797383,0.0
35698.2568022581,0.0
35718.29575654237,0.0
35738.334710826646,0.0
35758.373665110914,0.0
35778.41261939519,0.0
35798.45157367946,0.0
35818.49052796373,0.0
35838.529482248,0.0
35858.568436532274,0.0
35878.60739081654,0.0
35898.64634510082,0.0
35918.685299385084,0.0
35938.72425366936,0.0
35958.76320795363,0.0
35978.8021622379,0.0
35998.84111652217,0.0
36018.880070806445,0.0
36038.91902509071,0.0
36058.95797937499,0.0
36078.996933659255,0.0
36099.03588794353,0.0
36119.0748422278,0.0
36139.11379651207,0.0
36159.15275079634,0.0
36179.191705080615,0.0
36199.23065936488,0.0
36219.26961364916,0.0
36239.308567933425,0.0
36259.3475222177,0.0
36279.38647650197,0.0
36299.42543078624,0.0
36319.46438507051,0.0
36339.503339354786,0.0
36359.54229363905,0.0
36379.58124792333,0.0
36399.620202207596,0.0
36419.65915649187,0.0
36439.69811077614,0.0
36459.73706506041,0.0
36479.77601934468,0.0
36499.814973628956,0.0
36519.853927913224,0.0
36539.8928821975,0.0
36559.93183648177,0.0
36579.97079076604,0.0
36600.00974505031,0.0
36620.048699334584,0.0
36640.08765361885,0.0
36660.12660790313,0.0
36680.165562187394,0.0
36700.20451647167,0.0
36720.24347075594,0.0
36740.28242504021,0.0
36760.32137932448,0.0
36780.360333608754,0.0
36800.39928789302,0.0
36820.4382421773,0.0
36840.477196461565,0.0
36860.51615074584,0.0
36880.55510503011,0.0
36900.59405931438,0.0
36920.63301359865,0.0
36940.671967882925,0.0
36960.71092216719,0.0
36980.74987645147,0.0
37000.788830735735,0.0
37020.82778502001,0.0
37040.86673930428,0.0
37060.90569358855,0.0
37080.94464787282,0.0
37100.983602157095,0.0
37121.02255644136,0.0
37141.06151072564,0.0
37161.100465009906,0.0
37181.13941929418,0.0
37201.17837357845,0.0
37221.21732786272,0.0
37241.25628214699,0.0
37261.295236431266,0.0
37281.33419071553,0.0
37301.37314499981,0.0
37321.412099284076,0.0
37341.45105356835,0.0
37361.49000785262,0.0
37381.528962136894,0.0
37401.56791642116,0.0
37421.60687070544,0.0
37441.645824989704,0.0
37461.68477927398,0.0
37481.72373355825,0.0
37501.76268784252,0.0
37521.80164212679,0.0
37541.840596411064,0.0
37561.87955069533,0.0
37581.91850497961,0.0
37601.957459263875,0.0
37621.99641354814,0.0
37642.03536783242,0.0
37662.074322116685,0.0
37682.11327640096,0.0
37702.15223068523,0.0
37722.1911849695,0.0
37742.23013925377,0.0
37762.269093538045,0.0
37782.30804782231,0.0
37802.34700210659,0.0
37822.385956390855,0.0
37842.42491067513,0.0
37862.4638649594,0.0
37882.50281924367,0.0
37902.54177352794,0.0
37922.580727812216,0.0
37942.61968209648,0.0
37962.65863638076,0.0
37982.697590665026,0.0
38002.7365449493,0.0
38022.77549923357,0.0
38042.81445351784,0.0
38062.85340780211,0.0
38082.892362086386,0.0
38102.931316370654,0.0
38122.97027065493,0.0
38143.0092249392,0.0
38163.04817922347,0.0
38183.08713350774,0.0
38203.126087792014,0.0
38223.16504207628,0.0
38243.20399636056,0.0
38263.242950644824,0.0
38283.2819049291,0.0
38303.32085921337,0.0
38323.35981349764,0.0
38343.39876778191,0.0
38363.437722066185,0.0
38383.47667635045,0.0
38403.51563063473,0.0
38423.554584918995,0.0
38443.59353920327,0.0
38463.63249348754,0.0
38483.67144777181,0.0
38503.71040205608,0.0
38523.749356340355,0.0
38543.78831062462,0.0
38563.8272649089,0.0
38583.866219193165,0.0
38603.90517347744,0.0
38623.94412776171,0.0
38643.98308204598,0.0
38664.02203633025,0.0
38684.060990614526,0.0
38704.09994489879,0.0
38724.13889918307,0.0
38744.177853467336,0.0
38764.21680775161,0.0
38784.25576203588,0.0
38804.29471632015,0.0
38824.33367060442,0.0
38844.372624888696,0.0
38864.411579172964,0.0
38884.45053345724,0.0
38904.489487741506,0.0
38924.52844202578,0.0
38944.56739631005,0.0
38964.606350594324,0.0
38984.64530487859,0.0
39004.68425916287,0.0
39024.723213447134,0.0
39044.76216773141,0.0
39064.80112201568,0.0
39084.84007629995,0.0
39104.87903058422,0.0
39124.917984868494,0.0
39144.95693915276,0.0
39164.99589343704,0.0
39185.034847721305,0.0
39205.07380200558,0.0
39225.11275628985,0.0
39245.15171057412,0.0
39265.19066485839,0.0
39285.229619142665,0.0
39305.26857342693,0.0
39325.30752771121,0.0
39345.346481995475,0.0
39365.38543627975,0.0
39385.42439056402,0.0
39405.46334484829,0.0
39425.50229913256,0.0
39445.541253416835,0.0
39465.5802077011,0.0
39485.61916198538,0.0
39505.658116269646,0.0
39525.69707055392,0.0
39545.73602483819,0.0
39565.77497912246,0.0
39585.81393340673,0.0
39605.852887691006,0.0
39625.89184197527,0.0
39645.93079625955,0.0
39665.969750543816,0.0
39686.00870482809,0.0
39706.04765911236,0.0
39726.086613396634,0.0
39746.1255676809,0.0
39766.16452196518,0.0
39786.203476249444,0.0
39806.24243053372,0.0
39826.28138481799,0.0
39846.32033910226,0.0
39866.35929338653,0.0
39886.398247670804,0.0
39906.43720195507,0.0
39926.47615623935,0.0
39946.515110523615,0.0
39966.55406480789,0.0
39986.59301909216,0.0
40006.63197337643,0.0
40026.6709276607,0.0
40046.709881944975,0.0
40066.74883622924,0.0
40086.78779051352,0.0
40106.826744797785,0.0
40126.86569908206,0.0
40146.90465336633,0.0
40166.9436076506,0.0
40186.98256193487,0.0
40207.021516219145,0.0
40227.06047050341,0.0
40247.09942478769,0.0
40267.138379071956,0.0
40287.17733335623,0.0
40307.2162876405,0.0
40327.25524192477,0.0
40347.29419620904,0.0
40367.333150493316,0.0
40387.37210477758,0.0
40407.41105906186,0.0
40427.450013346126,0.0
40447.4889676304,0.0
40467.52792191467,0.0
40487.566876198944,0.0
40507.60583048321,0.0
40527.644784767486,0.0
40547.683739051754,0.0
40567.72269333603,0.0
40587.7616476203,0.0
40607.80060190457,0.0
40627.83955618884,0.0
40647.878510473114,0.0
40667.91746475738,0.0
40687.95641904166,0.0
40707.995373325924,0.0
40728.0343276102,0.0
40748.07328189447,0.0
40768.11223617874,0.0
40788.15119046301,0.0
40808.190144747285,0.0
40828.22909903155,0.0
40848.26805331583,0.0
40868.307007600095,0.0
40888.34596188437,0.0
40908.38491616864,0.0
40928.42387045291,0.0
40948.46282473718,0.0
40968.501779021455,0.0
40988.54073330572,0.0
41008.57968759,0.0
