Energy (keV),Intensity (CPS)
-11.191509107020748,0.0
8.847527296808197,0.0
28.88656370063714,0.0
48.925600104466085,0.0
68.96463650829503,0.0
89.00367291212397,0.0
109.04270931595292,0.0
129.08174571978185,0.0
149.1207821236108,0.0
169.15981852743977,0.0
189.1988549312687,0.0
209.23789133509763,0.0
229.2769277389266,0.0
249.31596414275555,0.0
269.35500054658445,0.0
289.3940369504134,0.38697132283487523
309.43307335424237,0.38697132283487523
329.4721097580713,0.38697132283487523
349.5111461619003,0.38697132283487523
369.5501825657292,2.7087992598441266
389.58921896955815,2.7087992598441266
409.6282553733871,2.7087992598441266
429.667291777216,3.8697132283487523
449.70632818104497,3.8697132283487523
469.7453645848739,5.030627196853378
489.7844009887029,4.643655874018503
509.82343739253184,6.191541165358004
529.8624737963609,7.352455133862629
549.9015102001897,3.095770582679002
569.9405466040187,9.67428307087188
589.9795830078476,8.126397779532379
610.0186194116766,10.448225716541632
630.0576558155055,13.157024976385758
650.0966922193345,12.383082330716007
670.1357286231635,11.996111007881133
690.1747650269924,8.126397779532379
710.2138014308214,8.513369102367255
730.2528378346502,6.965483811027754
750.2918742384792,10.448225716541632
770.3309106423081,13.543996299220634
790.3699470461371,11.996111007881133
810.4089834499661,11.996111007881133
830.448019853795,18.961594818908885
850.487056257624,8.513369102367255
870.5260926614528,10.448225716541632
890.5651290652818,10.835197039376506
910.6041654691107,14.317938944890383
930.6432018729397,12.770053653550882
950.6822382767687,8.900340425202131
970.7212746805976,12.383082330716007
990.7603110844266,8.126397779532379
1010.7993474882555,11.609139685046257
1030.8383838920845,13.157024976385758
1050.8774202959135,12.770053653550882
1070.9164566997424,13.157024976385758
1090.9554931035714,6.965483811027754
1110.9945295074,10.835197039376506
1131.033565911229,14.317938944890383
1151.072602315058,8.126397779532379
1171.111638718887,13.543996299220634
1191.150675122716,12.383082330716007
1211.189711526545,10.835197039376506
1231.2287479303739,11.996111007881133
1251.2677843342028,12.383082330716007
1271.3068207380318,12.770053653550882
1291.3458571418607,15.47885291339501
1311.3848935456897,11.22216836221138
1331.4239299495187,11.609139685046257
1351.4629663533476,12.770053653550882
1371.5020027571766,12.383082330716007
1391.5410391610055,11.609139685046257
1411.5800755648345,10.835197039376506
1431.6191119686634,12.383082330716007
1451.6581483724922,9.287311748037006
1471.6971847763211,10.835197039376506
1491.73622118015,8.513369102367255
1511.775257583979,10.061254393706756
1531.814293987808,11.22216836221138
1551.853330391637,8.900340425202131
1571.892366795466,12.770053653550882
1591.931403199295,11.996111007881133
1611.9704396031239,10.061254393706756
1632.0094760069528,11.22216836221138
1652.0485124107818,10.835197039376506
1672.0875488146107,13.157024976385758
1692.1265852184397,10.835197039376506
1712.1656216222686,10.835197039376506
1732.2046580260976,10.061254393706756
1752.2436944299263,11.22216836221138
1772.2827308337553,14.317938944890383
1792.3217672375843,10.448225716541632
1812.3608036414132,10.061254393706756
1832.3998400452422,11.996111007881133
1852.4388764490711,10.448225716541632
1872.4779128529,10.061254393706756
1892.516949256729,13.930967622055508
1912.555985660558,13.157024976385758
1932.595022064387,11.609139685046257
1952.634058468216,8.513369102367255
1972.6730948720449,12.383082330716007
1992.7121312758738,9.67428307087188
2012.7511676797028,11.996111007881133
2032.7902040835318,6.965483811027754
2052.8292404873605,15.091881590560135
2072.8682768911895,15.091881590560135
2092.9073132950184,9.287311748037006
2112.9463496988474,11.996111007881133
2132.9853861026763,12.770053653550882
2153.0244225065053,10.835197039376506
2173.0634589103342,10.061254393706756
2193.102495314163,7.739426456697505
2213.141531717992,9.67428307087188
2233.1805681218207,11.609139685046257
2253.2196045256496,9.287311748037006
2273.2586409294786,12.383082330716007
2293.2976773333075,12.383082330716007
2313.3367137371365,9.287311748037006
2333.3757501409655,10.061254393706756
2353.4147865447944,13.543996299220634
2373.4538229486234,9.67428307087188
2393.4928593524523,10.835197039376506
2413.5318957562813,10.835197039376506
2433.5709321601103,10.448225716541632
2453.609968563939,8.900340425202131
2473.649004967768,8.900340425202131
2493.688041371597,7.739426456697505
2513.727077775426,10.061254393706756
2533.766114179255,10.835197039376506
2553.805150583084,8.513369102367255
2573.844186986913,10.061254393706756
2593.883223390742,9.67428307087188
2613.922259794571,10.061254393706756
2633.9612961984,8.126397779532379
2654.000332602229,8.900340425202131
2674.0393690060578,8.513369102367255
2694.0784054098867,7.352455133862629
2714.1174418137157,6.191541165358004
2734.1564782175446,8.513369102367255
2754.1955146213736,12.383082330716007
2774.2345510252026,8.126397779532379
2794.2735874290315,11.22216836221138
2814.3126238328605,8.900340425202131
2834.3516602366894,5.8045698425231285
2854.3906966405184,8.513369102367255
2874.4297330443474,9.67428307087188
2894.468769448176,8.900340425202131
2914.507805852005,6.965483811027754
2934.546842255834,7.352455133862629
2954.5858786596627,7.352455133862629
2974.6249150634917,5.417598519688253
2994.6639514673207,6.191541165358004
3014.7029878711496,8.126397779532379
3034.7420242749786,7.739426456697505
3054.7810606788075,5.030627196853378
3074.8200970826365,6.578512488192879
3094.8591334864655,6.191541165358004
3114.8981698902944,7.739426456697505
3134.9372062941234,7.739426456697505
3154.9762426979523,5.030627196853378
3175.0152791017813,6.965483811027754
3195.0543155056102,5.417598519688253
3215.093351909439,5.417598519688253
3235.132388313268,4.643655874018503
3255.171424717097,5.417598519688253
3275.210461120926,4.643655874018503
3295.249497524755,3.095770582679002
3315.288533928584,6.965483811027754
3335.327570332413,5.030627196853378
3355.366606736242,6.578512488192879
3375.405643140071,4.2566845511836275
3395.4446795439,5.8045698425231285
3415.483715947729,5.030627196853378
3435.5227523515578,4.2566845511836275
3455.5617887553867,4.643655874018503
3475.6008251592157,6.578512488192879
3495.6398615630446,4.643655874018503
3515.678897966873,6.965483811027754
3535.717934370702,4.2566845511836275
3555.756970774531,5.030627196853378
3575.79600717836,4.643655874018503
3595.835043582189,4.643655874018503
3615.874079986018,3.8697132283487523
3635.913116389847,3.8697132283487523
3655.952152793676,6.191541165358004
3675.991189197505,4.2566845511836275
3696.0302256013338,2.3218279370092514
3716.0692620051627,3.482741905513877
3736.1082984089917,0.7739426456697505
3756.1473348128206,4.643655874018503
3776.1863712166496,1.1609139685046257
3796.2254076204786,3.095770582679002
3816.2644440243075,2.7087992598441266
3836.3034804281365,5.030627196853378
3856.3425168319654,2.7087992598441266
3876.3815532357944,3.8697132283487523
3896.4205896396234,2.3218279370092514
3916.4596260434523,4.2566845511836275
3936.4986624472813,2.3218279370092514
3956.5376988511102,4.2566845511836275
3976.576735254939,2.3218279370092514
3996.615771658768,1.9348566141743762
4016.654808062597,2.3218279370092514
4036.693844466426,2.7087992598441266
4056.732880870255,2.3218279370092514
4076.771917274084,1.547885291339501
4096.810953677913,1.9348566141743762
4116.849990081742,0.7739426456697505
4136.889026485571,3.095770582679002
4156.9280628894,1.9348566141743762
4176.967099293229,1.9348566141743762
4197.006135697058,1.547885291339501
4217.045172100887,1.1609139685046257
4237.084208504716,0.38697132283487523
4257.123244908545,0.7739426456697505
4277.162281312374,3.482741905513877
4297.2013177162025,1.1609139685046257
4317.240354120032,0.7739426456697505
4337.2793905238605,1.1609139685046257
4357.31842692769,1.1609139685046257
4377.357463331518,1.9348566141743762
4397.396499735348,2.3218279370092514
4417.435536139176,1.1609139685046257
4437.474572543006,0.38697132283487523
4457.513608946834,1.1609139685046257
4477.552645350663,0.7739426456697505
4497.591681754492,2.3218279370092514
4517.630718158321,0.7739426456697505
4537.66975456215,2.3218279370092514
4557.708790965979,0.38697132283487523
4577.747827369808,0.38697132283487523
4597.7868637736365,0.38697132283487523
4617.825900177466,1.547885291339501
4637.864936581294,1.1609139685046257
4657.903972985124,1.9348566141743762
4677.943009388952,2.3218279370092514
4697.982045792782,1.1609139685046257
4718.02108219661,0.7739426456697505
4738.06011860044,1.547885291339501
4758.099155004268,1.1609139685046257
4778.138191408098,1.1609139685046257
4798.177227811926,1.1609139685046257
4818.2162642157555,1.9348566141743762
4838.255300619584,0.38697132283487523
4858.294337023413,1.547885291339501
4878.333373427242,1.547885291339501
4898.372409831071,1.547885291339501
4918.4114462349,1.547885291339501
4938.450482638729,0.38697132283487523
4958.489519042558,0.7739426456697505
4978.528555446387,1.1609139685046257
4998.567591850216,1.547885291339501
5018.606628254045,1.9348566141743762
5038.645664657874,1.1609139685046257
5058.684701061703,1.547885291339501
5078.7237374655315,0.0
5098.762773869361,0.0
5118.801810273189,0.38697132283487523
5138.840846677018,1.1609139685046257
5158.879883080847,1.1609139685046257
5178.918919484676,1.1609139685046257
5198.957955888505,2.3218279370092514
5218.996992292334,0.7739426456697505
5239.036028696163,2.3218279370092514
5259.075065099992,1.1609139685046257
5279.114101503821,1.9348566141743762
5299.15313790765,1.1609139685046257
5319.192174311479,1.547885291339501
5339.2312107153075,0.38697132283487523
5359.270247119137,1.1609139685046257
5379.309283522965,0.38697132283487523
5399.348319926795,1.547885291339501
5419.387356330623,1.9348566141743762
5439.426392734453,1.1609139685046257
5459.465429138281,0.38697132283487523
5479.504465542111,0.7739426456697505
5499.543501945939,1.1609139685046257
5519.582538349769,0.7739426456697505
5539.621574753597,0.38697132283487523
5559.6606111574265,1.1609139685046257
5579.699647561255,0.0
5599.738683965084,0.7739426456697505
5619.777720368913,0.7739426456697505
5639.816756772742,0.38697132283487523
5659.855793176571,0.38697132283487523
5679.8948295804,1.9348566141743762
5699.933865984229,0.7739426456697505
5719.972902388058,1.1609139685046257
5740.011938791887,0.7739426456697505
5760.050975195716,0.38697132283487523
5780.090011599545,2.3218279370092514
5800.129048003373,0.0
5820.1680844072025,0.7739426456697505
5840.207120811031,0.0
5860.24615721486,0.0
5880.285193618689,1.547885291339501
5900.324230022518,0.38697132283487523
5920.363266426347,0.38697132283487523
5940.402302830176,0.7739426456697505
5960.441339234005,0.7739426456697505
5980.480375637834,1.1609139685046257
6000.519412041663,0.0
6020.558448445492,0.0
6040.597484849321,0.38697132283487523
6060.63652125315,0.7739426456697505
6080.6755576569785,0.0
6100.714594060808,0.38697132283487523
6120.753630464636,0.38697132283487523
6140.792666868466,0.38697132283487523
6160.831703272294,0.0
6180.870739676124,0.7739426456697505
6200.909776079952,0.0
6220.948812483782,0.38697132283487523
6240.98784888761,0.7739426456697505
6261.02688529144,0.38697132283487523
6281.065921695268,0.7739426456697505
6301.1049580990975,1.1609139685046257
6321.143994502926,0.7739426456697505
6341.183030906755,1.9348566141743762
6361.222067310584,1.1609139685046257
6381.261103714413,4.643655874018503
6401.300140118242,2.3218279370092514
6421.33917652207,3.8697132283487523
6441.3782129259,3.482741905513877
6461.417249329728,1.547885291339501
6481.456285733558,0.7739426456697505
6501.495322137386,1.1609139685046257
6521.534358541216,0.7739426456697505
6541.573394945044,0.7739426456697505
6561.6124313488735,0.0
6581.651467752702,0.0
6601.6905041565315,0.38697132283487523
6621.72954056036,0.0
6641.768576964189,0.7739426456697505
6661.807613368018,0.0
6681.846649771847,1.1609139685046257
6701.885686175676,0.38697132283487523
6721.924722579505,0.38697132283487523
6741.963758983334,0.38697132283487523
6762.002795387163,0.38697132283487523
6782.041831790992,0.7739426456697505
6802.080868194821,0.38697132283487523
6822.11990459865,1.1609139685046257
6842.158941002479,0.7739426456697505
6862.1979774063075,0.38697132283487523
6882.237013810137,1.1609139685046257
6902.276050213965,0.38697132283487523
6922.315086617795,0.0
6942.354123021623,0.0
6962.393159425453,0.38697132283487523
6982.432195829281,0.7739426456697505
7002.471232233111,0.38697132283487523
7022.510268636939,0.7739426456697505
7042.549305040768,1.547885291339501
7062.588341444597,0.7739426456697505
7082.627377848426,0.7739426456697505
7102.666414252255,0.7739426456697505
7122.7054506560835,0.38697132283487523
7142.744487059913,1.1609139685046257
7162.783523463741,0.38697132283487523
7182.822559867571,0.38697132283487523
7202.861596271399,0.7739426456697505
7222.900632675229,0.0
7242.939669079057,0.38697132283487523
7262.978705482887,0.7739426456697505
7283.017741886715,0.0
7303.056778290545,1.1609139685046257
7323.095814694373,0.38697132283487523
7343.1348510982025,1.1609139685046257
7363.173887502031,0.38697132283487523
7383.21292390586,0.38697132283487523
7403.251960309689,0.0
7423.290996713518,0.0
7443.330033117347,0.7739426456697505
7463.369069521176,0.38697132283487523
7483.408105925005,1.547885291339501
7503.447142328834,0.38697132283487523
7523.486178732663,1.1609139685046257
7543.525215136492,0.0
7563.564251540321,0.0
7583.60328794415,0.7739426456697505
7603.6423243479785,0.7739426456697505
7623.681360751808,1.1609139685046257
7643.720397155636,0.38697132283487523
7663.759433559466,1.1609139685046257
7683.798469963294,0.7739426456697505
7703.837506367123,0.0
7723.876542770952,0.0
7743.915579174781,0.0
7763.95461557861,0.7739426456697505
7783.993651982439,1.1609139685046257
7804.032688386268,0.38697132283487523
7824.071724790097,1.1609139685046257
7844.110761193926,1.547885291339501
7864.1497975977545,1.9348566141743762
7884.188834001584,0.7739426456697505
7904.227870405412,1.9348566141743762
7924.266906809242,2.7087992598441266
7944.30594321307,8.513369102367255
7964.3449796169,6.965483811027754
7984.384016020728,10.448225716541632
8004.423052424558,10.448225716541632
8024.462088828386,13.157024976385758
8044.501125232216,17.800680850404262
8064.540161636044,13.930967622055508
8084.5791980398735,12.383082330716007
8104.618234443702,8.900340425202131
8124.657270847531,7.739426456697505
8144.69630725136,2.3218279370092514
8164.735343655189,2.3218279370092514
8184.774380059018,2.7087992598441266
8204.813416462846,1.547885291339501
8224.852452866677,0.38697132283487523
8244.891489270505,1.1609139685046257
8264.930525674334,0.0
8284.969562078162,1.1609139685046257
8305.008598481993,0.7739426456697505
8325.047634885821,0.7739426456697505
8345.08667128965,0.38697132283487523
8365.125707693478,0.0
8385.164744097307,1.547885291339501
8405.203780501137,2.3218279370092514
8425.242816904965,1.1609139685046257
8445.281853308794,1.1609139685046257
8465.320889712622,3.8697132283487523
8485.359926116453,5.8045698425231285
8505.398962520281,5.8045698425231285
8525.43799892411,15.865824236229884
8545.477035327938,32.505591118129516
8565.516071731769,36.76227566931315
8585.555108135597,38.310160960652645
8605.594144539426,55.72387048822203
8625.633180943254,53.015071228377906
8645.672217347084,57.65872710239641
8665.711253750913,61.14146900791029
8685.750290154741,46.43655874018503
8705.78932655857,30.95770582679002
8725.8283629624,17.413709527569385
8745.867399366229,10.061254393706756
8765.906435770057,9.67428307087188
8785.945472173886,4.643655874018503
8805.984508577716,3.8697132283487523
8826.023544981545,4.2566845511836275
8846.062581385373,2.7087992598441266
8866.101617789202,6.191541165358004
8886.140654193032,3.482741905513877
8906.17969059686,2.3218279370092514
8926.218727000689,6.578512488192879
8946.257763404517,5.030627196853378
8966.296799808346,3.8697132283487523
8986.335836212176,1.9348566141743762
9006.374872616005,1.547885291339501
9026.413909019833,1.547885291339501
9046.452945423662,1.547885291339501
9066.491981827492,0.7739426456697505
9086.53101823132,1.547885291339501
9106.570054635149,0.0
9126.609091038978,1.547885291339501
9146.648127442808,0.0
9166.687163846636,0.38697132283487523
9186.726200250465,0.38697132283487523
9206.765236654293,0.7739426456697505
9226.804273058124,0.38697132283487523
9246.843309461952,0.38697132283487523
9266.88234586578,0.0
9286.92138226961,0.7739426456697505
9306.96041867344,0.38697132283487523
9326.999455077268,1.547885291339501
9347.038491481097,2.3218279370092514
9367.077527884925,4.643655874018503
9387.116564288755,1.1609139685046257
9407.155600692584,3.8697132283487523
9427.194637096412,4.2566845511836275
9447.233673500241,5.030627196853378
9467.272709904071,6.191541165358004
9487.3117463079,4.643655874018503
9507.350782711728,10.061254393706756
9527.389819115557,11.22216836221138
9547.428855519387,9.287311748037006
9567.467891923216,10.448225716541632
9587.506928327044,12.770053653550882
9607.545964730873,7.352455133862629
9627.585001134701,9.287311748037006
9647.624037538531,5.417598519688253
9667.66307394236,4.2566845511836275
9687.702110346188,1.9348566141743762
9707.741146750017,1.547885291339501
9727.780183153847,2.3218279370092514
9747.819219557676,1.9348566141743762
9767.858255961504,0.38697132283487523
9787.897292365333,0.38697132283487523
9807.936328769163,0.0
9827.975365172992,0.7739426456697505
9848.01440157682,0.0
9868.053437980649,0.38697132283487523
9888.092474384479,0.0
9908.131510788307,0.38697132283487523
9928.170547192136,0.7739426456697505
9948.209583595964,0.0
9968.248619999795,0.38697132283487523
9988.287656403623,0.38697132283487523
10008.326692807452,0.0
10028.36572921128,0.7739426456697505
10048.40476561511,0.0
10068.44380201894,0.38697132283487523
10088.482838422768,0.38697132283487523
10108.521874826596,1.1609139685046257
10128.560911230426,0.38697132283487523
10148.599947634255,0.7739426456697505
10168.638984038083,0.38697132283487523
10188.678020441912,0.7739426456697505
10208.717056845742,0.0
10228.75609324957,0.0
10248.7951296534,0.38697132283487523
10268.834166057228,1.1609139685046257
10288.873202461056,0.38697132283487523
10308.912238864887,0.0
10328.951275268715,0.7739426456697505
10348.990311672544,0.38697132283487523
10369.029348076372,0.7739426456697505
10389.068384480202,0.0
10409.107420884031,0.0
10429.14645728786,0.0
10449.185493691688,0.38697132283487523
10469.224530095518,0.0
10489.263566499347,1.9348566141743762
10509.302602903175,1.547885291339501
10529.341639307004,0.7739426456697505
10549.380675710834,0.38697132283487523
10569.419712114663,1.1609139685046257
10589.458748518491,3.095770582679002
10609.49778492232,3.482741905513877
10629.53682132615,1.9348566141743762
10649.575857729978,5.8045698425231285
10669.614894133807,8.900340425202131
10689.653930537635,10.448225716541632
10709.692966941466,15.47885291339501
10729.732003345294,25.540107307101763
10749.771039749123,30.570734503955144
10769.810076152951,40.245017574827024
10789.849112556782,46.8235300630199
10809.88814896061,58.045698425231286
10829.927185364439,56.884784456726656
10849.966221768267,65.7851248819288
10870.005258172097,50.69324329136865
10890.044294575926,49.919300645698904
10910.083330979754,37.92318963781777
10930.122367383583,24.37919333859714
10950.161403787411,19.34856614174376
10970.200440191242,13.543996299220634
10990.23947659507,8.513369102367255
11010.278512998899,2.7087992598441266
11030.317549402727,1.9348566141743762
11050.356585806558,3.482741905513877
11070.395622210386,0.7739426456697505
11090.434658614215,1.1609139685046257
11110.473695018043,0.7739426456697505
11130.512731421873,1.1609139685046257
11150.551767825702,0.38697132283487523
11170.59080422953,1.547885291339501
11190.629840633359,1.9348566141743762
11210.66887703719,1.1609139685046257
11230.707913441018,0.38697132283487523
11250.746949844846,0.0
11270.785986248675,0.38697132283487523
11290.825022652505,0.38697132283487523
11310.864059056334,1.547885291339501
11330.903095460162,0.38697132283487523
11350.94213186399,1.1609139685046257
11370.981168267821,0.38697132283487523
11391.02020467165,0.38697132283487523
11411.059241075478,0.7739426456697505
11431.098277479306,0.7739426456697505
11451.137313883137,0.0
11471.176350286965,1.1609139685046257
11491.215386690794,0.0
11511.254423094622,1.547885291339501
11531.293459498453,0.38697132283487523
11551.332495902281,0.38697132283487523
11571.37153230611,0.0
11591.410568709938,1.9348566141743762
11611.449605113767,0.7739426456697505
11631.488641517597,1.1609139685046257
11651.527677921425,0.0
11671.566714325254,0.38697132283487523
11691.605750729083,1.547885291339501
11711.644787132913,2.7087992598441266
11731.683823536741,1.547885291339501
11751.72285994057,2.7087992598441266
11771.761896344398,2.3218279370092514
11791.800932748229,1.9348566141743762
11811.839969152057,1.547885291339501
11831.879005555886,0.7739426456697505
11851.918041959714,0.38697132283487523
11871.957078363544,0.0
11891.996114767373,0.38697132283487523
11912.035151171202,1.9348566141743762
11932.07418757503,0.7739426456697505
11952.11322397886,0.7739426456697505
11972.152260382689,0.38697132283487523
11992.191296786517,0.7739426456697505
12012.230333190346,0.38697132283487523
12032.269369594176,0.38697132283487523
12052.308405998005,0.0
12072.347442401833,0.0
12092.386478805662,0.38697132283487523
12112.425515209492,0.7739426456697505
12132.46455161332,0.7739426456697505
12152.503588017149,0.7739426456697505
12172.542624420978,0.0
12192.581660824806,1.547885291339501
12212.620697228636,0.7739426456697505
12232.659733632465,0.0
12252.698770036293,0.38697132283487523
12272.737806440122,0.7739426456697505
12292.776842843952,0.38697132283487523
12312.81587924778,0.0
12332.85491565161,0.38697132283487523
12352.893952055438,0.7739426456697505
12372.932988459268,1.1609139685046257
12392.972024863097,1.1609139685046257
12413.011061266925,0.7739426456697505
12433.050097670754,0.7739426456697505
12453.089134074584,4.2566845511836275
12473.128170478412,0.0
12493.16720688224,4.643655874018503
12513.20624328607,1.547885291339501
12533.2452796899,1.547885291339501
12553.284316093728,3.095770582679002
12573.323352497557,2.7087992598441266
12593.362388901385,1.9348566141743762
12613.401425305216,3.095770582679002
12633.440461709044,6.965483811027754
12653.479498112873,7.739426456697505
12673.518534516701,5.030627196853378
12693.557570920531,6.191541165358004
12713.59660732436,5.417598519688253
12733.635643728188,3.482741905513877
12753.674680132017,5.030627196853378
12773.713716535847,2.7087992598441266
12793.752752939676,9.67428307087188
12813.791789343504,7.352455133862629
12833.830825747333,8.513369102367255
12853.869862151161,9.287311748037006
12873.908898554992,13.930967622055508
12893.94793495882,18.57462349607401
12913.986971362649,31.731648472459767
12934.026007766477,46.8235300630199
12954.065044170307,50.69324329136865
12974.104080574136,56.884784456726656
12994.143116977964,56.11084181105691
13014.182153381793,67.33301017326829
13034.221189785623,67.33301017326829
13054.260226189452,65.39815355909391
13074.29926259328,50.30627196853378
13094.338298997109,43.340788157506026
13114.377335400939,37.14924699214802
13134.416371804768,29.022849212615643
13154.455408208596,20.896451433083264
13174.494444612425,12.770053653550882
13194.533481016255,11.22216836221138
13214.572517420083,13.930967622055508
13234.611553823912,8.513369102367255
13254.65059022774,6.191541165358004
13274.68962663157,5.417598519688253
13294.7286630354,6.965483811027754
13314.767699439228,4.2566845511836275
13334.806735843056,6.578512488192879
13354.845772246887,5.030627196853378
13374.884808650715,3.482741905513877
13394.923845054544,4.2566845511836275
13414.962881458372,5.030627196853378
13435.001917862202,3.095770582679002
13455.04095426603,4.2566845511836275
13475.07999066986,2.7087992598441266
13495.119027073688,1.1609139685046257
13515.158063477516,2.3218279370092514
13535.197099881347,2.3218279370092514
13555.236136285175,1.1609139685046257
13575.275172689004,0.38697132283487523
13595.314209092832,1.547885291339501
13615.353245496663,0.38697132283487523
13635.392281900491,1.547885291339501
13655.43131830432,0.38697132283487523
13675.470354708148,1.9348566141743762
13695.509391111978,0.7739426456697505
13715.548427515807,1.547885291339501
13735.587463919635,0.7739426456697505
13755.626500323464,0.0
13775.665536727294,0.0
13795.704573131123,1.1609139685046257
13815.743609534951,0.7739426456697505
13835.78264593878,0.0
13855.82168234261,0.7739426456697505
13875.860718746439,0.0
13895.899755150267,0.38697132283487523
13915.938791554096,0.7739426456697505
13935.977827957926,1.9348566141743762
13956.016864361754,1.547885291339501
13976.055900765583,2.3218279370092514
13996.094937169411,1.547885291339501
14016.133973573242,3.095770582679002
14036.17300997707,2.3218279370092514
14056.212046380899,3.482741905513877
14076.251082784727,3.482741905513877
14096.290119188556,5.8045698425231285
14116.329155592386,3.8697132283487523
14136.368191996215,5.417598519688253
14156.407228400043,6.578512488192879
14176.446264803872,1.9348566141743762
14196.485301207702,4.643655874018503
14216.52433761153,2.3218279370092514
14236.563374015359,4.2566845511836275
14256.602410419187,2.7087992598441266
14276.641446823018,1.547885291339501
14296.680483226846,1.1609139685046257
14316.719519630675,2.7087992598441266
14336.758556034503,1.1609139685046257
14356.797592438334,0.38697132283487523
14376.836628842162,1.547885291339501
14396.87566524599,0.38697132283487523
14416.91470164982,1.1609139685046257
14436.95373805365,0.7739426456697505
14456.992774457478,0.0
14477.031810861306,1.547885291339501
14497.070847265135,0.38697132283487523
14517.109883668965,0.7739426456697505
14537.148920072794,0.7739426456697505
14557.187956476622,1.1609139685046257
14577.22699288045,1.9348566141743762
14597.266029284281,0.7739426456697505
14617.30506568811,0.7739426456697505
14637.344102091938,0.38697132283487523
14657.383138495767,1.547885291339501
14677.422174899597,0.7739426456697505
14697.461211303425,0.38697132283487523
14717.500247707254,1.9348566141743762
14737.539284111082,1.9348566141743762
14757.578320514911,1.1609139685046257
14777.617356918741,0.7739426456697505
14797.65639332257,1.547885291339501
14817.695429726398,1.1609139685046257
14837.734466130227,0.38697132283487523
14857.773502534057,1.547885291339501
14877.812538937886,1.9348566141743762
14897.851575341714,2.3218279370092514
14917.890611745543,1.9348566141743762
14937.929648149373,3.8697132283487523
14957.968684553201,1.547885291339501
14978.00772095703,0.7739426456697505
14998.046757360858,1.1609139685046257
15018.085793764689,3.8697132283487523
15038.124830168517,1.547885291339501
15058.163866572346,3.095770582679002
15078.202902976174,3.095770582679002
15098.241939380005,4.2566845511836275
15118.280975783833,4.643655874018503
15138.320012187662,6.191541165358004
15158.35904859149,6.965483811027754
15178.39808499532,5.8045698425231285
15198.437121399149,10.835197039376506
15218.476157802977,10.061254393706756
15238.515194206806,11.609139685046257
15258.554230610636,9.287311748037006
15278.593267014465,10.061254393706756
15298.632303418293,6.191541165358004
15318.671339822122,6.578512488192879
15338.710376225952,3.8697132283487523
15358.74941262978,5.417598519688253
15378.78844903361,6.191541165358004
15398.827485437438,3.482741905513877
15418.866521841266,1.9348566141743762
15438.905558245096,2.3218279370092514
15458.944594648925,3.095770582679002
15478.983631052753,1.547885291339501
15499.022667456582,1.9348566141743762
15519.061703860412,4.643655874018503
15539.10074026424,2.3218279370092514
15559.13977666807,5.8045698425231285
15579.178813071898,6.578512488192879
15599.217849475728,8.900340425202131
15619.256885879557,9.287311748037006
15639.295922283385,10.061254393706756
15659.334958687214,13.157024976385758
15679.373995091044,7.739426456697505
15699.413031494872,11.609139685046257
15719.452067898701,13.930967622055508
15739.49110430253,15.47885291339501
15759.53014070636,11.996111007881133
15779.569177110188,13.930967622055508
15799.608213514017,13.930967622055508
15819.647249917845,10.061254393706756
15839.686286321676,10.448225716541632
15859.725322725504,6.965483811027754
15879.764359129333,6.578512488192879
15899.803395533161,4.2566845511836275
15919.842431936991,3.095770582679002
15939.88146834082,2.7087992598441266
15959.920504744648,1.9348566141743762
15979.959541148477,5.030627196853378
15999.998577552307,2.3218279370092514
16020.037613956136,1.1609139685046257
16040.076650359964,2.3218279370092514
16060.115686763793,3.095770582679002
16080.154723167621,1.547885291339501
16100.193759571452,4.2566845511836275
16120.23279597528,5.030627196853378
16140.271832379109,1.9348566141743762
16160.310868782937,3.8697132283487523
16180.349905186768,2.7087992598441266
16200.388941590596,3.482741905513877
16220.427977994425,3.8697132283487523
16240.467014398253,3.8697132283487523
16260.506050802083,2.7087992598441266
16280.545087205912,4.2566845511836275
16300.58412360974,4.2566845511836275
16320.623160013569,1.9348566141743762
16340.6621964174,6.578512488192879
16360.701232821228,3.8697132283487523
16380.740269225056,5.417598519688253
16400.779305628883,5.030627196853378
16420.81834203271,3.095770582679002
16440.85737843654,3.8697132283487523
16460.896414840372,3.8697132283487523
16480.9354512442,2.7087992598441266
16500.97448764803,3.482741905513877
16521.013524051858,3.8697132283487523
16541.052560455686,4.643655874018503
16561.091596859515,3.8697132283487523
16581.130633263343,2.7087992598441266
16601.16966966717,5.030627196853378
16621.208706071004,4.643655874018503
16641.247742474832,3.8697132283487523
16661.28677887866,2.3218279370092514
16681.32581528249,2.3218279370092514
16701.364851686318,3.095770582679002
16721.403888090146,4.643655874018503
16741.442924493975,3.8697132283487523
16761.481960897803,1.9348566141743762
16781.52099730163,3.482741905513877
16801.560033705464,5.030627196853378
16821.599070109292,2.3218279370092514
16841.63810651312,5.030627196853378
16861.67714291695,4.2566845511836275
16881.716179320778,3.8697132283487523
16901.755215724606,5.030627196853378
16921.794252128435,3.482741905513877
16941.833288532263,2.7087992598441266
16961.872324936096,3.482741905513877
16981.911361339924,3.8697132283487523
17001.950397743753,3.095770582679002
17021.98943414758,3.8697132283487523
17042.02847055141,2.3218279370092514
17062.067506955238,3.8697132283487523
17082.106543359067,6.191541165358004
17102.145579762895,4.643655874018503
17122.184616166727,4.2566845511836275
17142.223652570556,6.578512488192879
17162.262688974384,5.8045698425231285
17182.301725378213,5.030627196853378
17202.34076178204,5.8045698425231285
17222.37979818587,10.448225716541632
17242.4188345897,8.900340425202131
17262.457870993527,10.835197039376506
17282.49690739736,13.157024976385758
17302.535943801187,16.252795559064758
17322.574980205016,21.670394078753013
17342.614016608844,19.34856614174376
17362.653053012673,25.540107307101763
17382.6920894165,28.24890656694589
17402.73112582033,30.95770582679002
17422.77016222416,27.474963921276142
17442.809198627987,23.992222015762266
17462.84823503182,35.9883330236434
17482.887271435648,30.95770582679002
17502.926307839476,37.5362183149829
17522.965344243305,26.314049952771516
17543.004380647133,28.24890656694589
17563.04341705096,19.735537464578638
17583.08245345479,17.413709527569385
17603.12148985862,12.770053653550882
17623.16052626245,15.865824236229884
17643.19956266628,11.609139685046257
17663.238599070108,11.22216836221138
17683.277635473936,10.061254393706756
17703.316671877765,10.448225716541632
17723.355708281593,6.965483811027754
17743.39474468542,8.900340425202131
17763.43378108925,7.352455133862629
17783.472817493082,10.448225716541632
17803.51185389691,10.061254393706756
17823.55089030074,7.739426456697505
17843.589926704568,8.900340425202131
17863.628963108396,7.739426456697505
17883.667999512225,7.739426456697505
17903.707035916053,7.352455133862629
17923.746072319882,10.448225716541632
17943.78510872371,11.996111007881133
17963.824145127543,12.383082330716007
17983.86318153137,7.739426456697505
18003.9022179352,11.609139685046257
18023.941254339028,10.835197039376506
18043.980290742857,10.061254393706756
18064.019327146685,10.835197039376506
18084.058363550514,7.739426456697505
18104.097399954342,10.448225716541632
18124.136436358174,10.835197039376506
18144.175472762003,13.543996299220634
18164.21450916583,15.091881590560135
18184.25354556966,12.770053653550882
18204.29258197349,14.704910267725259
18224.331618377317,13.543996299220634
18244.370654781145,16.639766881899636
18264.409691184974,15.47885291339501
18284.448727588806,11.609139685046257
18304.487763992634,14.317938944890383
18324.526800396463,17.413709527569385
18344.56583680029,13.543996299220634
18364.60487320412,16.639766881899636
18384.64390960795,15.865824236229884
18404.682946011777,23.605250692927388
18424.721982415605,17.02673820473451
18444.761018819438,23.218279370092514
18464.800055223266,21.28342275591814
18484.839091627095,22.44433672442276
18504.878128030923,19.735537464578638
18524.91716443475,23.992222015762266
18544.95620083858,20.509480110248386
18564.99523724241,29.796791858285392
18585.034273646237,28.24890656694589
18605.073310050066,24.37919333859714
18625.112346453898,27.861935244111017
18645.151382857726,29.022849212615643
18665.190419261555,30.95770582679002
18685.229455665383,32.11861979529464
18705.26849206921,35.21439037797364
18725.30752847304,40.6319888976619
18745.34656487687,34.82741905513877
18765.385601280697,42.95381683467115
18785.42463768453,42.1798741890014
18805.463674088358,40.245017574827024
18825.502710492186,44.88867344884552
18845.541746896015,44.114730803175775
18865.580783299843,42.95381683467115
18885.619819703672,49.919300645698904
18905.6588561075,53.40204255121278
18925.69789251133,43.7277594803409
18945.73692891516,50.69324329136865
18965.77596531899,41.79290286616653
18985.815001722818,51.85415725987328
19005.854038126647,52.24112858270816
19025.893074530475,48.37141535435941
19045.932110934304,48.37141535435941
19065.971147338132,46.43655874018503
19086.01018374196,42.95381683467115
19106.049220145793,39.0841036063224
19126.08825654962,43.340788157506026
19146.12729295345,42.95381683467115
19166.16632935728,36.76227566931315
19186.205365761107,29.796791858285392
19206.244402164935,47.59747270868965
19226.283438568764,34.440447732303895
19246.322474972592,34.05347640946902
19266.36151137642,24.37919333859714
19286.400547780253,28.635877889780765
19306.43958418408,31.731648472459767
19326.47862058791,34.440447732303895
19346.51765699174,31.731648472459767
19366.556693395567,26.70102127560639
19386.595729799395,22.057365401587887
19406.634766203224,28.24890656694589
19426.673802607052,26.314049952771516
19446.712839010885,20.122508787413512
19466.751875414713,22.44433672442276
19486.79091181854,19.34856614174376
19506.82994822237,21.670394078753013
19526.8689846262,21.670394078753013
19546.908021030027,23.992222015762266
19566.947057433856,21.670394078753013
19586.986093837684,21.670394078753013
19607.025130241516,25.540107307101763
19627.064166645345,25.15313598426689
19647.103203049173,23.218279370092514
19667.142239453002,18.187652173239137
19687.18127585683,16.252795559064758
19707.22031226066,16.252795559064758
19727.259348664487,20.509480110248386
19747.298385068316,20.122508787413512
19767.337421472148,18.961594818908885
19787.376457875976,15.091881590560135
19807.415494279805,17.413709527569385
19827.454530683633,17.413709527569385
19847.493567087462,16.639766881899636
19867.53260349129,18.57462349607401
19887.57163989512,19.34856614174376
19907.610676298948,19.735537464578638
19927.649712702776,21.670394078753013
19947.688749106608,23.992222015762266
19967.727785510437,23.605250692927388
19987.766821914265,25.15313598426689
20007.805858318094,22.83130804725764
20027.844894721922,17.800680850404262
20047.88393112575,22.44433672442276
20067.92296752958,23.218279370092514
20087.962003933408,27.474963921276142
20108.00104033724,29.022849212615643
20128.04007674107,26.70102127560639
20148.079113144897,30.570734503955144
20168.118149548725,29.796791858285392
20188.157185952554,28.635877889780765
20208.196222356382,30.95770582679002
20228.23525876021,35.21439037797364
20248.27429516404,34.82741905513877
20268.31333156787,23.218279370092514
20288.3523679717,25.92707862993664
20308.39140437553,23.992222015762266
20328.430440779357,23.605250692927388
20348.469477183186,23.992222015762266
20368.508513587014,24.766164661432015
20388.547549990843,26.70102127560639
20408.58658639467,17.413709527569385
20428.625622798503,16.252795559064758
20448.66465920233,21.670394078753013
20468.70369560616,19.735537464578638
20488.74273200999,19.735537464578638
20508.781768413817,22.44433672442276
20528.820804817646,19.735537464578638
20548.859841221474,21.28342275591814
20568.898877625303,22.057365401587887
20588.93791402913,20.896451433083264
20608.976950432963,25.92707862993664
20629.015986836792,19.735537464578638
20649.05502324062,20.509480110248386
20669.09405964445,23.992222015762266
20689.133096048277,26.70102127560639
20709.172132452106,23.605250692927388
20729.211168855934,22.83130804725764
20749.250205259763,29.409820535450518
20769.289241663595,27.474963921276142
20789.328278067424,32.8925624409644
20809.367314471252,27.474963921276142
20829.40635087508,29.409820535450518
20849.44538727891,28.24890656694589
20869.484423682738,22.83130804725764
20889.523460086566,34.82741905513877
20909.562496490395,32.8925624409644
20929.601532894227,25.540107307101763
20949.640569298055,31.344677149624893
20969.679605701884,37.92318963781777
20989.718642105712,33.666505086634146
21009.75767850954,35.21439037797364
21029.79671491337,32.8925624409644
21049.835751317198,35.9883330236434
21069.874787721026,32.11861979529464
21089.91382412486,41.79290286616653
21109.952860528687,38.69713228348752
21129.991896932515,36.76227566931315
21150.030933336344,28.635877889780765
21170.069969740172,34.05347640946902
21190.109006144,42.95381683467115
21210.14804254783,39.471074929157275
21230.187078951658,34.05347640946902
21250.226115355486,33.666505086634146
21270.26515175932,31.731648472459767
21290.304188163147,41.79290286616653
21310.343224566976,36.37530434647827
21330.382260970804,41.40593154333165
21350.421297374633,35.9883330236434
21370.46033377846,39.0841036063224
21390.49937018229,35.9883330236434
21410.538406586118,33.666505086634146
21430.57744298995,34.440447732303895
21450.61647939378,38.69713228348752
21470.655515797607,34.440447732303895
21490.694552201436,33.27953376379927
21510.733588605264,30.570734503955144
21530.772625009093,32.505591118129516
21550.81166141292,29.022849212615643
21570.85069781675,30.18376318112027
21590.889734220582,25.92707862993664
21610.92877062441,34.440447732303895
21630.96780702824,28.635877889780765
21651.006843432067,30.18376318112027
21671.045879835896,27.474963921276142
21691.084916239724,29.796791858285392
21711.123952643553,32.505591118129516
21731.16298904738,31.731648472459767
21751.202025451214,24.766164661432015
21771.241061855042,32.505591118129516
21791.28009825887,30.18376318112027
21811.3191346627,28.24890656694589
21831.358171066528,27.861935244111017
21851.397207470356,26.70102127560639
21871.436243874185,25.15313598426689
21891.475280278013,22.057365401587887
21911.51431668184,23.992222015762266
21931.553353085674,25.92707862993664
21951.592389489502,23.218279370092514
21971.63142589333,27.087992598441268
21991.67046229716,29.796791858285392
22011.709498700988,25.15313598426689
22031.748535104816,25.540107307101763
22051.787571508645,22.44433672442276
22071.826607912473,24.766164661432015
22091.865644316305,24.37919333859714
22111.904680720134,32.8925624409644
22131.943717123962,23.605250692927388
22151.98275352779,22.057365401587887
22172.02178993162,23.992222015762266
22192.060826335448,22.83130804725764
22212.099862739276,29.796791858285392
22232.138899143105,27.087992598441268
22252.177935546937,28.24890656694589
22272.216971950766,27.087992598441268
22292.256008354594,27.474963921276142
22312.295044758423,24.766164661432015
22332.33408116225,29.409820535450518
22352.37311756608,24.766164661432015
22372.412153969908,27.474963921276142
22392.451190373737,23.218279370092514
22412.49022677757,24.766164661432015
22432.529263181397,24.37919333859714
22452.568299585226,29.796791858285392
22472.607335989054,29.796791858285392
22492.646372392883,23.218279370092514
22512.68540879671,29.409820535450518
22532.72444520054,28.24890656694589
22552.76348160437,26.70102127560639
22572.802518008197,26.70102127560639
22592.84155441203,29.796791858285392
22612.880590815857,28.635877889780765
22632.919627219686,32.11861979529464
22652.958663623514,27.474963921276142
22672.997700027343,33.27953376379927
22693.03673643117,29.022849212615643
22713.075772835,35.21439037797364
22733.11480923883,31.731648472459767
22753.15384564266,35.21439037797364
22773.19288204649,31.344677149624893
22793.231918450318,30.18376318112027
22813.270954854146,30.18376318112027
22833.309991257975,31.731648472459767
22853.349027661803,27.087992598441268
22873.38806406563,30.18376318112027
22893.42710046946,28.635877889780765
22913.466136873292,32.8925624409644
22933.50517327712,31.344677149624893
22953.54420968095,31.344677149624893
22973.583246084778,28.24890656694589
22993.622282488606,30.95770582679002
23013.661318892435,29.409820535450518
23033.700355296263,30.95770582679002
23053.73939170009,24.37919333859714
23073.778428103924,25.92707862993664
23093.817464507752,24.37919333859714
23113.85650091158,29.409820535450518
23133.89553731541,34.82741905513877
23153.934573719238,27.474963921276142
23173.973610123066,27.861935244111017
23194.012646526895,27.861935244111017
23214.051682930723,25.92707862993664
23234.090719334552,28.24890656694589
23254.129755738384,29.409820535450518
23274.168792142213,27.474963921276142
23294.20782854604,29.409820535450518
23314.24686494987,29.409820535450518
23334.285901353698,29.022849212615643
23354.324937757527,30.570734503955144
23374.363974161355,24.766164661432015
23394.403010565184,24.37919333859714
23414.442046969016,22.44433672442276
23434.481083372844,27.861935244111017
23454.520119776673,33.27953376379927
23474.5591561805,34.05347640946902
23494.59819258433,27.474963921276142
23514.63722898816,30.570734503955144
23534.676265391987,30.95770582679002
23554.715301795815,25.92707862993664
23574.754338199647,32.505591118129516
23594.793374603476,28.635877889780765
23614.832411007304,30.95770582679002
23634.871447411133,27.861935244111017
23654.91048381496,35.21439037797364
23674.94952021879,37.5362183149829
23694.98855662262,26.70102127560639
23715.027593026447,21.28342275591814
23735.066629430275,28.635877889780765
23755.105665834108,27.861935244111017
23775.144702237936,30.18376318112027
23795.183738641765,36.76227566931315
23815.222775045593,34.440447732303895
23835.26181144942,26.70102127560639
23855.30084785325,33.666505086634146
23875.33988425708,34.82741905513877
23895.378920660907,34.05347640946902
23915.41795706474,29.796791858285392
23935.456993468568,29.022849212615643
23955.496029872396,31.731648472459767
23975.535066276225,28.635877889780765
23995.574102680053,32.11861979529464
24015.613139083882,29.409820535450518
24035.65217548771,28.24890656694589
24055.69121189154,36.76227566931315
24075.73024829537,32.505591118129516
24095.7692846992,34.82741905513877
24115.808321103028,33.27953376379927
24135.847357506856,29.409820535450518
24155.886393910685,27.861935244111017
24175.925430314514,34.82741905513877
24195.964466718342,35.9883330236434
24216.00350312217,31.731648472459767
24236.042539526003,27.861935244111017
24256.08157592983,29.022849212615643
24276.12061233366,32.505591118129516
24296.159648737488,29.409820535450518
24316.198685141317,31.344677149624893
24336.237721545145,31.731648472459767
24356.276757948974,31.731648472459767
24376.315794352802,34.05347640946902
24396.35483075663,25.540107307101763
24416.393867160463,29.796791858285392
24436.43290356429,35.9883330236434
24456.47193996812,28.635877889780765
24476.51097637195,29.022849212615643
24496.550012775777,38.69713228348752
24516.589049179605,32.8925624409644
24536.628085583434,31.344677149624893
24556.667121987262,34.440447732303895
24576.706158391095,26.314049952771516
24596.745194794923,35.21439037797364
24616.78423119875,33.666505086634146
24636.82326760258,30.570734503955144
24656.86230400641,29.022849212615643
24676.901340410237,30.95770582679002
24696.940376814066,35.601361700808525
24716.979413217894,36.37530434647827
24737.018449621726,37.5362183149829
24757.057486025555,28.24890656694589
24777.096522429383,29.796791858285392
24797.13555883321,34.05347640946902
24817.17459523704,35.9883330236434
24837.21363164087,35.9883330236434
24857.252668044697,34.440447732303895
24877.291704448526,31.731648472459767
24897.330740852358,35.9883330236434
24917.369777256186,35.21439037797364
24937.408813660015,35.9883330236434
24957.447850063843,36.76227566931315
24977.486886467672,30.18376318112027
24997.5259228715,40.6319888976619
25017.56495927533,35.21439037797364
25037.603995679157,42.95381683467115
25057.643032082986,33.666505086634146
25077.682068486818,39.85804625199215
25097.721104890647,30.570734503955144
25117.760141294475,34.440447732303895
25137.799177698304,46.8235300630199
25157.838214102132,35.601361700808525
25177.87725050596,38.69713228348752
25197.91628690979,33.666505086634146
25217.955323313618,41.79290286616653
25237.99435971745,32.8925624409644
25258.03339612128,39.85804625199215
25278.072432525107,41.79290286616653
25298.111468928935,42.1798741890014
25318.150505332764,42.95381683467115
25338.189541736592,45.275644771680405
25358.22857814042,38.310160960652645
25378.26761454425,38.69713228348752
25398.30665094808,35.9883330236434
25418.34568735191,30.95770582679002
25438.38472375574,39.0841036063224
25458.423760159567,35.21439037797364
25478.462796563395,38.69713228348752
25498.501832967224,35.601361700808525
25518.540869371052,39.0841036063224
25538.57990577488,32.505591118129516
25558.618942178713,30.95770582679002
25578.65797858254,34.82741905513877
25598.69701498637,32.11861979529464
25618.7360513902,33.27953376379927
25638.775087794027,38.310160960652645
25658.814124197856,35.21439037797364
25678.853160601684,27.474963921276142
25698.892197005513,32.11861979529464
25718.93123340934,35.9883330236434
25738.970269813173,35.9883330236434
25759.009306217,29.022849212615643
25779.04834262083,34.82741905513877
25799.08737902466,28.635877889780765
25819.126415428487,41.01896022049677
25839.165451832316,35.601361700808525
25859.204488236144,34.05347640946902
25879.243524639973,37.5362183149829
25899.282561043805,35.601361700808525
25919.321597447633,40.6319888976619
25939.360633851462,30.95770582679002
25959.39967025529,35.9883330236434
25979.43870665912,35.9883330236434
25999.477743062947,27.087992598441268
26019.516779466776,35.9883330236434
26039.555815870604,34.440447732303895
26059.594852274437,42.56684551183628
26079.633888678265,37.92318963781777
26099.672925082094,37.14924699214802
26119.711961485922,35.21439037797364
26139.75099788975,37.5362183149829
26159.79003429358,29.409820535450518
26179.829070697408,38.310160960652645
26199.868107101236,30.95770582679002
26219.90714350507,32.8925624409644
26239.946179908897,35.601361700808525
26259.985216312725,33.27953376379927
26280.024252716554,29.022849212615643
26300.063289120382,32.8925624409644
26320.10232552421,37.5362183149829
26340.14136192804,37.92318963781777
26360.180398331868,32.8925624409644
26380.219434735696,41.79290286616653
26400.25847113953,38.69713228348752
26420.297507543357,30.95770582679002
26440.336543947185,33.666505086634146
26460.375580351014,32.505591118129516
26480.414616754842,31.731648472459767
26500.45365315867,29.796791858285392
26520.4926895625,30.95770582679002
26540.531725966328,28.24890656694589
26560.57076237016,33.666505086634146
26580.60979877399,30.95770582679002
26600.648835177817,37.5362183149829
26620.687871581646,32.8925624409644
26640.726907985474,34.05347640946902
26660.765944389303,34.440447732303895
26680.80498079313,38.310160960652645
26700.84401719696,32.11861979529464
26720.88305360079,34.05347640946902
26740.92209000462,33.27953376379927
26760.96112640845,35.9883330236434
26781.000162812277,34.440447732303895
26801.039199216106,35.9883330236434
26821.078235619934,33.666505086634146
26841.117272023763,40.6319888976619
26861.15630842759,37.92318963781777
26881.195344831423,32.11861979529464
26901.234381235252,32.505591118129516
26921.27341763908,40.6319888976619
26941.31245404291,36.76227566931315
26961.351490446737,38.310160960652645
26981.390526850566,38.310160960652645
27001.429563254394,34.82741905513877
27021.468599658223,35.21439037797364
27041.50763606205,30.570734503955144
27061.546672465884,42.95381683467115
27081.585708869712,40.245017574827024
27101.62474527354,41.01896022049677
27121.66378167737,37.5362183149829
27141.702818081198,36.76227566931315
27161.741854485026,32.8925624409644
27181.780890888855,35.21439037797364
27201.819927292683,33.666505086634146
27221.858963696515,41.40593154333165
27241.898000100344,35.601361700808525
27261.937036504172,32.505591118129516
27281.976072908,33.27953376379927
27302.01510931183,38.310160960652645
27322.054145715658,33.27953376379927
27342.093182119486,43.7277594803409
27362.132218523315,42.1798741890014
27382.171254927147,24.37919333859714
27402.210291330975,37.5362183149829
27422.249327734804,37.14924699214802
27442.288364138632,35.21439037797364
27462.32740054246,32.505591118129516
27482.36643694629,33.27953376379927
27502.405473350118,34.82741905513877
27522.444509753946,35.601361700808525
27542.48354615778,39.85804625199215
27562.522582561607,33.666505086634146
27582.561618965436,30.18376318112027
27602.600655369264,32.505591118129516
27622.639691773093,29.796791858285392
27642.67872817692,40.245017574827024
27662.71776458075,34.05347640946902
27682.756800984578,28.635877889780765
27702.795837388407,45.275644771680405
27722.83487379224,37.92318963781777
27742.873910196067,43.7277594803409
27762.912946599896,37.92318963781777
27782.951983003724,35.9883330236434
27802.991019407553,35.9883330236434
27823.03005581138,32.8925624409644
27843.06909221521,34.82741905513877
27863.10812861904,30.18376318112027
27883.14716502287,40.245017574827024
27903.1862014267,34.82741905513877
27923.225237830527,29.022849212615643
27943.264274234356,33.666505086634146
27963.303310638184,37.5362183149829
27983.342347042013,37.14924699214802
28003.38138344584,28.635877889780765
28023.42041984967,32.505591118129516
28043.459456253502,33.666505086634146
28063.49849265733,34.440447732303895
28083.53752906116,34.05347640946902
28103.576565464988,35.21439037797364
28123.615601868816,30.95770582679002
28143.654638272645,34.05347640946902
28163.693674676473,30.570734503955144
28183.7327110803,34.05347640946902
28203.77174748413,34.440447732303895
28223.810783887962,33.27953376379927
28243.84982029179,33.666505086634146
28263.88885669562,32.505591118129516
28283.927893099448,32.505591118129516
28303.966929503276,32.8925624409644
28324.005965907105,32.8925624409644
28344.045002310933,37.5362183149829
28364.084038714762,42.56684551183628
28384.123075118594,32.8925624409644
28404.162111522422,39.471074929157275
28424.20114792625,41.40593154333165
28444.24018433008,32.505591118129516
28464.279220733908,30.570734503955144
28484.318257137737,43.340788157506026
28504.357293541565,37.5362183149829
28524.396329945394,37.14924699214802
28544.435366349226,36.76227566931315
28564.474402753054,30.95770582679002
28584.513439156883,31.731648472459767
28604.55247556071,39.85804625199215
28624.59151196454,41.40593154333165
28644.63054836837,30.570734503955144
28664.669584772197,32.11861979529464
28684.708621176025,36.76227566931315
28704.747657579857,31.344677149624893
28724.786693983686,36.76227566931315
28744.825730387514,30.18376318112027
28764.864766791343,28.635877889780765
28784.90380319517,37.14924699214802
28804.942839599,28.635877889780765
28824.98187600283,36.76227566931315
28845.020912406657,32.505591118129516
28865.059948810485,33.27953376379927
28885.098985214318,37.92318963781777
28905.138021618146,32.11861979529464
28925.177058021975,33.666505086634146
28945.216094425803,29.022849212615643
28965.25513082963,30.95770582679002
28985.29416723346,38.310160960652645
29005.33320363729,33.666505086634146
29025.372240041117,37.14924699214802
29045.41127644495,33.666505086634146
29065.450312848778,27.474963921276142
29085.489349252606,32.8925624409644
29105.528385656435,35.601361700808525
29125.567422060263,33.27953376379927
29145.60645846409,37.5362183149829
29165.64549486792,39.0841036063224
29185.68453127175,39.471074929157275
29205.72356767558,32.8925624409644
29225.76260407941,37.14924699214802
29245.801640483238,30.18376318112027
29265.840676887066,32.11861979529464
29285.879713290895,32.8925624409644
29305.918749694723,33.27953376379927
29325.957786098552,28.24890656694589
29345.99682250238,33.666505086634146
29366.035858906213,33.27953376379927
29386.07489531004,32.8925624409644
29406.11393171387,23.992222015762266
29426.152968117698,29.796791858285392
29446.192004521527,30.570734503955144
29466.231040925355,28.635877889780765
29486.270077329184,39.0841036063224
29506.309113733012,35.601361700808525
29526.34815013684,26.70102127560639
29546.387186540673,32.11861979529464
29566.4262229445,29.409820535450518
29586.46525934833,32.505591118129516
29606.50429575216,29.409820535450518
29626.543332155987,29.409820535450518
29646.582368559815,34.82741905513877
29666.621404963644,30.18376318112027
29686.660441367472,27.861935244111017
29706.699477771304,34.05347640946902
29726.738514175133,33.666505086634146
29746.77755057896,34.05347640946902
29766.81658698279,25.540107307101763
29786.85562338662,29.796791858285392
29806.894659790447,30.18376318112027
29826.933696194275,39.471074929157275
29846.972732598104,27.861935244111017
29867.011769001936,25.540107307101763
29887.050805405765,35.601361700808525
29907.089841809593,31.731648472459767
29927.12887821342,32.505591118129516
29947.16791461725,27.474963921276142
29967.20695102108,25.92707862993664
29987.245987424907,31.344677149624893
30007.285023828736,34.440447732303895
30027.324060232568,28.635877889780765
30047.363096636396,26.314049952771516
30067.402133040225,29.409820535450518
30087.441169444053,23.992222015762266
30107.48020584788,30.95770582679002
30127.51924225171,28.635877889780765
30147.55827865554,34.440447732303895
30167.597315059367,30.18376318112027
30187.636351463196,27.474963921276142
30207.675387867028,28.635877889780765
30227.714424270856,26.70102127560639
30247.753460674685,26.70102127560639
30267.792497078513,36.37530434647827
30287.831533482342,35.9883330236434
30307.87056988617,29.796791858285392
30327.90960629,35.21439037797364
30347.948642693827,31.731648472459767
30367.98767909766,29.409820535450518
30388.026715501488,32.8925624409644
30408.065751905317,28.635877889780765
30428.104788309145,30.570734503955144
30448.143824712974,30.570734503955144
30468.182861116802,26.70102127560639
30488.22189752063,25.92707862993664
30508.26093392446,25.92707862993664
30528.29997032829,31.731648472459767
30548.33900673212,26.314049952771516
30568.37804313595,25.15313598426689
30588.417079539777,29.796791858285392
30608.456115943605,25.92707862993664
30628.495152347434,27.087992598441268
30648.534188751262,29.409820535450518
30668.57322515509,31.731648472459767
30688.612261558923,26.314049952771516
30708.65129796275,28.24890656694589
30728.69033436658,34.05347640946902
30748.72937077041,29.796791858285392
30768.768407174237,25.540107307101763
30788.807443578065,28.635877889780765
30808.846479981894,33.666505086634146
30828.885516385722,31.344677149624893
30848.92455278955,33.27953376379927
30868.963589193383,27.861935244111017
30889.00262559721,28.635877889780765
30909.04166200104,29.409820535450518
30929.08069840487,27.087992598441268
30949.119734808697,27.474963921276142
30969.158771212526,24.37919333859714
30989.197807616354,22.057365401587887
31009.236844020183,27.474963921276142
31029.275880424015,30.570734503955144
31049.314916827843,29.796791858285392
31069.35395323167,27.474963921276142
31089.3929896355,29.409820535450518
31109.43202603933,25.15313598426689
31129.471062443157,28.635877889780765
31149.510098846986,22.44433672442276
31169.549135250814,22.44433672442276
31189.588171654646,28.635877889780765
31209.627208058475,30.570734503955144
31229.666244462303,21.670394078753013
31249.705280866132,23.218279370092514
31269.74431726996,23.992222015762266
31289.78335367379,21.670394078753013
31309.822390077617,24.37919333859714
31329.861426481446,20.122508787413512
31349.900462885278,27.087992598441268
31369.939499289107,27.087992598441268
31389.978535692935,25.15313598426689
31410.017572096764,30.95770582679002
31430.056608500592,23.605250692927388
31450.09564490442,26.70102127560639
31470.13468130825,25.540107307101763
31490.173717712078,27.474963921276142
31510.212754115906,23.605250692927388
31530.25179051974,24.37919333859714
31550.290826923567,28.24890656694589
31570.329863327395,27.087992598441268
31590.368899731224,22.057365401587887
31610.407936135052,27.861935244111017
31630.44697253888,25.540107307101763
31650.48600894271,22.057365401587887
31670.525045346538,25.15313598426689
31690.56408175037,22.83130804725764
31710.6031181542,22.83130804725764
31730.642154558027,30.18376318112027
31750.681190961855,19.34856614174376
31770.720227365684,29.409820535450518
31790.759263769512,27.087992598441268
31810.79830017334,22.057365401587887
31830.83733657717,25.540107307101763
31850.876372981,25.92707862993664
31870.91540938483,22.44433672442276
31890.95444578866,24.37919333859714
31910.993482192487,23.992222015762266
31931.032518596316,25.15313598426689
31951.071555000144,22.057365401587887
31971.110591403973,25.92707862993664
31991.1496278078,22.057365401587887
32011.188664211633,20.122508787413512
32031.22770061546,23.992222015762266
32051.26673701929,25.15313598426689
32071.30577342312,21.670394078753013
32091.344809826947,22.057365401587887
32111.383846230776,18.57462349607401
32131.422882634604,24.37919333859714
32151.461919038433,24.766164661432015
32171.50095544226,21.670394078753013
32191.539991846093,27.087992598441268
32211.579028249922,19.735537464578638
32231.61806465375,21.28342275591814
32251.65710105758,15.091881590560135
32271.696137461407,25.15313598426689
32291.735173865236,20.122508787413512
32311.774210269064,23.218279370092514
32331.813246672893,16.252795559064758
32351.852283076725,22.057365401587887
32371.891319480554,25.15313598426689
32391.930355884382,23.218279370092514
32411.96939228821,23.218279370092514
32432.00842869204,22.83130804725764
32452.047465095868,21.28342275591814
32472.086501499696,18.961594818908885
32492.125537903525,24.766164661432015
32512.164574307357,13.543996299220634
32532.203610711185,23.218279370092514
32552.242647115014,17.02673820473451
32572.281683518842,18.187652173239137
32592.32071992267,19.735537464578638
32612.3597563265,19.735537464578638
32632.398792730328,20.509480110248386
32652.437829134156,25.15313598426689
32672.47686553799,17.02673820473451
32692.515901941817,21.28342275591814
32712.554938345645,17.02673820473451
32732.593974749474,20.509480110248386
32752.633011153303,18.187652173239137
32772.672047557135,21.670394078753013
32792.71108396097,18.961594818908885
32812.75012036479,16.252795559064758
32832.789156768624,16.639766881899636
32852.82819317245,18.961594818908885
32872.86722957628,15.091881590560135
32892.906265980106,18.57462349607401
32912.94530238394,20.122508787413512
32932.98433878777,16.639766881899636
32953.023375191595,18.57462349607401
32973.06241159543,21.670394078753013
32993.10144799925,17.800680850404262
33013.140484403084,18.961594818908885
33033.17952080691,14.704910267725259
33053.21855721074,18.961594818908885
33073.257593614566,15.865824236229884
33093.2966300184,19.735537464578638
33113.33566642223,18.187652173239137
33133.374702826055,13.543996299220634
33153.41373922989,17.413709527569385
33173.45277563371,16.252795559064758
33193.491812037544,18.961594818908885
33213.53084844137,18.187652173239137
33233.5698848452,16.639766881899636
33253.60892124903,15.865824236229884
33273.64795765286,17.413709527569385
33293.68699405669,17.413709527569385
33313.726030460515,15.47885291339501
33333.76506686435,15.47885291339501
33353.80410326817,10.448225716541632
33373.843139672004,18.187652173239137
33393.88217607583,17.800680850404262
33413.92121247966,15.865824236229884
33433.96024888349,13.157024976385758
33453.99928528732,18.187652173239137
33474.03832169115,13.930967622055508
33494.077358094975,16.639766881899636
33514.11639449881,16.252795559064758
33534.15543090263,12.383082330716007
33554.194467306465,15.091881590560135
33574.23350371029,15.091881590560135
33594.27254011412,12.770053653550882
33614.311576517954,16.252795559064758
33634.35061292178,12.770053653550882
33654.38964932561,14.317938944890383
33674.428685729436,11.996111007881133
33694.46772213327,14.317938944890383
33714.50675853709,15.47885291339501
33734.545794940925,17.02673820473451
33754.58483134476,14.317938944890383
33774.62386774858,11.996111007881133
33794.662904152414,13.157024976385758
33814.70194055624,8.513369102367255
33834.74097696007,14.704910267725259
33854.780013363896,12.770053653550882
33874.81904976773,13.930967622055508
33894.85808617155,12.383082330716007
33914.897122575385,13.930967622055508
33934.93615897922,12.383082330716007
33954.97519538304,11.609139685046257
33975.014231786874,13.157024976385758
33995.0532681907,13.930967622055508
34015.09230459453,9.287311748037006
34035.131340998356,17.800680850404262
34055.17037740219,13.543996299220634
34075.20941380601,6.965483811027754
34095.248450209845,11.22216836221138
34115.28748661368,10.061254393706756
34135.3265230175,8.126397779532379
34155.365559421334,9.67428307087188
34175.40459582516,7.352455133862629
34195.44363222899,6.578512488192879
34215.482668632816,8.126397779532379
34235.52170503665,10.061254393706756
34255.56074144048,11.609139685046257
34275.599777844305,7.739426456697505
34295.63881424814,6.965483811027754
34315.67785065196,8.900340425202131
34335.716887055794,8.900340425202131
34355.75592345962,5.8045698425231285
34375.79495986345,6.191541165358004
34395.833996267276,6.578512488192879
34415.87303267111,12.770053653550882
34435.91206907494,11.609139685046257
34455.951105478765,9.67428307087188
34475.9901418826,6.965483811027754
34496.02917828642,5.417598519688253
34516.068214690255,9.287311748037006
34536.10725109408,10.061254393706756
34556.14628749791,7.352455133862629
34576.185323901744,4.2566845511836275
34596.22436030557,9.287311748037006
34616.2633967094,6.578512488192879
34636.302433113226,4.643655874018503
34656.34146951706,5.417598519688253
34676.38050592088,8.126397779532379
34696.419542324715,6.578512488192879
34716.45857872854,6.578512488192879
34736.49761513237,6.191541165358004
34756.536651536204,6.191541165358004
34776.57568794003,5.417598519688253
34796.61472434386,6.578512488192879
34816.653760747686,9.287311748037006
34836.69279715152,5.030627196853378
34856.73183355534,6.578512488192879
34876.770869959175,7.352455133862629
34896.809906363,5.030627196853378
34916.84894276683,6.578512488192879
34936.887979170664,3.095770582679002
34956.92701557449,4.643655874018503
34976.96605197832,6.578512488192879
34997.005088382146,5.030627196853378
35017.04412478598,1.1609139685046257
35037.0831611898,3.8697132283487523
35057.122197593635,4.643655874018503
35077.16123399747,5.030627196853378
35097.20027040129,4.643655874018503
35117.239306805124,7.352455133862629
35137.27834320895,3.8697132283487523
35157.31737961278,3.095770582679002
35177.356416016606,3.482741905513877
35197.39545242044,2.7087992598441266
35217.43448882426,3.482741905513877
35237.473525228095,4.643655874018503
35257.51256163193,2.7087992598441266
35277.55159803575,1.547885291339501
35297.590634439584,2.7087992598441266
35317.62967084341,1.9348566141743762
35337.66870724724,2.7087992598441266
35357.707743651066,2.7087992598441266
35377.7467800549,3.482741905513877
35397.78581645872,1.547885291339501
35417.824852862555,2.3218279370092514
35437.86388926639,2.3218279370092514
35457.90292567021,3.482741905513877
35477.941962074045,5.030627196853378
35497.98099847787,3.095770582679002
35518.0200348817,2.3218279370092514
35538.05907128553,3.482741905513877
35558.09810768936,2.3218279370092514
35578.13714409319,1.9348566141743762
35598.176180497016,1.9348566141743762
35618.21521690085,1.1609139685046257
35638.25425330467,1.9348566141743762
35658.293289708505,2.7087992598441266
35678.33232611233,3.8697132283487523
35698.37136251616,0.7739426456697505
35718.41039891999,1.1609139685046257
35738.44943532382,1.547885291339501
35758.48847172765,0.7739426456697505
35778.527508131476,1.547885291339501
35798.56654453531,2.3218279370092514
35818.60558093913,1.9348566141743762
35838.644617342965,4.2566845511836275
35858.68365374679,2.3218279370092514
35878.72269015062,1.9348566141743762
35898.76172655445,1.1609139685046257
35918.80076295828,0.7739426456697505
35938.83979936211,1.9348566141743762
35958.878835765936,1.1609139685046257
35978.91787216977,2.7087992598441266
35998.95690857359,1.1609139685046257
36018.995944977425,2.7087992598441266
36039.03498138125,1.547885291339501
36059.07401778508,2.3218279370092514
36079.113054188914,1.547885291339501
36099.15209059274,2.3218279370092514
36119.19112699657,1.9348566141743762
36139.230163400396,1.1609139685046257
36159.26919980423,0.7739426456697505
36179.30823620805,0.7739426456697505
36199.347272611885,0.7739426456697505
36219.38630901571,1.547885291339501
36239.42534541954,1.9348566141743762
36259.464381823374,0.38697132283487523
36279.5034182272,0.7739426456697505
36299.54245463103,1.547885291339501
36319.581491034856,0.38697132283487523
36339.62052743869,2.7087992598441266
36359.65956384251,2.3218279370092514
36379.698600246345,0.7739426456697505
36399.73763665018,0.38697132283487523
36419.776673054,0.38697132283487523
36439.815709457835,0.7739426456697505
36459.85474586166,1.1609139685046257
36479.89378226549,1.9348566141743762
36499.93281866932,0.38697132283487523
36519.97185507315,1.1609139685046257
36540.01089147697,0.7739426456697505
36560.049927880806,0.7739426456697505
36580.08896428464,1.9348566141743762
36600.12800068846,0.38697132283487523
36620.167037092295,0.0
36640.20607349612,1.1609139685046257
36660.24510989995,1.1609139685046257
36680.28414630378,1.1609139685046257
36700.32318270761,0.0
36720.362219111434,0.7739426456697505
36740.401255515266,0.0
36760.4402919191,0.0
36780.47932832292,2.3218279370092514
36800.518364726755,0.7739426456697505
36820.55740113058,1.547885291339501
36840.59643753441,0.0
36860.63547393824,0.38697132283487523
36880.67451034207,0.7739426456697505
36900.7135467459,2.3218279370092514
36920.752583149726,0.38697132283487523
36940.79161955356,0.38697132283487523
36960.83065595738,0.7739426456697505
36980.869692361215,1.1609139685046257
37000.90872876504,0.38697132283487523
37020.94776516887,0.0
37040.9868015727,1.1609139685046257
37061.02583797653,1.547885291339501
37081.06487438036,0.0
37101.103910784186,0.7739426456697505
37121.14294718802,0.0
37141.18198359184,1.1609139685046257
37161.221019995675,0.7739426456697505
37181.2600563995,0.7739426456697505
37201.29909280333,0.0
37221.33812920716,0.38697132283487523
37241.37716561099,0.7739426456697505
37261.41620201482,0.7739426456697505
37281.455238418646,0.38697132283487523
37301.49427482248,1.547885291339501
37321.5333112263,1.1609139685046257
37341.572347630135,0.38697132283487523
37361.61138403396,0.7739426456697505
37381.65042043779,0.0
37401.689456841625,0.38697132283487523
37421.72849324545,0.38697132283487523
37441.76752964928,0.38697132283487523
37461.80656605311,0.0
37481.84560245694,0.7739426456697505
37501.88463886076,0.7739426456697505
37521.923675264596,0.38697132283487523
37541.96271166842,0.38697132283487523
37562.00174807225,0.38697132283487523
37582.040784476085,0.38697132283487523
37602.07982087991,0.38697132283487523
37622.11885728374,0.0
37642.15789368757,0.0
37662.1969300914,0.7739426456697505
37682.235966495224,0.0
37702.275002899056,0.7739426456697505
37722.31403930289,0.38697132283487523
37742.35307570671,0.7739426456697505
37762.392112110545,0.7739426456697505
37782.43114851437,0.0
37802.4701849182,0.7739426456697505
37822.50922132203,1.1609139685046257
37842.54825772586,0.38697132283487523
37862.587294129684,1.1609139685046257
37882.626330533516,0.38697132283487523
37902.66536693735,0.38697132283487523
37922.70440334117,0.38697132283487523
37942.743439745005,1.1609139685046257
37962.78247614883,0.38697132283487523
37982.82151255266,0.0
38002.86054895649,0.0
38022.89958536032,0.0
38042.938621764144,0.7739426456697505
38062.977658167976,0.0
38083.01669457181,0.0
38103.05573097563,0.0
38123.094767379465,0.0
38143.13380378329,0.0
38163.17284018712,0.0
38183.21187659095,0.0
38203.25091299478,0.38697132283487523
38223.28994939861,0.7739426456697505
38243.32898580244,0.7739426456697505
38263.36802220627,0.38697132283487523
38283.40705861009,0.0
38303.446095013926,0.0
38323.48513141775,0.38697132283487523
38343.52416782158,0.38697132283487523
38363.56320422541,0.38697132283487523
38383.60224062924,0.0
38403.64127703307,0.7739426456697505
38423.6803134369,0.0
38443.71934984073,0.38697132283487523
38463.75838624455,0.0
38483.797422648386,0.7739426456697505
38503.83645905221,0.0
38523.87549545604,0.0
38543.91453185987,0.0
38563.9535682637,0.38697132283487523
38583.99260466753,0.0
38604.03164107136,0.0
38624.07067747519,0.38697132283487523
38644.109713879014,0.38697132283487523
38664.148750282846,0.0
38684.18778668667,1.547885291339501
38704.2268230905,0.38697132283487523
38724.265859494335,0.0
38744.30489589816,0.7739426456697505
38764.34393230199,0.0
38784.38296870582,0.38697132283487523
38804.42200510965,0.0
38824.461041513474,0.0
38844.500077917306,0.0
38864.53911432113,0.38697132283487523
38884.57815072496,0.0
38904.617187128795,0.0
38924.65622353262,0.38697132283487523
38944.69525993645,0.0
38964.73429634028,0.38697132283487523
38984.77333274411,0.0
39004.812369147934,0.0
39024.851405551766,0.38697132283487523
39044.8904419556,0.38697132283487523
39064.92947835942,0.38697132283487523
39084.968514763255,0.0
39105.00755116708,0.0
39125.04658757091,0.0
39145.08562397474,0.38697132283487523
39165.12466037857,0.0
39185.163696782394,0.7739426456697505
39205.20273318623,0.0
39225.24176959006,0.38697132283487523
39245.28080599388,0.0
39265.319842397716,0.0
39285.35887880154,0.0
39305.39791520537,0.0
39325.4369516092,0.0
39345.47598801303,0.38697132283487523
39365.515024416854,0.38697132283487523
39385.55406082069,0.0
39405.59309722452,0.0
39425.63213362834,0.0
39445.671170032176,0.0
39465.710206436,0.0
39485.74924283983,0.0
39505.78827924366,0.0
39525.82731564749,0.7739426456697505
39545.86635205132,0.0
39565.90538845515,0.0
39585.94442485898,0.0
39605.983461262804,0.0
39626.022497666636,0.0
39646.06153407046,0.0
39666.10057047429,0.0
39686.13960687812,0.38697132283487523
39706.17864328195,0.0
39726.21767968578,0.0
39746.25671608961,0.0
39766.29575249344,0.0
39786.334788897264,0.0
39806.373825301096,0.0
39826.41286170492,0.0
39846.45189810875,0.0
39866.49093451258,0.0
39886.52997091641,0.0
39906.56900732024,0.0
39926.60804372407,0.0
39946.6470801279,0.0
39966.686116531724,0.0
39986.725152935556,0.0
40006.76418933938,0.0
40026.80322574321,0.38697132283487523
40046.842262147045,0.0
40066.88129855087,0.0
40086.9203349547,0.0
40106.95937135853,0.0
40126.99840776236,0.0
40147.037444166184,0.0
40167.07648057002,0.0
40187.11551697384,0.0
40207.15455337767,0.0
40227.193589781506,0.0
40247.23262618533,0.0
40267.27166258916,0.0
40287.31069899299,0.0
40307.34973539682,0.0
40327.388771800644,0.0
40347.42780820448,0.0
40367.46684460831,0.0
40387.50588101213,0.0
40407.544917415966,0.0
40427.58395381979,0.0
40447.62299022362,0.0
40467.66202662745,0.0
40487.70106303128,0.0
40507.740099435105,0.0
40527.77913583894,0.0
40547.81817224277,0.0
40567.857208646594,0.38697132283487523
40587.896245050426,0.0
40607.93528145425,0.0
40627.97431785808,0.0
40648.01335426191,0.0
40668.05239066574,0.0
40688.091427069565,0.38697132283487523
40708.1304634734,0.0
40728.16949987723,0.0
40748.208536281054,0.0
40768.247572684886,0.0
40788.28660908871,0.0
40808.32564549254,0.0
40828.36468189637,0.0
40848.4037183002,0.0
40868.44275470403,0.0
40888.48179110786,0.0
40908.52082751169,0.0
40928.559863915514,0.0
40948.598900319346,0.0
40968.63793672317,0.0
40988.676973127,0.0
41008.71600953083,0.0
