Energy (keV),Intensity (CPS)
-11.191509107020748,0.0
8.847527296808197,0.0
28.88656370063714,0.0
48.925600104466085,0.0
68.96463650829503,0.0
89.00367291212397,0.0
109.04270931595292,0.0
129.08174571978185,0.0
149.1207821236108,0.0
169.15981852743977,0.0
189.1988549312687,0.0
209.23789133509763,0.0
229.2769277389266,0.0
249.31596414275555,0.0
269.35500054658445,0.0
289.3940369504134,0.0
309.43307335424237,0.0
329.4721097580713,0.0
349.5111461619003,0.0
369.5501825657292,0.0
389.58921896955815,0.36518784435766904
409.6282553733871,0.7303756887153381
429.667291777216,0.0
449.70632818104497,0.36518784435766904
469.7453645848739,0.36518784435766904
489.7844009887029,0.7303756887153381
509.82343739253184,0.36518784435766904
529.8624737963609,0.7303756887153381
549.9015102001897,2.1911270661460143
569.9405466040187,1.0955635330730071
589.9795830078476,1.0955635330730071
610.0186194116766,1.0955635330730071
630.0576558155055,0.7303756887153381
650.0966922193345,0.36518784435766904
670.1357286231635,0.7303756887153381
690.1747650269924,0.7303756887153381
710.2138014308214,0.7303756887153381
730.2528378346502,1.4607513774306762
750.2918742384792,0.36518784435766904
770.3309106423081,1.0955635330730071
790.3699470461371,0.7303756887153381
810.4089834499661,1.0955635330730071
830.448019853795,0.7303756887153381
850.487056257624,1.8259392217883452
870.5260926614528,0.7303756887153381
890.5651290652818,1.0955635330730071
910.6041654691107,0.7303756887153381
930.6432018729397,0.7303756887153381
950.6822382767687,0.7303756887153381
970.7212746805976,1.0955635330730071
990.7603110844266,0.36518784435766904
1010.7993474882555,0.0
1030.8383838920845,0.7303756887153381
1050.8774202959135,1.0955635330730071
1070.9164566997424,0.36518784435766904
1090.9554931035714,0.0
1110.9945295074,0.36518784435766904
1131.033565911229,0.0
1151.072602315058,0.36518784435766904
1171.111638718887,0.0
1191.150675122716,0.36518784435766904
1211.189711526545,0.36518784435766904
1231.2287479303739,0.7303756887153381
1251.2677843342028,0.0
1271.3068207380318,0.36518784435766904
1291.3458571418607,0.0
1311.3848935456897,0.0
1331.4239299495187,0.36518784435766904
1351.4629663533476,0.7303756887153381
1371.5020027571766,0.36518784435766904
1391.5410391610055,1.4607513774306762
1411.5800755648345,0.0
1431.6191119686634,0.7303756887153381
1451.6581483724922,2.1911270661460143
1471.6971847763211,3.6518784435766904
1491.73622118015,2.1911270661460143
1511.775257583979,1.4607513774306762
1531.814293987808,0.0
1551.853330391637,0.0
1571.892366795466,0.0
1591.931403199295,0.36518784435766904
1611.9704396031239,0.0
1632.0094760069528,0.7303756887153381
1652.0485124107818,0.7303756887153381
1672.0875488146107,0.36518784435766904
1692.1265852184397,0.7303756887153381
1712.1656216222686,0.7303756887153381
1732.2046580260976,1.8259392217883452
1752.2436944299263,0.7303756887153381
1772.2827308337553,1.0955635330730071
1792.3217672375843,1.4607513774306762
1812.3608036414132,1.0955635330730071
1832.3998400452422,0.36518784435766904
1852.4388764490711,0.7303756887153381
1872.4779128529,0.0
1892.516949256729,0.0
1912.555985660558,0.0
1932.595022064387,1.4607513774306762
1952.634058468216,0.0
1972.6730948720449,0.0
1992.7121312758738,1.0955635330730071
2012.7511676797028,1.8259392217883452
2032.7902040835318,0.0
2052.8292404873605,0.36518784435766904
2072.8682768911895,1.0955635330730071
2092.9073132950184,0.7303756887153381
2112.9463496988474,0.0
2132.9853861026763,1.0955635330730071
2153.0244225065053,0.7303756887153381
2173.0634589103342,1.4607513774306762
2193.102495314163,1.0955635330730071
2213.141531717992,1.0955635330730071
2233.1805681218207,0.7303756887153381
2253.2196045256496,0.36518784435766904
2273.2586409294786,1.0955635330730071
2293.2976773333075,0.7303756887153381
2313.3367137371365,0.36518784435766904
2333.3757501409655,2.1911270661460143
2353.4147865447944,0.36518784435766904
2373.4538229486234,1.0955635330730071
2393.4928593524523,0.36518784435766904
2413.5318957562813,0.0
2433.5709321601103,0.36518784435766904
2453.609968563939,0.36518784435766904
2473.649004967768,0.0
2493.688041371597,0.36518784435766904
2513.727077775426,1.0955635330730071
2533.766114179255,1.0955635330730071
2553.805150583084,0.36518784435766904
2573.844186986913,1.8259392217883452
2593.883223390742,1.0955635330730071
2613.922259794571,2.5563149105036835
2633.9612961984,1.8259392217883452
2654.000332602229,2.1911270661460143
2674.0393690060578,1.0955635330730071
2694.0784054098867,0.36518784435766904
2714.1174418137157,1.4607513774306762
2734.1564782175446,0.7303756887153381
2754.1955146213736,1.4607513774306762
2774.2345510252026,0.0
2794.2735874290315,0.7303756887153381
2814.3126238328605,0.36518784435766904
2834.3516602366894,1.0955635330730071
2854.3906966405184,1.0955635330730071
2874.4297330443474,3.6518784435766904
2894.468769448176,7.66894473151105
2914.507805852005,9.860071797657064
2934.546842255834,15.703077307379768
2954.5858786596627,19.720143595314127
2974.6249150634917,20.45051928402947
2994.6639514673207,14.97270161866443
3014.7029878711496,6.938569042795712
3034.7420242749786,3.6518784435766904
3054.7810606788075,1.4607513774306762
3074.8200970826365,1.0955635330730071
3094.8591334864655,2.1911270661460143
3114.8981698902944,1.8259392217883452
3134.9372062941234,1.0955635330730071
3154.9762426979523,2.1911270661460143
3175.0152791017813,1.8259392217883452
3195.0543155056102,2.5563149105036835
3215.093351909439,3.6518784435766904
3235.132388313268,2.5563149105036835
3255.171424717097,3.6518784435766904
3275.210461120926,2.1911270661460143
3295.249497524755,2.9215027548613524
3315.288533928584,4.747441976649697
3335.327570332413,2.1911270661460143
3355.366606736242,1.4607513774306762
3375.405643140071,0.7303756887153381
3395.4446795439,1.8259392217883452
3415.483715947729,0.36518784435766904
3435.5227523515578,0.0
3455.5617887553867,0.0
3475.6008251592157,0.36518784435766904
3495.6398615630446,0.7303756887153381
3515.678897966873,0.7303756887153381
3535.717934370702,0.36518784435766904
3555.756970774531,2.1911270661460143
3575.79600717836,0.7303756887153381
3595.835043582189,1.8259392217883452
3615.874079986018,1.4607513774306762
3635.913116389847,0.7303756887153381
3655.952152793676,5.477817665365036
3675.991189197505,3.6518784435766904
3696.0302256013338,5.843005509722705
3716.0692620051627,2.1911270661460143
3736.1082984089917,1.8259392217883452
3756.1473348128206,1.8259392217883452
3776.1863712166496,1.4607513774306762
3796.2254076204786,1.0955635330730071
3816.2644440243075,1.0955635330730071
3836.3034804281365,1.0955635330730071
3856.3425168319654,0.7303756887153381
3876.3815532357944,0.7303756887153381
3896.4205896396234,0.0
3916.4596260434523,0.36518784435766904
3936.4986624472813,1.0955635330730071
3956.5376988511102,1.0955635330730071
3976.576735254939,1.0955635330730071
3996.615771658768,1.4607513774306762
4016.654808062597,0.0
4036.693844466426,0.7303756887153381
4056.732880870255,1.4607513774306762
4076.771917274084,1.8259392217883452
4096.810953677913,0.36518784435766904
4116.849990081742,0.0
4136.889026485571,0.7303756887153381
4156.9280628894,0.36518784435766904
4176.967099293229,0.36518784435766904
4197.006135697058,0.7303756887153381
4217.045172100887,0.7303756887153381
4237.084208504716,0.7303756887153381
4257.123244908545,0.36518784435766904
4277.162281312374,0.36518784435766904
4297.2013177162025,1.0955635330730071
4317.240354120032,0.36518784435766904
4337.2793905238605,1.4607513774306762
4357.31842692769,1.8259392217883452
4377.357463331518,0.36518784435766904
4397.396499735348,0.36518784435766904
4417.435536139176,0.7303756887153381
4437.474572543006,0.7303756887153381
4457.513608946834,0.7303756887153381
4477.552645350663,0.7303756887153381
4497.591681754492,1.0955635330730071
4517.630718158321,0.7303756887153381
4537.66975456215,1.0955635330730071
4557.708790965979,2.1911270661460143
4577.747827369808,0.7303756887153381
4597.7868637736365,1.4607513774306762
4617.825900177466,1.8259392217883452
4637.864936581294,2.1911270661460143
4657.903972985124,4.747441976649697
4677.943009388952,1.0955635330730071
4697.982045792782,1.8259392217883452
4718.02108219661,2.9215027548613524
4738.06011860044,1.0955635330730071
4758.099155004268,2.1911270661460143
4778.138191408098,2.9215027548613524
4798.177227811926,3.6518784435766904
4818.2162642157555,5.477817665365036
4838.255300619584,6.573381198438042
4858.294337023413,1.8259392217883452
4878.333373427242,3.286690599219021
4898.372409831071,3.286690599219021
4918.4114462349,2.1911270661460143
4938.450482638729,4.3822541322920285
4958.489519042558,0.7303756887153381
4978.528555446387,2.9215027548613524
4998.567591850216,1.8259392217883452
5018.606628254045,2.1911270661460143
5038.645664657874,4.01706628793436
5058.684701061703,2.9215027548613524
5078.7237374655315,3.286690599219021
5098.762773869361,2.9215027548613524
5118.801810273189,2.9215027548613524
5138.840846677018,3.6518784435766904
5158.879883080847,4.3822541322920285
5178.918919484676,7.303756887153381
5198.957955888505,5.112629821007367
5218.996992292334,8.764508264584057
5239.036028696163,8.764508264584057
5259.075065099992,8.764508264584057
5279.114101503821,10.590447486372403
5299.15313790765,8.399320420226388
5319.192174311479,7.303756887153381
5339.2312107153075,6.573381198438042
5359.270247119137,6.938569042795712
5379.309283522965,7.66894473151105
5399.348319926795,7.303756887153381
5419.387356330623,6.938569042795712
5439.426392734453,5.477817665365036
5459.465429138281,3.6518784435766904
5479.504465542111,8.03413257586872
5499.543501945939,4.747441976649697
5519.582538349769,5.843005509722705
5539.621574753597,7.303756887153381
5559.6606111574265,5.843005509722705
5579.699647561255,7.303756887153381
5599.738683965084,10.225259642014734
5619.777720368913,6.573381198438042
5639.816756772742,9.129696108941726
5659.855793176571,7.66894473151105
5679.8948295804,6.938569042795712
5699.933865984229,10.590447486372403
5719.972902388058,7.303756887153381
5740.011938791887,8.399320420226388
5760.050975195716,10.955635330730072
5780.090011599545,11.68601101944541
5800.129048003373,9.860071797657064
5820.1680844072025,10.590447486372403
5840.207120811031,13.877138085591424
5860.24615721486,14.242325929949093
5880.285193618689,18.98976790659879
5900.324230022518,13.146762396876085
5920.363266426347,18.98976790659879
5940.402302830176,13.511950241233755
5960.441339234005,16.433452996095106
5980.480375637834,19.720143595314127
6000.519412041663,17.163828684810444
6020.558448445492,16.06826515173744
6040.597484849321,14.242325929949093
6060.63652125315,17.163828684810444
6080.6755576569785,18.98976790659879
6100.714594060808,22.27645850581781
6120.753630464636,17.894204373525785
6140.792666868466,23.00683419453315
6160.831703272294,25.197961260679165
6180.870739676124,24.832773416321494
6200.909776079952,25.928336949394502
6220.948812483782,28.849839704255853
6240.98784888761,29.580215392971194
6261.02688529144,31.04096677040187
6281.065921695268,33.962469525263224
6301.1049580990975,37.97953581319758
6321.143994502926,35.4232209026939
6341.183030906755,43.45735347856262
6361.222067310584,54.04780096493502
6381.261103714413,51.856673898789005
6401.300140118242,56.96930371979637
6421.33917652207,45.64848054470863
6441.3782129259,48.935171143927654
6461.417249329728,36.15359659140923
6481.456285733558,38.34472365755525
6501.495322137386,40.170662879343595
6521.534358541216,33.962469525263224
6541.573394945044,34.32765736962089
6561.6124313488735,27.75427617118285
6581.651467752702,34.32765736962089
6601.6905041565315,31.771342459117207
6621.72954056036,32.86690599219021
6641.768576964189,33.962469525263224
6661.807613368018,34.69284521397856
6681.846649771847,34.32765736962089
6701.885686175676,36.518784435766904
6721.924722579505,36.883972280124574
6741.963758983334,30.310591081686532
6762.002795387163,39.440287190628254
6782.041831790992,36.883972280124574
6802.080868194821,43.82254132292029
6822.11990459865,44.91810485599329
6842.158941002479,46.37885623342397
6862.1979774063075,50.03073467700066
6882.237013810137,48.569983299569984
6902.276050213965,47.10923192213931
6922.315086617795,37.97953581319758
6942.354123021623,51.491486054431334
6962.393159425453,45.64848054470863
6982.432195829281,47.47441976649698
7002.471232233111,56.23892803108103
7022.510268636939,55.5085523423657
7042.549305040768,58.06486725286938
7062.588341444597,51.491486054431334
7082.627377848426,51.126298210073664
7102.666414252255,62.08193354080374
7122.7054506560835,52.58704958750434
7142.744487059913,44.18772916727796
7162.783523463741,50.03073467700066
7182.822559867571,54.04780096493502
7202.861596271399,56.6041158754387
7222.900632675229,58.06486725286938
7242.939669079057,63.907872762592085
7262.978705482887,60.621182163373064
7283.017741886715,65.0034362956651
7303.056778290545,62.08193354080374
7323.095814694373,62.81230922951907
7343.1348510982025,71.21162964974546
7363.173887502031,73.40275671589148
7383.21292390586,75.22869593767982
7403.251960309689,56.6041158754387
7423.290996713518,66.82937551745343
7443.330033117347,80.34132575868719
7463.369069521176,79.24576222561419
7483.408105925005,78.51538653689884
7503.447142328834,68.29012689488411
7523.486178732663,73.40275671589148
7543.525215136492,72.30719318281847
7563.564251540321,71.57681749410314
7583.60328794415,72.30719318281847
7603.6423243479785,68.29012689488411
7623.681360751808,73.03756887153381
7643.720397155636,61.71674569644607
7663.759433559466,76.6894473151105
7683.798469963294,82.5324528248332
7703.837506367123,85.81914342405223
7723.876542770952,69.7508782723148
7743.915579174781,79.24576222561419
7763.95461557861,72.67238102717614
7783.993651982439,81.4368892917602
7804.032688386268,75.95907162639516
7824.071724790097,81.07170144740253
7844.110761193926,90.20139755634425
7864.1497975977545,85.81914342405223
7884.188834001584,87.2798948014829
7904.227870405412,104.07853564193567
7924.266906809242,96.04440306606696
7944.30594321307,102.98297210886267
7964.3449796169,120.87717648238845
7984.384016020728,125.25943061468048
8004.423052424558,135.11950241233754
8024.462088828386,144.9795742099946
8044.501125232216,140.96250792206024
8064.540161636044,142.05807145513324
8084.5791980398735,147.17070127614062
8104.618234443702,127.08536983646883
8124.657270847531,121.97274001546145
8144.69630725136,121.60755217110379
8164.735343655189,109.92154115165839
8184.774380059018,103.71334779757801
8204.813416462846,112.1126682178044
8224.852452866677,102.617784264505
8244.891489270505,97.50515444349763
8264.930525674334,102.617784264505
8284.969562078162,101.15703288707432
8305.008598481993,117.22529803881176
8325.047634885821,106.63485055243936
8345.08667128965,108.09560192987004
8365.125707693478,123.43349139289214
8385.164744097307,108.09560192987004
8405.203780501137,128.91130905825716
8425.242816904965,130.0068725913302
8445.281853308794,137.31062947848355
8465.320889712622,122.33792785981913
8485.359926116453,140.5973200777026
8505.398962520281,176.75091666911183
8525.43799892411,214.36526463795173
8545.477035327938,288.49839704255857
8565.516071731769,326.47793285575614
8585.555108135597,394.0376840619249
8605.594144539426,433.8431590969108
8625.633180943254,494.82952910464155
8645.672217347084,475.1093855093274
8665.711253750913,421.7919602331078
8685.750290154741,384.5428001086255
8705.78932655857,308.58372848223036
8725.8283629624,260.0137451826604
8745.867399366229,206.6963199064407
8765.906435770057,173.4642260698928
8785.945472173886,167.6212205601701
8805.984508577716,155.93520954072468
8826.023544981545,155.570021696367
8846.062581385373,149.7270161866443
8866.101617789202,162.8737785835204
8886.140654193032,163.9693421165934
8906.17969059686,156.66558522944
8926.218727000689,141.6928836107756
8946.257763404517,168.7167840932431
8966.296799808346,149.36182834228663
8986.335836212176,150.09220403100198
9006.374872616005,156.66558522944
9026.413909019833,152.283331097148
9046.452945423662,155.20483385200936
9066.491981827492,151.91814325279032
9086.53101823132,155.20483385200936
9106.570054635149,158.85671229558602
9126.609091038978,153.74408247457868
9146.648127442808,148.99664049792898
9166.687163846636,163.60415427223575
9186.726200250465,171.27309900374678
9206.765236654293,169.08197193760077
9226.804273058124,185.88061277805355
9246.843309461952,156.66558522944
9266.88234586578,180.03760726833085
9286.92138226961,166.52565702709708
9306.96041867344,182.22873433447685
9326.999455077268,173.82941391425047
9347.038491481097,177.48129235782716
9367.077527884925,172.0034746924621
9387.116564288755,173.09903822553514
9407.155600692584,180.03760726833085
9427.194637096412,176.02054098039648
9447.233673500241,180.03760726833085
9467.272709904071,205.23556852901
9487.3117463079,205.23556852901
9507.350782711728,214.00007679359405
9527.389819115557,211.0785740387327
9547.428855519387,232.62465685583518
9567.467891923216,247.23217063014195
9587.506928327044,244.3106678752806
9607.545964730873,224.2253364356088
9627.585001134701,210.34819835001736
9647.624037538531,193.5495575095646
9667.66307394236,211.0785740387327
9687.702110346188,198.66218733057195
9707.741146750017,180.03760726833085
9727.780183153847,177.48129235782716
9747.819219557676,182.22873433447685
9767.858255961504,181.86354649011918
9787.897292365333,184.0546735562652
9807.936328769163,204.87038068465233
9827.975365172992,179.3072315796155
9848.01440157682,192.08880613213393
9868.053437980649,190.62805475470324
9888.092474384479,167.98640840452777
9908.131510788307,187.34136415548423
9928.170547192136,203.77481715157933
9948.209583595964,196.83624810878362
9968.248619999795,180.03760726833085
9988.287656403623,191.35843044341857
10008.326692807452,199.02737517492963
10028.36572921128,184.0546735562652
10048.40476561511,204.140004995937
10068.44380201894,195.74068457571062
10088.482838422768,189.53249122163024
10108.521874826596,206.33113206208301
10128.560911230426,182.22873433447685
10148.599947634255,195.37549673135294
10168.638984038083,198.66218733057195
10188.678020441912,204.50519284029465
10208.717056845742,192.81918182084925
10228.75609324957,189.89767906598792
10248.7951296534,211.0785740387327
10268.834166057228,195.37549673135294
10288.873202461056,187.70655199984188
10308.912238864887,201.21850224107564
10328.951275268715,208.52225912822902
10348.990311672544,197.20143595314127
10369.029348076372,206.6963199064407
10389.068384480202,205.23556852901
10409.107420884031,192.81918182084925
10429.14645728786,198.2969994862143
10449.185493691688,215.09564032666708
10469.224530095518,195.74068457571062
10489.263566499347,210.71338619437503
10509.302602903175,198.2969994862143
10529.341639307004,197.56662379749895
10549.380675710834,194.6451210426376
10569.419712114663,192.08880613213393
10589.458748518491,179.67241942397317
10609.49778492232,196.47106026442594
10629.53682132615,199.75775086364496
10649.575857729978,205.60075637336766
10669.614894133807,203.40962930722165
10689.653930537635,218.01714308152842
10709.692966941466,201.948877929791
10729.732003345294,189.89767906598792
10749.771039749123,203.40962930722165
10769.810076152951,207.7918834395137
10789.849112556782,214.00007679359405
10809.88814896061,212.5393254161634
10829.927185364439,209.61782266130203
10849.966221768267,231.52909332276218
10870.005258172097,218.01714308152842
10890.044294575926,210.71338619437503
10910.083330979754,195.37549673135294
10930.122367383583,195.74068457571062
10950.161403787411,191.72361828777625
10970.200440191242,223.49496074689347
10990.23947659507,203.40962930722165
11010.278512998899,202.31406577414865
11030.317549402727,186.97617631112655
11050.356585806558,200.85331439671796
11070.395622210386,189.89767906598792
11090.434658614215,185.88061277805355
11110.473695018043,200.12293870800264
11130.512731421873,188.07173984419956
11150.551767825702,208.52225912822902
11170.59080422953,197.93181164185663
11190.629840633359,203.044441462864
11210.66887703719,193.18436966520693
11230.707913441018,195.74068457571062
11250.746949844846,196.10587242006827
11270.785986248675,195.37549673135294
11290.825022652505,173.09903822553514
11310.864059056334,196.10587242006827
11330.903095460162,189.89767906598792
11350.94213186399,210.71338619437503
11370.981168267821,190.99324259906092
11391.02020467165,192.08880613213393
11411.059241075478,187.70655199984188
11431.098277479306,203.40962930722165
11451.137313883137,194.6451210426376
11471.176350286965,183.32429786754986
11491.215386690794,186.97617631112655
11511.254423094622,186.61098846676887
11531.293459498453,191.35843044341857
11551.332495902281,195.37549673135294
11571.37153230611,180.4027951126885
11591.410568709938,196.83624810878362
11611.449605113767,198.66218733057195
11631.488641517597,175.29016529168115
11651.527677921425,173.82941391425047
11671.566714325254,186.97617631112655
11691.605750729083,175.6553531360388
11711.644787132913,170.54272331503145
11731.683823536741,175.29016529168115
11751.72285994057,189.16730337727256
11771.761896344398,171.63828684810446
11791.800932748229,182.59392217883453
11811.839969152057,175.6553531360388
11831.879005555886,174.92497744732347
11851.918041959714,180.76798295704617
11871.957078363544,183.68948571190754
11891.996114767373,179.67241942397317
11912.035151171202,165.0649056496664
11932.07418757503,184.41986140062286
11952.11322397886,174.19460175860814
11972.152260382689,165.43009349402408
11992.191296786517,174.92497744732347
12012.230333190346,181.13317080140385
12032.269369594176,169.44715978195845
12052.308405998005,169.44715978195845
12072.347442401833,160.3174636730167
12092.386478805662,161.7782150504474
12112.425515209492,159.58708798430138
12132.46455161332,171.27309900374678
12152.503588017149,163.9693421165934
12172.542624420978,174.92497744732347
12192.581660824806,182.22873433447685
12212.620697228636,167.98640840452777
12232.659733632465,158.49152445122837
12252.698770036293,158.85671229558602
12272.737806440122,158.1263366068707
12292.776842843952,157.0307730737977
12312.81587924778,153.378894630221
12332.85491565161,157.76114876251302
12352.893952055438,154.83964600765168
12372.932988459268,137.31062947848355
12392.972024863097,153.01370678586332
12413.011061266925,155.93520954072468
12433.050097670754,155.93520954072468
12453.089134074584,157.0307730737977
12473.128170478412,148.6314526535713
12493.16720688224,136.9454416341259
12513.20624328607,140.5973200777026
12533.2452796899,147.17070127614062
12553.284316093728,129.27649690261484
12573.323352497557,128.5461212138995
12593.362388901385,137.31062947848355
12613.401425305216,134.7543145679799
12633.440461709044,131.1024361244032
12653.479498112873,132.1979996574762
12673.518534516701,131.83281181311852
12693.557570920531,131.1024361244032
12713.59660732436,123.43349139289214
12733.635643728188,139.1365687002719
12753.674680132017,130.0068725913302
12773.713716535847,113.57341959523507
12793.752752939676,121.24236432674613
12813.791789343504,127.08536983646883
12833.830825747333,129.27649690261484
12853.869862151161,124.16386708160748
12873.908898554992,127.45055768082649
12893.94793495882,132.1979996574762
12913.986971362649,120.87717648238845
12934.026007766477,123.43349139289214
12954.065044170307,124.52905492596514
12974.104080574136,113.57341959523507
12994.143116977964,123.06830354853447
13014.182153381793,117.22529803881176
13034.221189785623,121.60755217110379
13054.260226189452,107.73041408551236
13074.29926259328,116.8601101944541
13094.338298997109,113.2082317508774
13114.377335400939,100.79184504271666
13134.416371804768,101.522220731432
13154.455408208596,100.42665719835898
13174.494444612425,97.87034228785531
13194.533481016255,100.42665719835898
13214.572517420083,97.50515444349763
13234.611553823912,82.5324528248332
13254.65059022774,86.91470695712523
13274.68962663157,92.75771246684793
13294.7286630354,87.2798948014829
13314.767699439228,93.12290031120561
13334.806735843056,77.05463515946816
13354.845772246887,95.31402737735162
13374.884808650715,81.80207713611787
13394.923845054544,90.56658540070192
13414.962881458372,86.18433126840989
13435.001917862202,96.7747787547823
13455.04095426603,88.74064617891358
13475.07999066986,76.6894473151105
13495.119027073688,75.5938837820375
13515.158063477516,76.32425947075284
13535.197099881347,71.21162964974546
13555.236136285175,74.86350809332215
13575.275172689004,75.5938837820375
13595.314209092832,70.11606611667246
13615.353245496663,73.03756887153381
13635.392281900491,70.11606611667246
13655.43131830432,66.82937551745343
13675.470354708148,68.29012689488411
13695.509391111978,66.46418767309576
13715.548427515807,62.44712138516141
13735.587463919635,68.29012689488411
13755.626500323464,55.143364498008026
13775.665536727294,59.16043078594239
13795.704573131123,52.58704958750434
13815.743609534951,46.37885623342397
13835.78264593878,59.89080647465772
13855.82168234261,42.36178994548961
13875.860718746439,48.569983299569984
13895.899755150267,48.20479545521231
13915.938791554096,40.535850723701266
13935.977827957926,40.170662879343595
13956.016864361754,41.2662264124166
13976.055900765583,46.37885623342397
13996.094937169411,43.45735347856262
14016.133973573242,37.97953581319758
14036.17300997707,40.90103856805894
14056.212046380899,34.69284521397856
14076.251082784727,36.883972280124574
14096.290119188556,32.86690599219021
14116.329155592386,29.94540323732886
14136.368191996215,21.546082817102473
14156.407228400043,33.23209383654788
14176.446264803872,24.467585571963827
14196.485301207702,27.02390048246751
14216.52433761153,24.102397727606157
14236.563374015359,22.27645850581781
14256.602410419187,20.085331439671798
14276.641446823018,20.45051928402947
14296.680483226846,25.928336949394502
14316.719519630675,17.894204373525785
14336.758556034503,19.720143595314127
14356.797592438334,17.529016529168114
14376.836628842162,16.433452996095106
14396.87566524599,14.607513774306762
14416.91470164982,12.051198863803078
14436.95373805365,12.781574552518416
14456.992774457478,13.511950241233755
14477.031810861306,10.955635330730072
14497.070847265135,10.955635330730072
14517.109883668965,8.764508264584057
14537.148920072794,8.764508264584057
14557.187956476622,12.051198863803078
14577.22699288045,10.225259642014734
14597.266029284281,10.590447486372403
14617.30506568811,6.938569042795712
14637.344102091938,4.747441976649697
14657.383138495767,5.477817665365036
14677.422174899597,5.843005509722705
14697.461211303425,8.764508264584057
14717.500247707254,4.3822541322920285
14737.539284111082,3.6518784435766904
14757.578320514911,3.286690599219021
14777.617356918741,2.5563149105036835
14797.65639332257,3.6518784435766904
14817.695429726398,4.3822541322920285
14837.734466130227,3.6518784435766904
14857.773502534057,4.3822541322920285
14877.812538937886,5.112629821007367
14897.851575341714,1.4607513774306762
14917.890611745543,1.4607513774306762
14937.929648149373,3.6518784435766904
14957.968684553201,1.0955635330730071
14978.00772095703,1.8259392217883452
14998.046757360858,0.7303756887153381
15018.085793764689,1.4607513774306762
15038.124830168517,0.0
15058.163866572346,1.0955635330730071
15078.202902976174,0.36518784435766904
15098.241939380005,0.36518784435766904
15118.280975783833,0.0
15138.320012187662,1.4607513774306762
15158.35904859149,0.36518784435766904
15178.39808499532,0.36518784435766904
15198.437121399149,0.0
15218.476157802977,0.0
15238.515194206806,0.0
15258.554230610636,0.0
15278.593267014465,0.36518784435766904
15298.632303418293,0.36518784435766904
15318.671339822122,0.36518784435766904
15338.710376225952,0.0
15358.74941262978,0.0
15378.78844903361,0.0
15398.827485437438,0.0
15418.866521841266,0.0
15438.905558245096,0.0
15458.944594648925,0.0
15478.983631052753,0.0
15499.022667456582,0.0
15519.061703860412,0.0
15539.10074026424,0.0
15559.13977666807,0.0
15579.178813071898,0.36518784435766904
15599.217849475728,0.0
15619.256885879557,0.0
15639.295922283385,0.0
15659.334958687214,0.0
15679.373995091044,0.0
15699.413031494872,0.0
15719.452067898701,0.36518784435766904
15739.49110430253,0.0
15759.53014070636,0.0
15779.569177110188,0.0
15799.608213514017,0.0
15819.647249917845,0.36518784435766904
15839.686286321676,0.0
15859.725322725504,0.0
15879.764359129333,0.0
15899.803395533161,0.0
15919.842431936991,0.0
15939.88146834082,0.0
15959.920504744648,0.7303756887153381
15979.959541148477,0.0
15999.998577552307,0.36518784435766904
16020.037613956136,0.0
16040.076650359964,0.0
16060.115686763793,0.36518784435766904
16080.154723167621,0.0
16100.193759571452,0.36518784435766904
16120.23279597528,0.0
16140.271832379109,0.0
16160.310868782937,0.36518784435766904
16180.349905186768,0.36518784435766904
16200.388941590596,0.36518784435766904
16220.427977994425,0.0
16240.467014398253,0.0
16260.506050802083,0.0
16280.545087205912,0.0
16300.58412360974,1.0955635330730071
16320.623160013569,0.0
16340.6621964174,0.0
16360.701232821228,0.0
16380.740269225056,0.0
16400.779305628883,0.36518784435766904
16420.81834203271,0.36518784435766904
16440.85737843654,0.36518784435766904
16460.896414840372,0.0
16480.9354512442,0.0
16500.97448764803,0.0
16521.013524051858,0.0
16541.052560455686,0.0
16561.091596859515,0.36518784435766904
16581.130633263343,0.0
16601.16966966717,0.0
16621.208706071004,0.0
16641.247742474832,0.36518784435766904
16661.28677887866,0.0
16681.32581528249,0.0
16701.364851686318,0.36518784435766904
16721.403888090146,0.0
16741.442924493975,0.0
16761.481960897803,0.0
16781.52099730163,0.0
16801.560033705464,0.7303756887153381
16821.599070109292,0.0
16841.63810651312,0.36518784435766904
16861.67714291695,0.0
16881.716179320778,0.0
16901.755215724606,0.0
16921.794252128435,0.36518784435766904
16941.833288532263,0.0
16961.872324936096,0.36518784435766904
16981.911361339924,0.0
17001.950397743753,0.7303756887153381
17021.98943414758,0.0
17042.02847055141,0.36518784435766904
17062.067506955238,0.0
17082.106543359067,0.36518784435766904
17102.145579762895,0.36518784435766904
17122.184616166727,0.0
17142.223652570556,0.0
17162.262688974384,0.7303756887153381
17182.301725378213,0.36518784435766904
17202.34076178204,0.0
17222.37979818587,1.0955635330730071
17242.4188345897,0.0
17262.457870993527,0.0
17282.49690739736,0.0
17302.535943801187,0.0
17322.574980205016,0.36518784435766904
17342.614016608844,0.7303756887153381
17362.653053012673,0.0
17382.6920894165,0.36518784435766904
17402.73112582033,0.36518784435766904
17422.77016222416,0.36518784435766904
17442.809198627987,0.0
17462.84823503182,0.36518784435766904
17482.887271435648,0.0
17502.926307839476,0.36518784435766904
17522.965344243305,0.0
17543.004380647133,0.7303756887153381
17563.04341705096,0.0
17583.08245345479,0.0
17603.12148985862,0.0
17623.16052626245,0.0
17643.19956266628,0.36518784435766904
17663.238599070108,0.0
17683.277635473936,0.36518784435766904
17703.316671877765,0.36518784435766904
17723.355708281593,0.36518784435766904
17743.39474468542,0.0
17763.43378108925,0.36518784435766904
17783.472817493082,0.0
17803.51185389691,0.0
17823.55089030074,0.0
17843.589926704568,0.0
17863.628963108396,0.0
17883.667999512225,0.0
17903.707035916053,0.0
17923.746072319882,0.7303756887153381
17943.78510872371,0.36518784435766904
17963.824145127543,0.36518784435766904
17983.86318153137,0.7303756887153381
18003.9022179352,0.0
18023.941254339028,0.36518784435766904
18043.980290742857,0.7303756887153381
18064.019327146685,0.0
18084.058363550514,0.36518784435766904
18104.097399954342,0.0
18124.136436358174,0.0
18144.175472762003,0.36518784435766904
18164.21450916583,0.0
18184.25354556966,0.0
18204.29258197349,0.36518784435766904
18224.331618377317,0.36518784435766904
18244.370654781145,0.0
18264.409691184974,0.0
18284.448727588806,0.0
18304.487763992634,0.7303756887153381
18324.526800396463,1.0955635330730071
18344.56583680029,1.0955635330730071
18364.60487320412,0.0
18384.64390960795,0.0
18404.682946011777,0.0
18424.721982415605,0.0
18444.761018819438,1.4607513774306762
18464.800055223266,0.0
18484.839091627095,0.0
18504.878128030923,0.36518784435766904
18524.91716443475,0.36518784435766904
18544.95620083858,0.0
18564.99523724241,0.7303756887153381
18585.034273646237,0.36518784435766904
18605.073310050066,0.36518784435766904
18625.112346453898,0.0
18645.151382857726,0.36518784435766904
18665.190419261555,0.36518784435766904
18685.229455665383,0.36518784435766904
18705.26849206921,0.36518784435766904
18725.30752847304,0.36518784435766904
18745.34656487687,0.36518784435766904
18765.385601280697,0.36518784435766904
18785.42463768453,0.0
18805.463674088358,0.36518784435766904
18825.502710492186,0.36518784435766904
18845.541746896015,0.36518784435766904
18865.580783299843,0.0
18885.619819703672,0.36518784435766904
18905.6588561075,0.0
18925.69789251133,0.0
18945.73692891516,0.7303756887153381
18965.77596531899,0.0
18985.815001722818,0.0
19005.854038126647,0.7303756887153381
19025.893074530475,1.0955635330730071
19045.932110934304,0.0
19065.971147338132,0.36518784435766904
19086.01018374196,0.7303756887153381
19106.049220145793,0.0
19126.08825654962,1.0955635330730071
19146.12729295345,0.7303756887153381
19166.16632935728,0.7303756887153381
19186.205365761107,0.0
19206.244402164935,0.0
19226.283438568764,1.0955635330730071
19246.322474972592,0.36518784435766904
19266.36151137642,0.36518784435766904
19286.400547780253,0.7303756887153381
19306.43958418408,0.0
19326.47862058791,0.0
19346.51765699174,0.0
19366.556693395567,0.36518784435766904
19386.595729799395,0.36518784435766904
19406.634766203224,0.36518784435766904
19426.673802607052,1.0955635330730071
19446.712839010885,0.0
19466.751875414713,1.4607513774306762
19486.79091181854,0.0
19506.82994822237,0.36518784435766904
19526.8689846262,0.36518784435766904
19546.908021030027,0.36518784435766904
19566.947057433856,0.36518784435766904
19586.986093837684,0.0
19607.025130241516,1.0955635330730071
19627.064166645345,0.7303756887153381
19647.103203049173,0.7303756887153381
19667.142239453002,0.36518784435766904
19687.18127585683,0.0
19707.22031226066,0.36518784435766904
19727.259348664487,0.7303756887153381
19747.298385068316,0.0
19767.337421472148,0.36518784435766904
19787.376457875976,0.7303756887153381
19807.415494279805,0.36518784435766904
19827.454530683633,0.36518784435766904
19847.493567087462,0.0
19867.53260349129,0.7303756887153381
19887.57163989512,0.36518784435766904
19907.610676298948,0.0
19927.649712702776,0.7303756887153381
19947.688749106608,0.36518784435766904
19967.727785510437,0.36518784435766904
19987.766821914265,0.36518784435766904
20007.805858318094,0.36518784435766904
20027.844894721922,0.7303756887153381
20047.88393112575,0.0
20067.92296752958,0.36518784435766904
20087.962003933408,0.7303756887153381
20108.00104033724,0.36518784435766904
20128.04007674107,0.0
20148.079113144897,0.36518784435766904
20168.118149548725,0.0
20188.157185952554,0.0
20208.196222356382,0.36518784435766904
20228.23525876021,0.0
20248.27429516404,0.0
20268.31333156787,0.0
20288.3523679717,0.36518784435766904
20308.39140437553,0.0
20328.430440779357,0.7303756887153381
20348.469477183186,0.36518784435766904
20368.508513587014,0.7303756887153381
20388.547549990843,0.7303756887153381
20408.58658639467,0.36518784435766904
20428.625622798503,0.0
20448.66465920233,0.0
20468.70369560616,0.0
20488.74273200999,1.0955635330730071
20508.781768413817,0.36518784435766904
20528.820804817646,0.7303756887153381
20548.859841221474,0.0
20568.898877625303,0.36518784435766904
20588.93791402913,0.7303756887153381
20608.976950432963,0.7303756887153381
20629.015986836792,0.0
20649.05502324062,0.7303756887153381
20669.09405964445,0.36518784435766904
20689.133096048277,0.7303756887153381
20709.172132452106,0.0
20729.211168855934,0.0
20749.250205259763,0.36518784435766904
20769.289241663595,0.0
20789.328278067424,0.0
20809.367314471252,0.36518784435766904
20829.40635087508,0.36518784435766904
20849.44538727891,1.4607513774306762
20869.484423682738,0.36518784435766904
20889.523460086566,0.0
20909.562496490395,0.36518784435766904
20929.601532894227,0.36518784435766904
20949.640569298055,0.7303756887153381
20969.679605701884,0.7303756887153381
20989.718642105712,0.36518784435766904
21009.75767850954,1.0955635330730071
21029.79671491337,0.0
21049.835751317198,0.36518784435766904
21069.874787721026,0.36518784435766904
21089.91382412486,0.7303756887153381
21109.952860528687,0.0
21129.991896932515,0.36518784435766904
21150.030933336344,0.36518784435766904
21170.069969740172,0.0
21190.109006144,0.0
21210.14804254783,0.7303756887153381
21230.187078951658,0.0
21250.226115355486,0.36518784435766904
21270.26515175932,0.36518784435766904
21290.304188163147,0.0
21310.343224566976,0.7303756887153381
21330.382260970804,0.0
21350.421297374633,0.7303756887153381
21370.46033377846,0.0
21390.49937018229,0.36518784435766904
21410.538406586118,0.36518784435766904
21430.57744298995,1.0955635330730071
21450.61647939378,1.0955635330730071
21470.655515797607,0.0
21490.694552201436,0.36518784435766904
21510.733588605264,0.36518784435766904
21530.772625009093,0.7303756887153381
21550.81166141292,0.0
21570.85069781675,0.36518784435766904
21590.889734220582,1.0955635330730071
21610.92877062441,1.4607513774306762
21630.96780702824,0.0
21651.006843432067,0.0
21671.045879835896,0.0
21691.084916239724,0.0
21711.123952643553,0.0
21731.16298904738,0.36518784435766904
21751.202025451214,1.0955635330730071
21771.241061855042,1.0955635330730071
21791.28009825887,0.7303756887153381
21811.3191346627,0.36518784435766904
21831.358171066528,0.0
21851.397207470356,0.0
21871.436243874185,0.7303756887153381
21891.475280278013,0.36518784435766904
21911.51431668184,0.36518784435766904
21931.553353085674,0.36518784435766904
21951.592389489502,0.7303756887153381
21971.63142589333,0.0
21991.67046229716,0.7303756887153381
22011.709498700988,0.0
22031.748535104816,0.7303756887153381
22051.787571508645,1.4607513774306762
22071.826607912473,0.36518784435766904
22091.865644316305,0.36518784435766904
22111.904680720134,0.0
22131.943717123962,0.36518784435766904
22151.98275352779,0.36518784435766904
22172.02178993162,1.4607513774306762
22192.060826335448,0.36518784435766904
22212.099862739276,0.36518784435766904
22232.138899143105,0.0
22252.177935546937,0.7303756887153381
22272.216971950766,0.0
22292.256008354594,0.0
22312.295044758423,0.0
22332.33408116225,0.36518784435766904
22352.37311756608,0.7303756887153381
22372.412153969908,0.36518784435766904
22392.451190373737,0.36518784435766904
22412.49022677757,0.7303756887153381
22432.529263181397,0.7303756887153381
22452.568299585226,0.36518784435766904
22472.607335989054,0.0
22492.646372392883,0.36518784435766904
22512.68540879671,1.0955635330730071
22532.72444520054,0.7303756887153381
22552.76348160437,0.36518784435766904
22572.802518008197,0.36518784435766904
22592.84155441203,0.0
22612.880590815857,1.4607513774306762
22632.919627219686,0.7303756887153381
22652.958663623514,0.0
22672.997700027343,0.0
22693.03673643117,1.0955635330730071
22713.075772835,0.0
22733.11480923883,0.36518784435766904
22753.15384564266,0.0
22773.19288204649,0.0
22793.231918450318,0.36518784435766904
22813.270954854146,0.36518784435766904
22833.309991257975,0.0
22853.349027661803,0.0
22873.38806406563,0.0
22893.42710046946,1.0955635330730071
22913.466136873292,0.0
22933.50517327712,0.0
22953.54420968095,0.0
22973.583246084778,0.36518784435766904
22993.622282488606,0.0
23013.661318892435,0.36518784435766904
23033.700355296263,0.0
23053.73939170009,0.36518784435766904
23073.778428103924,0.7303756887153381
23093.817464507752,0.7303756887153381
23113.85650091158,0.0
23133.89553731541,0.0
23153.934573719238,0.0
23173.973610123066,1.0955635330730071
23194.012646526895,0.0
23214.051682930723,0.0
23234.090719334552,0.36518784435766904
23254.129755738384,0.36518784435766904
23274.168792142213,0.36518784435766904
23294.20782854604,0.0
23314.24686494987,0.0
23334.285901353698,0.0
23354.324937757527,0.0
23374.363974161355,0.36518784435766904
23394.403010565184,0.36518784435766904
23414.442046969016,0.36518784435766904
23434.481083372844,0.36518784435766904
23454.520119776673,0.0
23474.5591561805,0.36518784435766904
23494.59819258433,0.36518784435766904
23514.63722898816,0.0
23534.676265391987,0.0
23554.715301795815,0.0
23574.754338199647,0.36518784435766904
23594.793374603476,0.36518784435766904
23614.832411007304,0.36518784435766904
23634.871447411133,0.0
23654.91048381496,0.0
23674.94952021879,0.7303756887153381
23694.98855662262,0.0
23715.027593026447,0.0
23735.066629430275,0.0
23755.105665834108,0.0
23775.144702237936,0.0
23795.183738641765,0.0
23815.222775045593,0.0
23835.26181144942,0.0
23855.30084785325,0.0
23875.33988425708,0.36518784435766904
23895.378920660907,0.0
23915.41795706474,0.0
23935.456993468568,0.0
23955.496029872396,0.36518784435766904
23975.535066276225,0.0
23995.574102680053,0.36518784435766904
24015.613139083882,0.0
24035.65217548771,0.0
24055.69121189154,0.0
24075.73024829537,0.0
24095.7692846992,0.0
24115.808321103028,0.36518784435766904
24135.847357506856,0.36518784435766904
24155.886393910685,0.36518784435766904
24175.925430314514,0.0
24195.964466718342,0.0
24216.00350312217,0.0
24236.042539526003,0.0
24256.08157592983,0.0
24276.12061233366,0.0
24296.159648737488,0.0
24316.198685141317,0.0
24336.237721545145,0.36518784435766904
24356.276757948974,0.36518784435766904
24376.315794352802,0.0
24396.35483075663,1.0955635330730071
24416.393867160463,0.0
24436.43290356429,0.36518784435766904
24456.47193996812,0.0
24476.51097637195,0.0
24496.550012775777,0.36518784435766904
24516.589049179605,0.0
24536.628085583434,0.0
24556.667121987262,0.0
24576.706158391095,0.0
24596.745194794923,0.0
24616.78423119875,0.36518784435766904
24636.82326760258,0.0
24656.86230400641,0.36518784435766904
24676.901340410237,0.0
24696.940376814066,0.0
24716.979413217894,0.0
24737.018449621726,0.36518784435766904
24757.057486025555,0.0
24777.096522429383,0.0
24797.13555883321,0.0
24817.17459523704,0.0
24837.21363164087,0.0
24857.252668044697,0.7303756887153381
24877.291704448526,0.36518784435766904
24897.330740852358,0.0
24917.369777256186,0.0
24937.408813660015,0.36518784435766904
24957.447850063843,0.0
24977.486886467672,0.0
24997.5259228715,0.0
25017.56495927533,0.36518784435766904
25037.603995679157,0.0
25057.643032082986,0.0
25077.682068486818,0.0
25097.721104890647,0.0
25117.760141294475,0.0
25137.799177698304,0.0
25157.838214102132,0.0
25177.87725050596,0.36518784435766904
25197.91628690979,0.0
25217.955323313618,0.36518784435766904
25237.99435971745,0.0
25258.03339612128,0.0
25278.072432525107,0.0
25298.111468928935,0.0
25318.150505332764,0.0
25338.189541736592,0.36518784435766904
25358.22857814042,0.0
25378.26761454425,0.0
25398.30665094808,0.36518784435766904
25418.34568735191,0.0
25438.38472375574,0.0
25458.423760159567,0.0
25478.462796563395,0.0
25498.501832967224,0.36518784435766904
25518.540869371052,0.36518784435766904
25538.57990577488,0.0
25558.618942178713,0.0
25578.65797858254,0.0
25598.69701498637,0.0
25618.7360513902,0.36518784435766904
25638.775087794027,0.0
25658.814124197856,0.36518784435766904
25678.853160601684,0.0
25698.892197005513,0.0
25718.93123340934,0.36518784435766904
25738.970269813173,0.0
25759.009306217,0.0
25779.04834262083,0.0
25799.08737902466,0.0
25819.126415428487,0.36518784435766904
25839.165451832316,0.0
25859.204488236144,0.0
25879.243524639973,0.0
25899.282561043805,0.0
25919.321597447633,0.0
25939.360633851462,0.0
25959.39967025529,0.0
25979.43870665912,0.0
25999.477743062947,0.0
26019.516779466776,0.0
26039.555815870604,0.0
26059.594852274437,0.0
26079.633888678265,0.0
26099.672925082094,0.0
26119.711961485922,0.0
26139.75099788975,0.0
26159.79003429358,0.36518784435766904
26179.829070697408,0.0
26199.868107101236,0.0
26219.90714350507,0.0
26239.946179908897,0.0
26259.985216312725,0.0
26280.024252716554,0.0
26300.063289120382,0.0
26320.10232552421,0.0
26340.14136192804,0.0
26360.180398331868,0.0
26380.219434735696,0.0
26400.25847113953,0.0
26420.297507543357,0.0
26440.336543947185,0.0
26460.375580351014,0.36518784435766904
26480.414616754842,0.0
26500.45365315867,0.0
26520.4926895625,0.0
26540.531725966328,0.0
26560.57076237016,0.0
26580.60979877399,0.0
26600.648835177817,0.0
26620.687871581646,0.0
26640.726907985474,0.0
26660.765944389303,0.36518784435766904
26680.80498079313,0.0
26700.84401719696,0.0
26720.88305360079,0.0
26740.92209000462,0.0
26760.96112640845,0.0
26781.000162812277,0.0
26801.039199216106,0.0
26821.078235619934,0.0
26841.117272023763,0.0
26861.15630842759,0.0
26881.195344831423,0.0
26901.234381235252,0.0
26921.27341763908,0.0
26941.31245404291,0.0
26961.351490446737,0.0
26981.390526850566,0.0
27001.429563254394,0.0
27021.468599658223,0.0
27041.50763606205,0.0
27061.546672465884,0.0
27081.585708869712,0.0
27101.62474527354,0.0
27121.66378167737,0.0
27141.702818081198,0.0
27161.741854485026,0.0
27181.780890888855,0.0
27201.819927292683,0.0
27221.858963696515,0.0
27241.898000100344,0.0
27261.937036504172,0.0
27281.976072908,0.0
27302.01510931183,0.0
27322.054145715658,0.0
27342.093182119486,0.0
27362.132218523315,0.0
27382.171254927147,0.0
27402.210291330975,0.0
27422.249327734804,0.0
27442.288364138632,0.0
27462.32740054246,0.0
27482.36643694629,0.0
27502.405473350118,0.0
27522.444509753946,0.0
27542.48354615778,0.0
27562.522582561607,0.0
27582.561618965436,0.0
27602.600655369264,0.0
27622.639691773093,0.0
27642.67872817692,0.0
27662.71776458075,0.0
27682.756800984578,0.0
27702.795837388407,0.0
27722.83487379224,0.0
27742.873910196067,0.0
27762.912946599896,0.0
27782.951983003724,0.0
27802.991019407553,0.0
27823.03005581138,0.0
27843.06909221521,0.0
27863.10812861904,0.0
27883.14716502287,0.0
27903.1862014267,0.0
27923.225237830527,0.0
27943.264274234356,0.0
27963.303310638184,0.0
27983.342347042013,0.0
28003.38138344584,0.0
28023.42041984967,0.0
28043.459456253502,0.0
28063.49849265733,0.0
28083.53752906116,0.0
28103.576565464988,0.0
28123.615601868816,0.0
28143.654638272645,0.0
28163.693674676473,0.0
28183.7327110803,0.0
28203.77174748413,0.0
28223.810783887962,0.0
28243.84982029179,0.0
28263.88885669562,0.0
28283.927893099448,0.0
28303.966929503276,0.0
28324.005965907105,0.0
28344.045002310933,0.0
28364.084038714762,0.0
28384.123075118594,0.0
28404.162111522422,0.0
28424.20114792625,0.0
28444.24018433008,0.0
28464.279220733908,0.0
28484.318257137737,0.0
28504.357293541565,0.0
28524.396329945394,0.0
28544.435366349226,0.0
28564.474402753054,0.0
28584.513439156883,0.0
28604.55247556071,0.0
28624.59151196454,0.0
28644.63054836837,0.0
28664.669584772197,0.0
28684.708621176025,0.0
28704.747657579857,0.36518784435766904
28724.786693983686,0.0
28744.825730387514,0.0
28764.864766791343,0.0
28784.90380319517,0.0
28804.942839599,0.0
28824.98187600283,0.0
28845.020912406657,0.0
28865.059948810485,0.0
28885.098985214318,0.0
28905.138021618146,0.0
28925.177058021975,0.0
28945.216094425803,0.0
28965.25513082963,0.0
28985.29416723346,0.0
29005.33320363729,0.0
29025.372240041117,0.0
29045.41127644495,0.0
29065.450312848778,0.0
29085.489349252606,0.0
29105.528385656435,0.0
29125.567422060263,0.0
29145.60645846409,0.0
29165.64549486792,0.0
29185.68453127175,0.0
29205.72356767558,0.0
29225.76260407941,0.0
29245.801640483238,0.0
29265.840676887066,0.0
29285.879713290895,0.0
29305.918749694723,0.0
29325.957786098552,0.0
29345.99682250238,0.0
29366.035858906213,0.0
29386.07489531004,0.0
29406.11393171387,0.0
29426.152968117698,0.0
29446.192004521527,0.0
29466.231040925355,0.0
29486.270077329184,0.0
29506.309113733012,0.0
29526.34815013684,0.0
29546.387186540673,0.0
29566.4262229445,0.0
29586.46525934833,0.0
29606.50429575216,0.0
29626.543332155987,0.0
29646.582368559815,0.0
29666.621404963644,0.0
29686.660441367472,0.0
29706.699477771304,0.0
29726.738514175133,0.0
29746.77755057896,0.0
29766.81658698279,0.0
29786.85562338662,0.0
29806.894659790447,0.0
29826.933696194275,0.0
29846.972732598104,0.0
29867.011769001936,0.0
29887.050805405765,0.0
29907.089841809593,0.0
29927.12887821342,0.0
29947.16791461725,0.0
29967.20695102108,0.0
29987.245987424907,0.0
30007.285023828736,0.0
30027.324060232568,0.0
30047.363096636396,0.0
30067.402133040225,0.0
30087.441169444053,0.0
30107.48020584788,0.0
30127.51924225171,0.0
30147.55827865554,0.0
30167.597315059367,0.0
30187.636351463196,0.0
30207.675387867028,0.0
30227.714424270856,0.0
30247.753460674685,0.0
30267.792497078513,0.0
30287.831533482342,0.0
30307.87056988617,0.0
30327.90960629,0.0
30347.948642693827,0.0
30367.98767909766,0.0
30388.026715501488,0.0
30408.065751905317,0.0
30428.104788309145,0.0
30448.143824712974,0.0
30468.182861116802,0.0
30488.22189752063,0.0
30508.26093392446,0.0
30528.29997032829,0.0
30548.33900673212,0.0
30568.37804313595,0.0
30588.417079539777,0.0
30608.456115943605,0.0
30628.495152347434,0.0
30648.534188751262,0.0
30668.57322515509,0.0
30688.612261558923,0.0
30708.65129796275,0.0
30728.69033436658,0.0
30748.72937077041,0.0
30768.768407174237,0.0
30788.807443578065,0.0
30808.846479981894,0.0
30828.885516385722,0.0
30848.92455278955,0.0
30868.963589193383,0.0
30889.00262559721,0.0
30909.04166200104,0.0
30929.08069840487,0.0
30949.119734808697,0.0
30969.158771212526,0.0
30989.197807616354,0.0
31009.236844020183,0.0
31029.275880424015,0.0
31049.314916827843,0.0
31069.35395323167,0.0
31089.3929896355,0.0
31109.43202603933,0.0
31129.471062443157,0.0
31149.510098846986,0.0
31169.549135250814,0.0
31189.588171654646,0.0
31209.627208058475,0.0
31229.666244462303,0.0
31249.705280866132,0.0
31269.74431726996,0.0
31289.78335367379,0.0
31309.822390077617,0.0
31329.861426481446,0.0
31349.900462885278,0.0
31369.939499289107,0.0
31389.978535692935,0.0
31410.017572096764,0.0
31430.056608500592,0.0
31450.09564490442,0.0
31470.13468130825,0.0
31490.173717712078,0.0
31510.212754115906,0.0
31530.25179051974,0.0
31550.290826923567,0.0
31570.329863327395,0.0
31590.368899731224,0.0
31610.407936135052,0.0
31630.44697253888,0.0
31650.48600894271,0.0
31670.525045346538,0.0
31690.56408175037,0.0
31710.6031181542,0.0
31730.642154558027,0.0
31750.681190961855,0.0
31770.720227365684,0.0
31790.759263769512,0.0
31810.79830017334,0.0
31830.83733657717,0.0
31850.876372981,0.0
31870.91540938483,0.0
31890.95444578866,0.0
31910.993482192487,0.0
31931.032518596316,0.0
31951.071555000144,0.0
31971.110591403973,0.0
31991.1496278078,0.0
32011.188664211633,0.0
32031.22770061546,0.0
32051.26673701929,0.0
32071.30577342312,0.0
32091.344809826947,0.0
32111.383846230776,0.0
32131.422882634604,0.0
32151.461919038433,0.0
32171.50095544226,0.0
32191.539991846093,0.0
32211.579028249922,0.0
32231.61806465375,0.0
32251.65710105758,0.0
32271.696137461407,0.0
32291.735173865236,0.0
32311.774210269064,0.0
32331.813246672893,0.0
32351.852283076725,0.0
32371.891319480554,0.0
32391.930355884382,0.0
32411.96939228821,0.0
32432.00842869204,0.0
32452.047465095868,0.0
32472.086501499696,0.0
32492.125537903525,0.0
32512.164574307357,0.0
32532.203610711185,0.0
32552.242647115014,0.0
32572.281683518842,0.0
32592.32071992267,0.0
32612.3597563265,0.0
32632.398792730328,0.0
32652.437829134156,0.0
32672.47686553799,0.0
32692.515901941817,0.0
32712.554938345645,0.0
32732.593974749474,0.0
32752.633011153303,0.0
32772.672047557135,0.0
32792.71108396097,0.0
32812.75012036479,0.0
32832.789156768624,0.0
32852.82819317245,0.0
32872.86722957628,0.0
32892.906265980106,0.0
32912.94530238394,0.0
32932.98433878777,0.0
32953.023375191595,0.0
32973.06241159543,0.0
32993.10144799925,0.0
33013.140484403084,0.0
33033.17952080691,0.0
33053.21855721074,0.0
33073.257593614566,0.0
33093.2966300184,0.0
33113.33566642223,0.0
33133.374702826055,0.0
33153.41373922989,0.0
33173.45277563371,0.0
33193.491812037544,0.0
33213.53084844137,0.0
33233.5698848452,0.0
33253.60892124903,0.0
33273.64795765286,0.0
33293.68699405669,0.0
33313.726030460515,0.0
33333.76506686435,0.0
33353.80410326817,0.0
33373.843139672004,0.0
33393.88217607583,0.0
33413.92121247966,0.0
33433.96024888349,0.0
33453.99928528732,0.0
33474.03832169115,0.0
33494.077358094975,0.0
33514.11639449881,0.0
33534.15543090263,0.0
33554.194467306465,0.0
33574.23350371029,0.0
33594.27254011412,0.0
33614.311576517954,0.0
33634.35061292178,0.0
33654.38964932561,0.0
33674.428685729436,0.0
33694.46772213327,0.0
33714.50675853709,0.0
33734.545794940925,0.0
33754.58483134476,0.0
33774.62386774858,0.0
33794.662904152414,0.0
33814.70194055624,0.0
33834.74097696007,0.0
33854.780013363896,0.0
33874.81904976773,0.0
33894.85808617155,0.0
33914.897122575385,0.0
33934.93615897922,0.0
33954.97519538304,0.0
33975.014231786874,0.0
33995.0532681907,0.0
34015.09230459453,0.0
34035.131340998356,0.0
34055.17037740219,0.0
34075.20941380601,0.0
34095.248450209845,0.0
34115.28748661368,0.0
34135.3265230175,0.0
34155.365559421334,0.0
34175.40459582516,0.0
34195.44363222899,0.0
34215.482668632816,0.0
34235.52170503665,0.0
34255.56074144048,0.0
34275.599777844305,0.0
34295.63881424814,0.0
34315.67785065196,0.0
34335.716887055794,0.0
34355.75592345962,0.0
34375.79495986345,0.0
34395.833996267276,0.0
34415.87303267111,0.0
34435.91206907494,0.0
34455.951105478765,0.0
34475.9901418826,0.0
34496.02917828642,0.0
34516.068214690255,0.0
34536.10725109408,0.0
34556.14628749791,0.0
34576.185323901744,0.0
34596.22436030557,0.0
34616.2633967094,0.0
34636.302433113226,0.0
34656.34146951706,0.0
34676.38050592088,0.0
34696.419542324715,0.0
34716.45857872854,0.0
34736.49761513237,0.0
34756.536651536204,0.0
34776.57568794003,0.0
34796.61472434386,0.0
34816.653760747686,0.0
34836.69279715152,0.0
34856.73183355534,0.0
34876.770869959175,0.0
34896.809906363,0.0
34916.84894276683,0.0
34936.887979170664,0.0
34956.92701557449,0.0
34976.96605197832,0.0
34997.005088382146,0.0
35017.04412478598,0.0
35037.0831611898,0.0
35057.122197593635,0.0
35077.16123399747,0.0
35097.20027040129,0.0
35117.239306805124,0.0
35137.27834320895,0.0
35157.31737961278,0.0
35177.356416016606,0.0
35197.39545242044,0.0
35217.43448882426,0.0
35237.473525228095,0.0
35257.51256163193,0.0
35277.55159803575,0.0
35297.590634439584,0.0
35317.62967084341,0.0
35337.66870724724,0.0
35357.707743651066,0.0
35377.7467800549,0.0
35397.78581645872,0.0
35417.824852862555,0.0
35437.86388926639,0.0
35457.90292567021,0.0
35477.941962074045,0.0
35497.98099847787,0.0
35518.0200348817,0.0
35538.05907128553,0.0
35558.09810768936,0.0
35578.13714409319,0.0
35598.176180497016,0.0
35618.21521690085,0.0
35638.25425330467,0.0
35658.293289708505,0.0
35678.33232611233,0.0
35698.37136251616,0.0
35718.41039891999,0.0
35738.44943532382,0.0
35758.48847172765,0.0
35778.527508131476,0.0
35798.56654453531,0.0
35818.60558093913,0.0
35838.644617342965,0.0
35858.68365374679,0.0
35878.72269015062,0.0
35898.76172655445,0.0
35918.80076295828,0.0
35938.83979936211,0.0
35958.878835765936,0.0
35978.91787216977,0.0
35998.95690857359,0.0
36018.995944977425,0.0
36039.03498138125,0.0
36059.07401778508,0.0
36079.113054188914,0.0
36099.15209059274,0.0
36119.19112699657,0.0
36139.230163400396,0.0
36159.26919980423,0.0
36179.30823620805,0.0
36199.347272611885,0.0
36219.38630901571,0.0
36239.42534541954,0.0
36259.464381823374,0.0
36279.5034182272,0.0
36299.54245463103,0.0
36319.581491034856,0.0
36339.62052743869,0.0
36359.65956384251,0.0
36379.698600246345,0.0
36399.73763665018,0.0
36419.776673054,0.0
36439.815709457835,0.0
36459.85474586166,0.0
36479.89378226549,0.0
36499.93281866932,0.0
36519.97185507315,0.0
36540.01089147697,0.0
36560.049927880806,0.0
36580.08896428464,0.0
36600.12800068846,0.0
36620.167037092295,0.0
36640.20607349612,0.0
36660.24510989995,0.0
36680.28414630378,0.0
36700.32318270761,0.0
36720.362219111434,0.0
36740.401255515266,0.0
36760.4402919191,0.0
36780.47932832292,0.0
36800.518364726755,0.0
36820.55740113058,0.0
36840.59643753441,0.0
36860.63547393824,0.0
36880.67451034207,0.0
36900.7135467459,0.0
36920.752583149726,0.0
36940.79161955356,0.0
36960.83065595738,0.0
36980.869692361215,0.0
37000.90872876504,0.0
37020.94776516887,0.0
37040.9868015727,0.0
37061.02583797653,0.0
37081.06487438036,0.0
37101.103910784186,0.0
37121.14294718802,0.0
37141.18198359184,0.0
37161.221019995675,0.0
37181.2600563995,0.0
37201.29909280333,0.0
37221.33812920716,0.0
37241.37716561099,0.0
37261.41620201482,0.0
37281.455238418646,0.0
37301.49427482248,0.0
37321.5333112263,0.0
37341.572347630135,0.0
37361.61138403396,0.0
37381.65042043779,0.0
37401.689456841625,0.0
37421.72849324545,0.0
37441.76752964928,0.0
37461.80656605311,0.0
37481.84560245694,0.0
37501.88463886076,0.0
37521.923675264596,0.0
37541.96271166842,0.0
37562.00174807225,0.0
37582.040784476085,0.0
37602.07982087991,0.0
37622.11885728374,0.0
37642.15789368757,0.0
37662.1969300914,0.0
37682.235966495224,0.0
37702.275002899056,0.0
37722.31403930289,0.0
37742.35307570671,0.0
37762.392112110545,0.0
37782.43114851437,0.0
37802.4701849182,0.0
37822.50922132203,0.0
37842.54825772586,0.0
37862.587294129684,0.0
37882.626330533516,0.0
37902.66536693735,0.0
37922.70440334117,0.0
37942.743439745005,0.0
37962.78247614883,0.0
37982.82151255266,0.0
38002.86054895649,0.0
38022.89958536032,0.0
38042.938621764144,0.0
38062.977658167976,0.0
38083.01669457181,0.0
38103.05573097563,0.0
38123.094767379465,0.0
38143.13380378329,0.0
38163.17284018712,0.0
38183.21187659095,0.0
38203.25091299478,0.0
38223.28994939861,0.0
38243.32898580244,0.0
38263.36802220627,0.0
38283.40705861009,0.0
38303.446095013926,0.0
38323.48513141775,0.0
38343.52416782158,0.0
38363.56320422541,0.0
38383.60224062924,0.0
38403.64127703307,0.0
38423.6803134369,0.0
38443.71934984073,0.0
38463.75838624455,0.0
38483.797422648386,0.0
38503.83645905221,0.0
38523.87549545604,0.0
38543.91453185987,0.0
38563.9535682637,0.0
38583.99260466753,0.0
38604.03164107136,0.0
38624.07067747519,0.0
38644.109713879014,0.0
38664.148750282846,0.0
38684.18778668667,0.0
38704.2268230905,0.0
38724.265859494335,0.0
38744.30489589816,0.0
38764.34393230199,0.0
38784.38296870582,0.0
38804.42200510965,0.0
38824.461041513474,0.0
38844.500077917306,0.0
38864.53911432113,0.0
38884.57815072496,0.0
38904.617187128795,0.0
38924.65622353262,0.0
38944.69525993645,0.0
38964.73429634028,0.0
38984.77333274411,0.0
39004.812369147934,0.0
39024.851405551766,0.0
39044.8904419556,0.0
39064.92947835942,0.0
39084.968514763255,0.0
39105.00755116708,0.0
39125.04658757091,0.0
39145.08562397474,0.0
39165.12466037857,0.0
39185.163696782394,0.0
39205.20273318623,0.0
39225.24176959006,0.0
39245.28080599388,0.0
39265.319842397716,0.0
39285.35887880154,0.0
39305.39791520537,0.0
39325.4369516092,0.0
39345.47598801303,0.0
39365.515024416854,0.0
39385.55406082069,0.0
39405.59309722452,0.0
39425.63213362834,0.0
39445.671170032176,0.0
39465.710206436,0.0
39485.74924283983,0.0
39505.78827924366,0.0
39525.82731564749,0.0
39545.86635205132,0.0
39565.90538845515,0.0
39585.94442485898,0.0
39605.983461262804,0.0
39626.022497666636,0.0
39646.06153407046,0.0
39666.10057047429,0.0
39686.13960687812,0.0
39706.17864328195,0.0
39726.21767968578,0.0
39746.25671608961,0.0
39766.29575249344,0.0
39786.334788897264,0.0
39806.373825301096,0.0
39826.41286170492,0.0
39846.45189810875,0.0
39866.49093451258,0.0
39886.52997091641,0.0
39906.56900732024,0.0
39926.60804372407,0.0
39946.6470801279,0.0
39966.686116531724,0.0
39986.725152935556,0.0
40006.76418933938,0.0
40026.80322574321,0.0
40046.842262147045,0.0
40066.88129855087,0.0
40086.9203349547,0.0
40106.95937135853,0.0
40126.99840776236,0.0
40147.037444166184,0.0
40167.07648057002,0.0
40187.11551697384,0.0
40207.15455337767,0.0
40227.193589781506,0.0
40247.23262618533,0.0
40267.27166258916,0.0
40287.31069899299,0.0
40307.34973539682,0.0
40327.388771800644,0.0
40347.42780820448,0.0
40367.46684460831,0.0
40387.50588101213,0.0
40407.544917415966,0.0
40427.58395381979,0.0
40447.62299022362,0.0
40467.66202662745,0.0
40487.70106303128,0.0
40507.740099435105,0.0
40527.77913583894,0.0
40547.81817224277,0.0
40567.857208646594,0.0
40587.896245050426,0.0
40607.93528145425,0.0
40627.97431785808,0.0
40648.01335426191,0.0
40668.05239066574,0.0
40688.091427069565,0.0
40708.1304634734,0.0
40728.16949987723,0.0
40748.208536281054,0.0
40768.247572684886,0.0
40788.28660908871,0.0
40808.32564549254,0.0
40828.36468189637,0.0
40848.4037183002,0.0
40868.44275470403,0.0
40888.48179110786,0.0
40908.52082751169,0.0
40928.559863915514,0.0
40948.598900319346,0.0
40968.63793672317,0.0
40988.676973127,0.0
41008.71600953083,0.0
