Energy (keV),Intensity (CPS)
-11.25544655257224,0.0
8.78403819152045,0.0
28.82352293561314,0.0
48.86300767970583,0.0
68.90249242379852,0.0
88.94197716789121,0.0
108.9814619119839,0.0
129.02094665607657,0.0
149.06043140016928,0.0
169.09991614426198,0.0
189.13940088835466,0.0
209.17888563244733,0.0
229.21837037654004,0.0
249.25785512063274,0.0
269.29733986472536,0.0
289.33682460881806,0.0
309.37630935291077,0.0
329.41579409700347,0.0
349.4552788410962,0.0
369.4947635851888,0.0
389.5342483292815,0.384033635758503
409.5737330733742,0.384033635758503
429.6132178174669,0.0
449.6527025615596,0.768067271517006
469.6921873056523,0.384033635758503
489.731672049745,0.0
509.7711567938377,0.384033635758503
529.8106415379303,2.304201814551018
549.850126282023,1.152100907275509
569.8896110261157,1.536134543034012
589.9290957702084,3.072269086068024
609.9685805143012,2.688235450309521
630.0080652583938,1.9201681787925151
650.0475500024864,0.768067271517006
670.0870347465792,1.152100907275509
690.1265194906719,2.688235450309521
710.1660042347646,1.152100907275509
730.2054889788573,1.152100907275509
750.2449737229499,2.688235450309521
770.2844584670427,1.536134543034012
790.3239432111353,2.304201814551018
810.363427955228,3.4563027218265274
830.4029126993207,2.688235450309521
850.4423974434134,6.144538172136048
870.481882187506,7.6806727151700604
890.5213669315988,8.448739986687066
910.5608516756914,15.361345430340121
930.6003364197842,33.794959946748264
950.6398211638768,34.56302721826527
970.6793059079695,26.49832086733671
990.7187906520622,15.361345430340121
1010.7582753961549,8.83277362244557
1030.7977601402476,9.984874529721079
1050.8372448843402,9.600840893962575
1070.876729628433,13.057143615789103
1090.9162143725257,14.209244523064612
1110.9556991166182,12.289076344272097
1130.995183860711,9.216807258204073
1151.0346686048038,8.448739986687066
1171.0741533488965,14.209244523064612
1191.113638092989,16.897479973374132
1211.1531228370818,11.52100907275509
1231.1926075811746,14.593278158823114
1251.232092325267,9.984874529721079
1271.2715770693599,6.912605443653055
1291.3110618134526,3.4563027218265274
1311.3505465575452,3.4563027218265274
1331.390031301638,5.760504536377545
1351.4295160457307,7.296639079411557
1371.4690007898232,4.608403629102036
1391.508485533916,5.760504536377545
1411.5479702780087,7.296639079411557
1431.5874550221015,8.064706350928564
1451.626939766194,12.673109980030599
1471.6664245102868,19.969749059442158
1491.7059092543795,23.81008541702719
1511.745393998472,14.977311794581619
1531.7848787425648,9.216807258204073
1551.8243634866576,5.760504536377545
1571.8638482307501,5.760504536377545
1591.903332974843,2.688235450309521
1611.9428177189357,5.760504536377545
1631.9823024630282,4.9924372648605395
1652.021787207121,6.528571807894552
1672.0612719512137,13.82521088730611
1692.1007566953062,27.266388138853713
1712.140241439399,45.70000265526186
1732.1797261834918,48.38823810557138
1752.2192109275843,57.22101172801695
1772.258695671677,33.02689267523126
1792.2981804157698,16.897479973374132
1812.3376651598626,12.289076344272097
1832.3771499039551,10.368908165479581
1852.4166346480479,9.600840893962575
1872.4561193921406,11.52100907275509
1892.4956041362332,7.296639079411557
1912.535088880326,10.752941801238084
1932.5745736244187,10.752941801238084
1952.6140583685112,14.977311794581619
1972.653543112604,19.585715423683656
1992.6930278566967,31.490758132197247
2012.7325126007893,38.0193299400918
2032.771997344882,33.02689267523126
2052.8114820889746,23.426051781268683
2072.8509668330676,23.81008541702719
2092.89045157716,21.889917238234673
2112.9299363212526,28.418489046129224
2132.9694210653456,24.962186324302696
2153.008905809438,29.18655631764623
2173.0483905535307,27.65042177461222
2193.0878752976237,28.03445541037072
2213.127360041716,28.802522681887726
2233.1668447858087,28.03445541037072
2253.2063295299017,49.92437264860539
2273.2458142739943,62.21344899287749
2293.2852990180872,75.65462624442509
2313.32478376218,76.0386598801836
2333.3642685062723,72.58235715835707
2353.4037532503653,79.49496260201012
2373.443237994458,76.0386598801836
2393.4827227385504,74.88655897290809
2413.5222074826434,65.28571807894551
2433.561692226736,59.14117990680946
2453.6011769708284,57.98907899953396
2473.6406617149214,54.53277627770743
2493.680146459014,58.75714627105096
2513.7196312031065,66.82185262197953
2533.7591159471995,81.03109714504414
2553.798600691292,103.68908165479581
2573.8380854353845,127.49916707182301
2593.8775701794775,207.76219694535013
2613.91705492357,381.3454003081935
2633.9565396676626,673.9790307561728
2653.9960244117556,1079.518550117152
2674.035509155848,1487.3622712926822
2694.0749938999406,1681.2992573507263
2714.1144786440336,1539.5908457558387
2734.153963388126,1051.4840947067812
2754.1934481322187,702.7815534380605
2774.2329328763117,588.3395299820266
2794.272417620404,662.0739880476592
2814.3119023644967,840.2655950396046
2834.3513871085897,912.0798849264447
2854.3908718526823,855.2429068341862
2874.4303565967753,714.6865961465742
2894.469841340868,632.887431730013
2914.5093260849603,686.2681071004449
2934.5488108290533,733.8882779344992
2954.588295573146,786.1168523976556
2974.6277803172384,715.0706297823326
2994.6672650613314,519.9815428170131
3014.706749805424,390.17817393063905
3034.7462345495164,250.77396415030248
3054.7857192936094,172.81513609132637
3074.825204037702,128.65126797909852
3094.8646887817945,128.26723434334002
3114.9041735258875,126.3470661645475
3134.94365826998,143.62857977368014
3154.9831430140725,164.7504297403978
3175.0226277581655,141.70841159488762
3195.062112502258,153.6134543034012
3215.1015972463506,130.57143615789101
3235.1410819904436,114.4420234560339
3255.180566734536,106.76135074086385
3275.2200514786286,105.99328346934684
3295.2595362227216,149.77311794581618
3315.299020966814,152.0773197603672
3335.3385057109067,153.6134543034012
3355.3779904549997,138.6361425088196
3375.417475199092,130.57143615789101
3395.4569599431848,117.13025890634343
3415.4964446872777,103.68908165479581
3435.5359294313703,99.84874529721078
3455.575414175463,90.24790440324821
3475.614898919556,90.24790440324821
3495.6543836636483,91.01597167476521
3515.693868407741,91.40000531052372
3535.733353151834,100.23277893296928
3555.7728378959264,100.23277893296928
3575.8123226400194,88.32773622445569
3595.851807384112,112.13782164148289
3615.8912921282044,112.13782164148289
3635.9307768722974,138.25210887306108
3655.97026161639,139.0201761445781
3676.0097463604825,161.67816065432976
3696.0492311045755,150.15715158157468
3716.088715848668,149.00505067429918
3736.1282005927605,138.25210887306108
3756.1676853368535,132.87563797244204
3776.207170080946,132.87563797244204
3796.2466548250386,119.05042708513594
3816.2861395691316,114.4420234560339
3836.325624313224,115.5941243633094
3856.3651090573167,123.65883071423798
3876.4045938014096,117.89832617786043
3896.444078545502,124.04286434999648
3916.4835632895947,134.41177251547606
3936.5230480336877,140.5563106876121
3956.5625327777802,140.5563106876121
3976.6020175218728,130.18740252213252
3996.6415022659658,137.10000796578558
4016.6809870100583,144.01261340943864
4036.720471754151,131.72353706516654
4056.759956498244,141.70841159488762
4076.7994412423363,136.33194069426858
4096.83892598643,139.4042097803366
4116.878410730522,138.6361425088196
4136.917895474615,137.10000796578558
4156.957380218708,123.65883071423798
4176.9968649628,152.8453870318842
4197.036349706893,138.25210887306108
4217.075834450986,135.56387342275156
4237.115319195078,149.77311794581618
4257.154803939171,151.6932861246087
4277.194288683264,142.47647886640462
4297.233773427356,145.54874795247264
4317.273258171449,158.22185793250324
4337.312742915542,154.76555521067672
4357.352227659634,166.6705979191903
4377.391712403727,162.44622792584678
4397.43119714782,157.83782429674474
4417.470681891912,160.52605974705426
4437.510166636005,162.06219429008829
4457.549651380098,173.96723699860186
4477.58913612419,183.95211152832294
4497.628620868283,177.8075733561869
4517.668105612376,187.02438061439096
4537.707590356469,174.35127063436036
4557.747075100561,176.27143881315288
4577.786559844654,178.5756406277039
4597.826044588747,168.20673246222432
4617.865529332839,185.48824607135697
4637.905014076932,157.45379066098624
4657.944498821025,183.56807789256445
4677.983983565117,175.1193379058774
4698.02346830921,173.58320336284336
4718.062953053303,185.48824607135697
4738.102437797395,186.25631334287397
4758.141922541488,183.95211152832294
4778.181407285581,193.16891878652703
4798.220892029673,185.48824607135697
4818.260376773766,224.27564328296577
4838.299861517859,190.09664970045898
4858.3393462619515,186.64034697863246
4878.3788310060445,203.9218605877651
4898.4183157501375,202.0016924089726
4918.45780049423,226.5798450975168
4938.497285238323,200.8495915016971
4958.5367699824155,206.22606240231613
4978.576254726508,207.76219694535013
4998.615739470601,200.8495915016971
5018.655224214694,215.0588360247617
5038.694708958786,206.99412967383313
5058.734193702879,216.9790042035542
5078.773678446972,209.29833148838415
5098.813163191064,223.12354237569025
5118.852647935157,222.73950873993175
5138.89213267925,217.7470714750712
5158.931617423342,223.12354237569025
5178.971102167435,223.89160964720728
5199.010586911528,258.83867050123104
5219.05007165562,235.41261871996235
5239.089556399713,257.30253595819704
5259.129041143806,228.1159796405508
5279.168525887898,274.96808320308816
5299.208010631991,269.9756459382276
5319.247495376084,288.0252268188773
5339.286980120176,312.98741314317994
5359.326464864269,306.0748076995269
5379.365949608362,327.19665766624456
5399.405434352454,324.89245585169357
5419.444919096547,330.6529603880711
5439.48440384064,327.19665766624456
5459.523888584732,321.436153129867
5479.563373328825,303.3865722492174
5499.602858072918,297.2420340770813
5519.64234281701,264.5991750376086
5539.681827561103,283.80085682553374
5559.721312305196,297.62606771283987
5579.760797049288,275.73615047460515
5599.800281793381,291.0974959049453
5619.839766537474,285.33699136856774
5639.879251281566,315.291614957731
5659.918736025659,299.54623589163236
5679.958220769752,271.1277468455031
5699.997705513844,326.42859039472756
5720.037190257937,304.1546395207344
5740.07667500203,315.291614957731
5760.116159746123,326.81262403048606
5780.155644490215,314.9075813219725
5800.195129234308,326.04455675896907
5820.234613978401,338.71766673899964
5840.274098722493,346.39833945416973
5860.313583466586,342.5580030965847
5880.353068210679,362.91178579178535
5900.392552954771,359.4554830699588
5920.432037698864,346.39833945416973
5940.471522442957,349.0865749044792
5960.5110071870495,350.6227094475133
5980.5504919311425,358.6874157984418
6000.589976675235,341.0218685535507
6020.6294614193275,331.8050612953466
6040.6689461634205,325.27648948745207
6060.7084309075135,328.7327922092786
6080.747915651606,339.4857340105167
6100.787400395699,350.6227094475133
6120.826885139792,344.47817127537724
6140.866369883884,357.5353148911663
6160.905854627977,387.87397211608805
6180.94533937207,393.2504430167071
6200.984824116162,402.4672502749112
6221.024308860255,420.1327975198023
6241.063793604348,421.6689320628363
6261.10327834844,422.43699933435335
6281.142763092533,422.43699933435335
6301.182247836626,451.23952201624104
6321.221732580718,461.2243965459621
6341.261217324811,472.7454056187172
6361.300702068904,526.1260809891492
6381.340186812996,524.5899464461152
6401.379671557089,492.71515467815937
6421.419156301182,491.56305377088387
6441.458641045274,469.2891028968907
6461.498125789367,457.3840601883771
6481.53761053346,427.4294365992139
6501.577095277552,389.02607302336355
6521.616580021645,389.02607302336355
6541.656064765738,384.80170303002
6561.69554950983,362.14371852026835
6581.735034253923,384.033635758503
6601.774518998016,375.2008621360575
6621.814003742108,365.9840548778534
6641.853488486201,368.2882566924044
6661.892973230294,357.1512812554078
6681.932457974386,382.1134675797105
6701.971942718479,361.75968488450985
6722.011427462572,379.80926576515947
6742.050912206664,380.961366672435
6762.090396950757,384.80170303002
6782.12988169485,375.584895771816
6802.169366438942,380.5773330366765
6822.208851183035,368.2882566924044
6842.248335927128,385.1857366657785
6862.28782067122,358.3033821626833
6882.327305415313,372.89666032150643
6902.366790159406,382.1134675797105
6922.406274903498,401.6991830033942
6942.445759647591,383.6496021227445
6962.485244391684,392.4823757451901
6982.524729135776,369.4403575996799
7002.564213879869,383.6496021227445
7022.603698623962,373.66472759302343
7042.643183368054,381.3454003081935
7062.682668112147,372.89666032150643
7082.72215285624,377.889097586367
7102.761637600333,372.89666032150643
7122.8011223444255,371.74455941423093
7142.8406070885185,355.9991803481323
7162.8800918326115,336.79749856020715
7182.919576576704,358.3033821626833
7202.9590613207965,351.77481035478877
7222.9985460648895,342.9420367323432
7243.038030808982,346.01430581841123
7263.077515553075,343.7101040038602
7283.117000297168,339.4857340105167
7303.15648504126,344.86220491113573
7323.195969785353,353.31094489782276
7343.235454529446,349.0865749044792
7363.274939273538,339.8697676462752
7383.314424017631,361.75968488450985
7403.353908761724,349.4706085402378
7423.393393505816,344.47817127537724
7443.432878249909,353.31094489782276
7463.472362994002,313.3714467789385
7483.511847738094,358.3033821626833
7503.551332482187,315.6756485934895
7523.59081722628,309.91514405711195
7543.630301970372,310.68321132862894
7563.669786714465,323.7403549444181
7583.709271458558,308.76304314983645
7603.74875620265,310.29917769287044
7623.788240946743,297.2420340770813
7643.827725690836,304.9227067922514
7663.867210434928,311.45127860014594
7683.906695179021,316.059682229248
7703.946179923114,304.9227067922514
7723.985664667206,284.95295773280924
7744.025149411299,316.827749500765
7764.064634155392,305.3067404280099
7784.104118899484,298.39413498435687
7804.143603643577,303.7706058849759
7824.18308838767,295.3218658982888
7844.222573131762,279.1924531964317
7864.262057875855,294.5537986267718
7884.301542619948,286.48909227584323
7904.34102736404,299.16220225587386
7924.380512108133,293.0176640837378
7944.419996852226,312.60337950742144
7964.459481596318,290.7134622691868
7984.498966340411,301.46640407042486
8004.538451084504,308.37900951407795
8024.577935828596,290.7134622691868
8044.617420572689,295.7058995340473
8064.656905316782,279.5764868321902
8084.696390060874,305.3067404280099
8104.735874804967,298.01010134859837
8124.77535954906,279.5764868321902
8144.814844293152,291.8655631764623
8164.854329037245,265.3672423091256
8184.893813781338,271.89581411702017
8204.933298525431,262.6790068588161
8224.972783269524,280.7285877394657
8245.012268013616,272.27984775277866
8265.051752757709,256.53446868668004
8285.091237501802,262.6790068588161
8305.130722245895,254.230266872129
8325.170206989987,253.8462332363705
8345.20969173408,259.60673777274803
8365.249176478172,256.15043505092154
8385.288661222265,250.38993051454398
8405.328145966358,243.4773250708909
8425.36763071045,243.8613587066494
8445.407115454544,255.76640141516302
8465.446600198637,226.5798450975168
8485.486084942728,230.4201814551018
8505.52556968682,246.54959415695893
8525.565054430914,245.78152688544193
8545.604539175007,244.2453923424079
8565.6440239191,232.72438326965283
8585.683508663193,230.4201814551018
8605.722993407284,242.32522416361542
8625.762478151377,244.2453923424079
8645.80196289547,251.15799778606097
8665.841447639563,242.70925779937392
8685.880932383656,250.38993051454398
8705.920417127749,225.04371055448277
8725.95990187184,226.19581146175827
8745.999386615933,214.6748023890032
8766.038871360026,205.0739614950406
8786.078356104119,208.14623058110863
8806.117840848212,207.37816330959163
8826.157325592305,210.83446603141815
8846.196810336396,209.68236512414265
8866.236295080489,192.0168178792515
8886.275779824582,191.2487506077345
8906.315264568675,183.56807789256445
8926.354749312768,190.864716971976
8946.394234056861,183.56807789256445
8966.433718800952,181.26387607801342
8986.473203545045,183.56807789256445
9006.512688289138,173.58320336284336
9026.552173033231,178.1916069919454
9046.591657777324,157.45379066098624
9066.631142521417,137.48404160154408
9086.67062726551,155.91765611795222
9106.710112009601,158.98992520402024
9126.749596753694,144.78068068095564
9146.789081497787,137.48404160154408
9166.82856624188,139.4042097803366
9186.868050985973,137.10000796578558
9206.907535730066,125.96303252878899
9226.947020474157,129.80336888637402
9246.98650521825,130.57143615789101
9267.025989962343,127.49916707182301
9287.065474706436,124.04286434999648
9307.10495945053,114.4420234560339
9327.144444194622,114.4420234560339
9347.183928938714,119.05042708513594
9367.223413682806,114.4420234560339
9387.2628984269,105.99328346934684
9407.302383170992,101.7689134760033
9427.341867915085,93.32017348931623
9447.381352659178,89.0958034959727
9467.42083740327,93.70420712507473
9487.460322147363,82.95126532383665
9507.499806891456,77.57479442321761
9527.539291635549,79.87899623776863
9547.578776379642,69.89412170804755
9567.618261123735,71.04622261532306
9587.657745867826,67.58991989349653
9607.697230611919,66.82185262197953
9627.736715356012,53.76470900619042
9647.776200100105,52.22857446315641
9667.815684844198,50.692439920122396
9687.85516958829,49.54033901284689
9707.894654332382,47.62017083405438
9727.934139076475,40.70756539040132
9747.973623820568,50.3084062843639
9768.01310856466,36.86722903281629
9788.052593308754,34.56302721826527
9808.092078052847,30.722690860680242
9828.131562796938,35.71512812554078
9848.171047541031,29.954623589163237
9868.210532285124,22.657984509751678
9888.250017029217,25.730253595819704
9908.28950177331,26.49832086733671
9928.328986517403,23.426051781268683
9948.368471261494,22.657984509751678
9968.407956005587,16.897479973374132
9988.44744074968,13.057143615789103
10008.486925493773,19.20168178792515
10028.526410237866,13.057143615789103
10048.565894981959,13.82521088730611
10068.60537972605,8.83277362244557
10088.644864470143,7.6806727151700604
10108.684349214236,9.216807258204073
10128.72383395833,9.216807258204073
10148.763318702422,5.760504536377545
10168.802803446515,7.296639079411557
10188.842288190606,5.760504536377545
10208.8817729347,3.8403363575850302
10228.921257678792,4.224369993343533
10248.960742422885,5.760504536377545
10269.000227166978,3.072269086068024
10289.039711911071,3.4563027218265274
10309.079196655164,1.152100907275509
10329.118681399255,1.9201681787925151
10349.158166143348,1.152100907275509
10369.197650887441,1.152100907275509
10389.237135631534,0.0
10409.276620375627,0.768067271517006
10429.31610511972,0.768067271517006
10449.355589863811,0.768067271517006
10469.395074607904,1.152100907275509
10489.434559351997,1.536134543034012
10509.47404409609,2.304201814551018
10529.513528840183,1.536134543034012
10549.553013584276,0.768067271517006
10569.592498328368,0.0
10589.63198307246,1.536134543034012
10609.671467816554,1.536134543034012
10629.710952560647,1.152100907275509
10649.75043730474,1.536134543034012
10669.789922048833,2.304201814551018
10689.829406792924,1.9201681787925151
10709.868891537017,2.688235450309521
10729.90837628111,0.768067271517006
10749.947861025203,1.536134543034012
10769.987345769296,2.304201814551018
10790.026830513389,1.152100907275509
10810.06631525748,0.384033635758503
10830.105800001573,1.9201681787925151
10850.145284745666,1.152100907275509
10870.184769489759,1.536134543034012
10890.224254233852,1.536134543034012
10910.263738977945,1.9201681787925151
10930.303223722036,1.152100907275509
10950.342708466129,2.688235450309521
10970.382193210222,1.152100907275509
10990.421677954315,1.536134543034012
11010.461162698408,1.152100907275509
11030.5006474425,2.304201814551018
11050.540132186592,0.768067271517006
11070.579616930685,0.768067271517006
11090.619101674778,0.384033635758503
11110.658586418871,1.152100907275509
11130.698071162964,2.688235450309521
11150.737555907057,1.536134543034012
11170.777040651148,1.536134543034012
11190.816525395241,2.304201814551018
11210.856010139334,1.536134543034012
11230.895494883427,1.536134543034012
11250.93497962752,0.768067271517006
11270.974464371613,1.536134543034012
11291.013949115704,0.384033635758503
11311.053433859797,0.0
11331.09291860389,0.768067271517006
11351.132403347983,0.384033635758503
11371.171888092076,0.384033635758503
11391.21137283617,2.304201814551018
11411.25085758026,2.688235450309521
11431.290342324353,0.384033635758503
11451.329827068446,1.9201681787925151
11471.36931181254,1.152100907275509
11491.408796556632,0.384033635758503
11511.448281300725,0.768067271517006
11531.487766044818,1.536134543034012
11551.52725078891,0.768067271517006
11571.566735533002,1.152100907275509
11591.606220277095,0.384033635758503
11611.645705021188,1.536134543034012
11631.685189765281,0.768067271517006
11651.724674509374,1.9201681787925151
11671.764159253466,1.152100907275509
11691.803643997559,0.384033635758503
11711.843128741652,0.768067271517006
11731.882613485745,2.304201814551018
11751.922098229838,1.152100907275509
11771.96158297393,2.688235450309521
11792.001067718022,1.152100907275509
11812.040552462115,0.384033635758503
11832.080037206208,0.384033635758503
11852.1195219503,2.688235450309521
11872.159006694394,1.9201681787925151
11892.198491438487,0.768067271517006
11912.237976182578,1.152100907275509
11932.27746092667,1.152100907275509
11952.316945670764,0.384033635758503
11972.356430414857,1.536134543034012
11992.39591515895,1.536134543034012
12012.435399903043,0.0
12032.474884647134,0.768067271517006
12052.514369391227,1.152100907275509
12072.55385413532,0.768067271517006
12092.593338879413,0.768067271517006
12112.632823623506,1.536134543034012
12132.672308367599,1.9201681787925151
12152.71179311169,1.536134543034012
12172.751277855783,0.768067271517006
12192.790762599876,0.768067271517006
12212.830247343969,0.0
12232.869732088062,2.688235450309521
12252.909216832155,1.9201681787925151
12272.948701576246,0.0
12292.988186320339,0.768067271517006
12313.027671064432,1.152100907275509
12333.067155808525,0.384033635758503
12353.106640552618,1.536134543034012
12373.146125296711,0.384033635758503
12393.185610040802,2.688235450309521
12413.225094784895,0.768067271517006
12433.264579528988,0.768067271517006
12453.304064273081,1.536134543034012
12473.343549017174,1.9201681787925151
12493.383033761267,0.768067271517006
12513.422518505358,1.152100907275509
12533.462003249451,0.768067271517006
12553.501487993544,1.152100907275509
12573.540972737637,1.152100907275509
12593.58045748173,1.536134543034012
12613.619942225823,0.768067271517006
12633.659426969914,0.768067271517006
12653.698911714007,2.304201814551018
12673.7383964581,0.768067271517006
12693.777881202193,1.536134543034012
12713.817365946286,3.8403363575850302
12733.85685069038,0.768067271517006
12753.89633543447,0.768067271517006
12773.935820178564,1.9201681787925151
12793.975304922657,0.768067271517006
12814.01478966675,1.152100907275509
12834.054274410842,1.152100907275509
12854.093759154935,2.304201814551018
12874.133243899028,1.152100907275509
12894.17272864312,1.536134543034012
12914.212213387213,0.768067271517006
12934.251698131306,0.0
12954.291182875399,0.0
12974.330667619492,1.9201681787925151
12994.370152363585,0.0
13014.409637107676,3.8403363575850302
13034.449121851769,1.536134543034012
13054.488606595862,2.304201814551018
13074.528091339955,0.768067271517006
13094.567576084048,1.152100907275509
13114.60706082814,0.384033635758503
13134.646545572232,2.304201814551018
13154.686030316325,1.9201681787925151
13174.725515060418,1.9201681787925151
13194.76499980451,0.768067271517006
13214.804484548604,0.768067271517006
13234.843969292697,0.768067271517006
13254.883454036788,1.152100907275509
13274.922938780881,0.384033635758503
13294.962423524974,1.536134543034012
13315.001908269067,1.536134543034012
13335.04139301316,0.768067271517006
13355.080877757253,0.768067271517006
13375.120362501344,1.152100907275509
13395.159847245437,0.0
13415.19933198953,1.9201681787925151
13435.238816733623,0.768067271517006
13455.278301477716,0.0
13475.317786221809,0.384033635758503
13495.3572709659,1.536134543034012
13515.396755709993,1.536134543034012
13535.436240454086,0.768067271517006
13555.47572519818,0.0
13575.515209942272,1.152100907275509
13595.554694686365,1.152100907275509
13615.594179430456,0.384033635758503
13635.63366417455,0.768067271517006
13655.673148918642,1.9201681787925151
13675.712633662735,1.9201681787925151
13695.752118406828,2.304201814551018
13715.791603150921,1.152100907275509
13735.831087895012,0.768067271517006
13755.870572639105,1.9201681787925151
13775.910057383198,1.9201681787925151
13795.949542127291,0.384033635758503
13815.989026871384,0.768067271517006
13836.028511615477,0.768067271517006
13856.067996359568,1.536134543034012
13876.107481103661,1.152100907275509
13896.146965847754,1.9201681787925151
13916.186450591847,0.0
13936.22593533594,1.536134543034012
13956.265420080033,1.536134543034012
13976.304904824125,2.688235450309521
13996.344389568218,1.9201681787925151
14016.38387431231,0.384033635758503
14036.423359056404,0.384033635758503
14056.462843800497,0.0
14076.50232854459,1.152100907275509
14096.54181328868,0.384033635758503
14116.581298032774,1.152100907275509
14136.620782776867,1.152100907275509
14156.66026752096,1.536134543034012
14176.699752265053,0.384033635758503
14196.739237009146,0.384033635758503
14216.778721753239,0.768067271517006
14236.81820649733,1.536134543034012
14256.857691241423,0.384033635758503
14276.897175985516,0.768067271517006
14296.936660729609,0.768067271517006
14316.976145473702,1.9201681787925151
14337.015630217795,1.152100907275509
14357.055114961886,1.9201681787925151
14377.094599705979,0.768067271517006
14397.134084450072,1.536134543034012
14417.173569194165,0.384033635758503
14437.213053938258,0.768067271517006
14457.25253868235,0.384033635758503
14477.292023426442,1.152100907275509
14497.331508170535,0.768067271517006
14517.370992914628,0.384033635758503
14537.410477658721,0.384033635758503
14557.449962402814,2.304201814551018
14577.489447146907,1.152100907275509
14597.528931890998,1.9201681787925151
14617.568416635091,1.536134543034012
14637.607901379184,0.768067271517006
14657.647386123277,0.384033635758503
14677.68687086737,0.384033635758503
14697.726355611463,1.152100907275509
14717.765840355554,1.536134543034012
14737.805325099647,0.768067271517006
14757.84480984374,1.9201681787925151
14777.884294587833,1.536134543034012
14797.923779331926,0.768067271517006
14817.96326407602,1.536134543034012
14838.00274882011,0.384033635758503
14858.042233564203,1.152100907275509
14878.081718308296,0.0
14898.12120305239,1.536134543034012
14918.160687796482,0.768067271517006
14938.200172540575,0.384033635758503
14958.239657284666,0.384033635758503
14978.27914202876,0.0
14998.318626772852,0.384033635758503
15018.358111516945,1.536134543034012
15038.397596261038,1.152100907275509
15058.437081005131,2.688235450309521
15078.476565749223,1.9201681787925151
15098.516050493316,1.9201681787925151
15118.555535237409,0.768067271517006
15138.595019981502,1.9201681787925151
15158.634504725595,0.768067271517006
15178.673989469688,0.384033635758503
15198.713474213779,0.384033635758503
15218.752958957872,0.768067271517006
15238.792443701965,0.384033635758503
15258.831928446058,0.768067271517006
15278.87141319015,0.384033635758503
15298.910897934244,0.768067271517006
15318.950382678335,1.152100907275509
15338.989867422428,0.384033635758503
15359.02935216652,0.384033635758503
15379.068836910614,1.152100907275509
15399.108321654707,1.536134543034012
15419.1478063988,1.536134543034012
15439.187291142893,0.384033635758503
15459.226775886984,0.384033635758503
15479.266260631077,0.768067271517006
15499.30574537517,0.0
15519.345230119263,0.0
15539.384714863356,0.768067271517006
15559.424199607449,0.768067271517006
15579.46368435154,0.384033635758503
15599.503169095633,1.152100907275509
15619.542653839726,0.384033635758503
15639.582138583819,0.384033635758503
15659.621623327912,0.0
15679.661108072005,0.768067271517006
15699.700592816096,0.384033635758503
15719.74007756019,0.768067271517006
15739.779562304282,0.0
15759.819047048375,0.384033635758503
15779.858531792468,0.768067271517006
15799.898016536561,0.384033635758503
15819.937501280652,0.768067271517006
15839.976986024745,0.0
15860.016470768838,0.0
15880.055955512931,0.384033635758503
15900.095440257024,0.384033635758503
15920.134925001117,0.384033635758503
15940.174409745208,0.384033635758503
15960.213894489301,1.152100907275509
15980.253379233394,0.384033635758503
16000.292863977487,0.0
16020.33234872158,0.0
16040.371833465673,0.768067271517006
16060.411318209764,0.384033635758503
16080.450802953857,0.768067271517006
16100.49028769795,0.384033635758503
16120.529772442043,0.768067271517006
16140.569257186136,1.152100907275509
16160.60874193023,0.384033635758503
16180.64822667432,1.152100907275509
16200.687711418414,0.384033635758503
16220.727196162507,0.384033635758503
16240.7666809066,0.768067271517006
16260.806165650692,1.152100907275509
16280.845650394785,1.152100907275509
16300.885135138877,1.536134543034012
16320.92461988297,0.384033635758503
16340.964104627063,0.0
16361.003589371156,0.768067271517006
16381.043074115249,1.152100907275509
16401.08255885934,0.0
16421.122043603435,0.384033635758503
16441.161528347526,0.384033635758503
16461.20101309162,0.384033635758503
16481.24049783571,0.0
16501.279982579803,1.152100907275509
16521.319467323898,0.768067271517006
16541.35895206799,0.0
16561.398436812084,0.768067271517006
16581.437921556175,0.0
16601.477406300266,0.0
16621.51689104436,0.768067271517006
16641.556375788452,0.384033635758503
16661.595860532547,0.384033635758503
16681.635345276638,0.0
16701.674830020733,0.384033635758503
16721.714314764824,0.0
16741.753799508915,1.152100907275509
16761.79328425301,0.384033635758503
16781.8327689971,0.384033635758503
16801.872253741196,0.768067271517006
16821.911738485287,0.0
16841.951223229382,0.384033635758503
16861.990707973473,0.0
16882.030192717564,0.0
16902.06967746166,0.0
16922.10916220575,0.384033635758503
16942.148646949845,0.0
16962.188131693936,0.384033635758503
16982.227616438027,0.768067271517006
17002.267101182122,0.384033635758503
17022.306585926213,0.0
17042.346070670308,0.0
17062.3855554144,0.384033635758503
17082.425040158494,0.0
17102.464524902585,0.0
17122.504009646676,0.384033635758503
17142.54349439077,0.0
17162.582979134862,0.384033635758503
17182.622463878957,0.0
17202.66194862305,0.384033635758503
17222.70143336714,0.384033635758503
17242.740918111234,0.0
17262.780402855326,0.384033635758503
17282.81988759942,0.384033635758503
17302.85937234351,0.0
17322.898857087606,0.384033635758503
17342.938341831697,0.768067271517006
17362.97782657579,0.0
17383.017311319883,0.384033635758503
17403.056796063975,0.384033635758503
17423.09628080807,0.0
17443.13576555216,0.384033635758503
17463.17525029625,0.0
17483.214735040347,0.0
17503.254219784438,0.768067271517006
17523.293704528533,0.384033635758503
17543.333189272624,0.384033635758503
17563.37267401672,0.0
17583.41215876081,0.768067271517006
17603.4516435049,0.0
17623.491128248996,0.384033635758503
17643.530612993087,0.0
17663.57009773718,0.0
17683.609582481273,0.0
17703.649067225364,0.384033635758503
17723.68855196946,0.384033635758503
17743.72803671355,0.0
17763.767521457645,0.0
17783.807006201736,0.384033635758503
17803.84649094583,0.0
17823.885975689922,0.0
17843.925460434013,0.384033635758503
17863.964945178108,0.0
17884.0044299222,0.0
17904.043914666294,0.384033635758503
17924.083399410385,0.0
17944.122884154476,0.0
17964.16236889857,0.0
17984.201853642662,0.0
18004.241338386757,0.0
18024.280823130848,0.0
18044.320307874943,0.384033635758503
18064.359792619034,0.0
18084.399277363125,0.0
18104.43876210722,0.0
18124.47824685131,0.0
18144.517731595406,0.0
18164.557216339497,0.0
18184.596701083592,0.0
18204.636185827683,0.0
18224.675670571774,0.0
18244.71515531587,0.0
18264.75464005996,0.0
18284.794124804055,0.384033635758503
18304.833609548146,0.0
18324.873094292238,0.0
18344.912579036332,0.0
18364.952063780423,0.0
18384.99154852452,0.0
18405.03103326861,0.0
18425.070518012704,0.0
18445.110002756795,0.0
18465.149487500887,0.0
18485.18897224498,0.0
18505.228456989073,0.0
18525.267941733167,0.0
18545.30742647726,0.0
18565.34691122135,0.0
18585.386395965445,0.0
18605.425880709536,0.0
18625.46536545363,0.0
18645.50485019772,0.0
18665.544334941816,0.384033635758503
18685.583819685908,0.0
18705.62330443,0.0
18725.662789174094,0.0
18745.702273918185,0.0
18765.74175866228,0.0
18785.78124340637,0.0
18805.820728150462,0.0
18825.860212894557,0.0
18845.899697638648,0.0
18865.939182382743,0.0
18885.978667126834,0.0
18906.01815187093,0.0
18926.05763661502,0.0
18946.09712135911,0.0
18966.136606103206,0.0
18986.176090847297,0.0
19006.215575591392,0.0
19026.255060335483,0.0
19046.294545079574,0.0
19066.33402982367,0.0
19086.37351456776,0.0
19106.412999311855,0.0
19126.452484055946,0.0
19146.49196880004,0.0
19166.531453544132,0.0
19186.570938288223,0.0
19206.610423032318,0.0
19226.64990777641,0.0
19246.689392520504,0.0
19266.728877264595,0.0
19286.76836200869,0.0
19306.80784675278,0.0
19326.847331496872,0.0
19346.886816240967,0.0
19366.92630098506,0.0
19386.965785729153,0.0
19407.005270473244,0.0
19427.044755217335,0.0
19447.08423996143,0.0
19467.12372470552,0.0
19487.163209449616,0.0
19507.202694193707,0.0
19527.242178937802,0.0
19547.281663681893,0.384033635758503
19567.321148425985,0.0
19587.36063317008,0.0
19607.40011791417,0.0
19627.439602658265,0.0
19647.479087402357,0.0
19667.518572146448,0.0
19687.558056890543,0.0
19707.597541634634,0.0
19727.63702637873,0.0
19747.67651112282,0.0
19767.715995866914,0.0
19787.755480611006,0.0
19807.794965355097,0.0
19827.83445009919,0.0
19847.873934843283,0.0
19867.913419587378,0.0
19887.95290433147,0.0
19907.99238907556,0.0
19928.031873819655,0.0
19948.071358563746,0.0
19968.11084330784,0.0
19988.150328051932,0.0
20008.189812796027,0.0
20028.229297540118,0.0
20048.26878228421,0.0
20068.308267028304,0.0
20088.347751772395,0.0
20108.38723651649,0.0
20128.42672126058,0.0
20148.466206004672,0.0
20168.505690748767,0.0
20188.545175492858,0.0
20208.584660236953,0.0
20228.624144981044,0.0
20248.66362972514,0.0
20268.70311446923,0.0
20288.74259921332,0.0
20308.782083957416,0.0
20328.821568701507,0.0
20348.861053445602,0.0
20368.900538189693,0.0
20388.940022933784,0.0
20408.97950767788,0.0
20429.01899242197,0.0
20449.058477166065,0.0
20469.097961910156,0.0
20489.13744665425,0.0
20509.176931398342,0.0
20529.216416142433,0.0
20549.25590088653,0.0
20569.29538563062,0.0
20589.334870374714,0.0
20609.374355118805,0.0
20629.4138398629,0.0
20649.45332460699,0.0
20669.492809351083,0.0
20689.532294095177,0.0
20709.57177883927,0.0
20729.611263583363,0.0
20749.650748327454,0.0
20769.690233071546,0.0
20789.72971781564,0.0
20809.76920255973,0.0
20829.808687303826,0.0
20849.848172047918,0.0
20869.887656792012,0.0
20889.927141536104,0.0
20909.966626280195,0.0
20930.00611102429,0.0
20950.04559576838,0.0
20970.085080512476,0.0
20990.124565256567,0.0
21010.164050000658,0.0
21030.203534744753,0.0
21050.243019488844,0.0
21070.28250423294,0.0
21090.32198897703,0.0
21110.361473721125,0.0
21130.400958465216,0.0
21150.440443209307,0.0
21170.4799279534,0.0
21190.519412697493,0.0
21210.558897441588,0.0
21230.59838218568,0.0
21250.63786692977,0.0
21270.677351673865,0.0
21290.716836417956,0.0
21310.75632116205,0.0
21330.795805906142,0.0
21350.835290650237,0.0
21370.874775394328,0.0
21390.91426013842,0.0
21410.953744882514,0.0
21430.993229626605,0.0
21451.0327143707,0.0
21471.07219911479,0.0
21491.111683858882,0.0
21511.151168602977,0.0
21531.19065334707,0.0
21551.230138091163,0.0
21571.269622835254,0.0
21591.30910757935,0.0
21611.34859232344,0.0
21631.38807706753,0.0
21651.427561811626,0.0
21671.467046555717,0.0
21691.506531299812,0.0
21711.546016043903,0.0
21731.585500787995,0.0
21751.62498553209,0.0
21771.66447027618,0.0
21791.703955020275,0.0
21811.743439764366,0.0
21831.78292450846,0.0
21851.822409252552,0.0
21871.861893996644,0.0
21891.90137874074,0.0
21911.94086348483,0.0
21931.980348228924,0.0
21952.019832973016,0.0
21972.05931771711,0.0
21992.0988024612,0.0
22012.138287205293,0.0
22032.177771949388,0.0
22052.21725669348,0.0
22072.256741437574,0.0
22092.296226181665,0.0
22112.335710925756,0.0
22132.37519566985,0.0
22152.414680413942,0.0
22172.454165158037,0.0
22192.493649902128,0.0
22212.533134646223,0.0
22232.572619390314,0.0
22252.612104134405,0.0
22272.6515888785,0.0
22292.69107362259,0.0
22312.730558366686,0.0
22332.770043110777,0.0
22352.809527854868,0.0
22372.849012598963,0.0
22392.888497343054,0.0
22412.92798208715,0.0
22432.96746683124,0.0
22453.006951575335,0.0
22473.046436319426,0.0
22493.085921063517,0.0
22513.125405807612,0.0
22533.164890551703,0.0
22553.204375295798,0.0
22573.24386003989,0.0
22593.28334478398,0.0
22613.322829528075,0.0
22633.362314272166,0.0
22653.40179901626,0.0
22673.441283760352,0.0
22693.480768504447,0.0
22713.52025324854,0.0
22733.55973799263,0.0
22753.599222736724,0.0
22773.638707480815,0.0
22793.67819222491,0.0
22813.717676969,0.0
22833.757161713093,0.0
22853.796646457187,0.0
22873.83613120128,0.0
22893.875615945373,0.0
22913.915100689464,0.0
22933.95458543356,0.0
22953.99407017765,0.0
22974.03355492174,0.0
22994.073039665836,0.0
23014.112524409928,0.0
23034.152009154022,0.0
23054.191493898114,0.0
23074.23097864221,0.0
23094.2704633863,0.0
23114.30994813039,0.0
23134.349432874486,0.0
23154.388917618577,0.0
23174.42840236267,0.0
23194.467887106763,0.0
23214.507371850854,0.0
23234.54685659495,0.0
23254.58634133904,0.0
23274.625826083135,0.0
23294.665310827226,0.0
23314.70479557132,0.0
23334.74428031541,0.0
23354.783765059503,0.0
23374.823249803598,0.0
23394.86273454769,0.0
23414.902219291784,0.0
23434.941704035875,0.0
23454.981188779966,0.0
23475.02067352406,0.0
23495.060158268152,0.0
23515.099643012247,0.0
23535.139127756338,0.0
23555.178612500433,0.0
23575.218097244524,0.0
23595.257581988615,0.0
23615.29706673271,0.0
23635.3365514768,0.0
23655.376036220896,0.0
23675.415520964987,0.0
23695.45500570908,0.0
23715.494490453173,0.0
23735.533975197264,0.0
23755.57345994136,0.0
23775.61294468545,0.0
23795.652429429545,0.0
23815.691914173636,0.0
23835.731398917727,0.0
23855.770883661822,0.0
23875.810368405913,0.0
23895.849853150008,0.0
23915.8893378941,0.0
23935.92882263819,0.0
23955.968307382285,0.0
23976.007792126376,0.0
23996.04727687047,0.0
24016.086761614562,0.0
24036.126246358657,0.0
24056.16573110275,0.0
24076.20521584684,0.0
24096.244700590934,0.0
24116.284185335026,0.0
24136.32367007912,0.0
24156.36315482321,0.0
24176.402639567303,0.0
24196.442124311397,0.0
24216.48160905549,0.0
24236.521093799583,0.0
24256.560578543675,0.0
24276.60006328777,0.0
24296.63954803186,0.0
24316.67903277595,0.0
24336.718517520047,0.0
24356.758002264138,0.0
24376.797487008233,0.0
24396.836971752324,0.0
24416.87645649642,0.0
24436.91594124051,0.0
24456.9554259846,0.0
24476.994910728696,0.0
24497.034395472787,0.0
24517.07388021688,0.0
24537.113364960973,0.0
24557.152849705064,0.0
24577.19233444916,0.0
24597.23181919325,0.0
24617.271303937345,0.0
24637.310788681436,0.0
24657.35027342553,0.0
24677.389758169622,0.0
24697.429242913713,0.0
24717.468727657808,0.0
24737.5082124019,0.0
24757.547697145994,0.0
24777.587181890085,0.0
24797.626666634176,0.0
24817.66615137827,0.0
24837.705636122362,0.0
24857.745120866457,0.0
24877.784605610548,0.0
24897.824090354643,0.0
24917.863575098734,0.0
24937.903059842825,0.0
24957.94254458692,0.0
24977.98202933101,0.0
24998.021514075106,0.0
25018.060998819197,0.0
25038.10048356329,0.0
25058.139968307383,0.0
25078.179453051474,0.0
25098.21893779557,0.0
25118.25842253966,0.0
25138.297907283755,0.0
25158.337392027846,0.0
25178.376876771938,0.0
25198.416361516032,0.0
25218.455846260124,0.0
25238.49533100422,0.0
25258.53481574831,0.0
25278.5743004924,0.0
25298.613785236495,0.0
25318.653269980587,0.0
25338.69275472468,0.0
25358.732239468773,0.0
25378.771724212867,0.0
25398.81120895696,0.0
25418.85069370105,0.0
25438.890178445145,0.0
25458.929663189236,0.0
25478.96914793333,0.0
25499.00863267742,0.0
25519.048117421513,0.0
25539.087602165608,0.0
25559.1270869097,0.0
25579.166571653794,0.0
25599.206056397885,0.0
25619.24554114198,0.0
25639.28502588607,0.0
25659.324510630162,0.0
25679.363995374257,0.0
25699.403480118348,0.0
25719.442964862443,0.0
25739.482449606534,0.0
25759.52193435063,0.0
25779.56141909472,0.0
25799.60090383881,0.0
25819.640388582906,0.0
25839.679873326997,0.0
25859.719358071092,0.0
25879.758842815183,0.0
25899.798327559274,0.0
25919.83781230337,0.0
25939.87729704746,0.0
25959.916781791555,0.0
25979.956266535646,0.0
25999.99575127974,0.0
26020.035236023832,0.0
26040.074720767923,0.0
26060.114205512018,0.0
26080.15369025611,0.0
26100.193175000204,0.0
26120.232659744295,0.0
26140.272144488386,0.0
26160.31162923248,0.0
26180.351113976572,0.0
26200.390598720667,0.0
26220.43008346476,0.0
26240.469568208853,0.0
26260.509052952944,0.0
26280.548537697035,0.0
26300.58802244113,0.0
26320.62750718522,0.0
26340.666991929316,0.0
26360.706476673407,0.0
26380.7459614175,0.0
26400.785446161593,0.0
26420.824930905685,0.0
26440.86441564978,0.0
26460.90390039387,0.0
26480.943385137965,0.0
26500.982869882057,0.0
26521.022354626148,0.0
26541.061839370243,0.0
26561.101324114334,0.0
26581.14080885843,0.0
26601.18029360252,0.0
26621.21977834661,0.0
26641.259263090706,0.0
26661.298747834797,0.0
26681.33823257889,0.0
26701.377717322983,0.0
26721.417202067078,0.0
26741.45668681117,0.0
26761.49617155526,0.0
26781.535656299355,0.0
26801.575141043446,0.0
26821.61462578754,0.0
26841.654110531632,0.0
26861.693595275723,0.0
26881.733080019818,0.0
26901.77256476391,0.0
26921.812049508004,0.0
26941.851534252095,0.0
26961.89101899619,0.0
26981.93050374028,0.0
27001.969988484372,0.0
27022.009473228467,0.0
27042.048957972558,0.0
27062.088442716653,0.0
27082.127927460744,0.0
27102.16741220484,0.0
27122.20689694893,0.0
27142.24638169302,0.0
27162.285866437116,0.0
27182.325351181207,0.0
27202.364835925302,0.0
27222.404320669393,0.0
27242.443805413484,0.0
27262.48329015758,0.0
27282.52277490167,0.0
27302.562259645765,0.0
27322.601744389856,0.0
27342.64122913395,0.0
27362.680713878042,0.0
27382.720198622133,0.0
27402.75968336623,0.0
27422.79916811032,0.0
27442.838652854414,0.0
27462.878137598505,0.0
27482.917622342597,0.0
27502.95710708669,0.0
27522.996591830783,0.0
27543.036076574877,0.0
27563.07556131897,0.0
27583.115046063063,0.0
27603.154530807155,0.0
27623.194015551246,0.0
27643.23350029534,0.0
27663.27298503943,0.0
27683.312469783526,0.0
27703.351954527618,0.0
27723.39143927171,0.0
27743.430924015804,0.0
27763.470408759895,0.0
27783.50989350399,0.0
27803.54937824808,0.0
27823.588862992176,0.0
27843.628347736267,0.0
27863.667832480358,0.0
27883.707317224453,0.0
27903.746801968544,0.0
27923.78628671264,0.0
27943.82577145673,0.0
27963.86525620082,0.0
27983.904740944916,0.0
28003.944225689007,0.0
28023.9837104331,0.0
28044.023195177193,0.0
28064.062679921288,0.0
28084.10216466538,0.0
28104.14164940947,0.0
28124.181134153565,0.0
28144.220618897656,0.0
28164.26010364175,0.0
28184.299588385842,0.0
28204.339073129933,0.0
28224.378557874028,0.0
28244.41804261812,0.0
28264.457527362214,0.0
28284.497012106305,0.0
28304.5364968504,0.0
28324.57598159449,0.0
28344.615466338582,0.0
28364.654951082677,0.0
28384.69443582677,0.0
28404.733920570863,0.0
28424.773405314954,0.0
28444.81289005905,0.0
28464.85237480314,0.0
28484.89185954723,0.0
28504.931344291326,0.0
28524.970829035417,0.0
28545.010313779512,0.0
28565.049798523603,0.0
28585.089283267695,0.0
28605.12876801179,0.0
28625.16825275588,0.0
28645.207737499975,0.0
28665.247222244067,0.0
28685.28670698816,0.0
28705.326191732252,0.0
28725.365676476344,0.0
28745.40516122044,0.0
28765.44464596453,0.0
28785.484130708624,0.0
28805.523615452716,0.0
28825.563100196807,0.0
28845.6025849409,0.0
28865.642069684993,0.0
28885.681554429088,0.0
28905.72103917318,0.0
28925.760523917274,0.0
28945.800008661365,0.0
28965.839493405456,0.0
28985.87897814955,0.0
29005.918462893642,0.0
29025.957947637737,0.0
29045.997432381828,0.0
29066.03691712592,0.0
29086.076401870014,0.0
29106.115886614105,0.0
29126.1553713582,0.0
29146.19485610229,0.0
29166.234340846386,0.0
29186.273825590477,0.0
29206.313310334568,0.0
29226.352795078663,0.0
29246.392279822754,0.0
29266.43176456685,0.0
29286.47124931094,0.0
29306.51073405503,0.0
29326.550218799126,0.0
29346.589703543217,0.0
29366.629188287312,0.0
29386.668673031403,0.0
29406.708157775498,0.0
29426.74764251959,0.0
29446.78712726368,0.0
29466.826612007775,0.0
29486.866096751866,0.0
29506.90558149596,0.0
29526.945066240052,0.0
29546.984550984147,0.0
29567.02403572824,0.0
29587.06352047233,0.0
29607.103005216424,0.0
29627.142489960515,0.0
29647.18197470461,0.0
29667.2214594487,0.0
29687.260944192793,0.0
29707.300428936887,0.0
29727.33991368098,0.0
29747.379398425073,0.0
29767.418883169164,0.0
29787.45836791326,0.0
29807.49785265735,0.0
29827.53733740144,0.0
29847.576822145536,0.0
29867.616306889628,0.0
29887.655791633722,0.0
29907.695276377814,0.0
29927.734761121905,0.0
29947.774245866,0.0
29967.81373061009,0.0
29987.853215354186,0.0
30007.892700098277,0.0
30027.93218484237,0.0
30047.971669586463,0.0
30068.011154330554,0.0
30088.05063907465,0.0
30108.09012381874,0.0
30128.129608562835,0.0
30148.169093306926,0.0
30168.208578051017,0.0
30188.24806279511,0.0
30208.287547539203,0.0
30228.327032283298,0.0
30248.36651702739,0.0
30268.406001771484,0.0
30288.445486515575,0.0
30308.484971259666,0.0
30328.52445600376,0.0
30348.563940747852,0.0
30368.603425491947,0.0
30388.642910236038,0.0
30408.68239498013,0.0
30428.721879724224,0.0
30448.761364468315,0.0
30468.80084921241,0.0
30488.8403339565,0.0
30508.879818700596,0.0
30528.919303444687,0.0
30548.95878818878,0.0
30568.998272932873,0.0
30589.037757676964,0.0
30609.07724242106,0.0
30629.11672716515,0.0
30649.15621190924,0.0
30669.195696653336,0.0
30689.235181397427,0.0
30709.274666141522,0.0
30729.314150885613,0.0
30749.353635629708,0.0
30769.3931203738,0.0
30789.43260511789,0.0
30809.472089861985,0.0
30829.511574606076,0.0
30849.55105935017,0.0
30869.590544094262,0.0
30889.630028838357,0.0
30909.66951358245,0.0
30929.70899832654,0.0
30949.748483070634,0.0
30969.787967814726,0.0
30989.82745255882,0.0
31009.86693730291,0.0
31029.906422047003,0.0
31049.945906791098,0.0
31069.98539153519,0.0
31090.024876279283,0.0
31110.064361023375,0.0
31130.10384576747,0.0
31150.14333051156,0.0
31170.18281525565,0.0
31190.222299999747,0.0
31210.261784743838,0.0
31230.301269487933,0.0
31250.340754232024,0.0
31270.380238976115,0.0
31290.41972372021,0.0
31310.4592084643,0.0
31330.498693208396,0.0
31350.538177952487,0.0
31370.57766269658,0.0
31390.617147440673,0.0
31410.656632184764,0.0
31430.69611692886,0.0
31450.73560167295,0.0
31470.775086417045,0.0
31490.814571161136,0.0
31510.854055905227,0.0
31530.893540649322,0.0
31550.933025393413,0.0
31570.972510137508,0.0
31591.0119948816,0.0
31611.051479625694,0.0
31631.090964369785,0.0
31651.130449113876,0.0
31671.16993385797,0.0
31691.209418602062,0.0
31711.248903346157,0.0
31731.28838809025,0.0
31751.32787283434,0.0
31771.367357578434,0.0
31791.406842322525,0.0
31811.44632706662,0.0
31831.48581181071,0.0
31851.525296554806,0.0
31871.564781298897,0.0
31891.60426604299,0.0
31911.643750787083,0.0
31931.683235531174,0.0
31951.72272027527,0.0
31971.76220501936,0.0
31991.80168976345,0.0
32011.841174507546,0.0
32031.880659251638,0.0
32051.920143995732,0.0
32071.959628739824,0.0
32091.99911348392,0.0
32112.03859822801,0.0
32132.0780829721,0.0
32152.117567716195,0.0
32172.157052460287,0.0
32192.19653720438,0.0
32212.236021948473,0.0
32232.275506692567,0.0
32252.31499143666,0.0
32272.35447618075,0.0
32292.393960924845,0.0
32312.433445668936,0.0
32332.47293041303,0.0
32352.51241515712,0.0
32372.551899901213,0.0
32392.591384645308,0.0
32412.6308693894,0.0
32432.670354133494,0.0
32452.709838877585,0.0
32472.74932362168,0.0
32492.78880836577,0.0
32512.828293109862,0.0
32532.867777853957,0.0
32552.907262598048,0.0
32572.946747342143,0.0
32592.986232086234,0.0
32613.025716830325,0.0
32633.06520157442,0.0
32653.10468631851,0.0
32673.144171062606,0.0
32693.183655806697,0.0
32713.223140550792,0.0
32733.262625294883,0.0
32753.302110038974,0.0
32773.341594783065,0.0
32793.38107952716,0.0
32813.42056427125,0.0
32833.460049015346,0.0
32853.49953375944,0.0
32873.53901850353,0.0
32893.57850324762,0.0
32913.61798799171,0.0
32933.65747273581,0.0
32953.6969574799,0.0
32973.73644222399,0.0
32993.77592696808,0.0
33013.815411712174,0.0
33033.85489645627,0.0
33053.89438120036,0.0
33073.933865944455,0.0
33093.973350688546,0.0
33114.01283543264,0.0
33134.052320176736,0.0
33154.09180492083,0.0
33174.13128966492,0.0
33194.17077440901,0.0
33214.2102591531,0.0
33234.2497438972,0.0
33254.28922864129,0.0
33274.32871338538,0.0
33294.36819812947,0.0
33314.40768287357,0.0
33334.44716761766,0.0
33354.48665236175,0.0
33374.526137105844,0.0
33394.565621849935,0.0
33414.605106594034,0.0
33434.644591338125,0.0
33454.684076082216,0.0
33474.72356082631,0.0
33494.7630455704,0.0
33514.8025303145,0.0
33534.84201505859,0.0
33554.88149980268,0.0
33574.92098454677,0.0
33594.96046929086,0.0
33614.99995403496,0.0
33635.03943877905,0.0
33655.07892352314,0.0
33675.11840826723,0.0
33695.15789301133,0.0
33715.19737775542,0.0
33735.236862499514,0.0
33755.276347243605,0.0
33775.3158319877,0.0
33795.355316731795,0.0
33815.394801475886,0.0
33835.43428621998,0.0
33855.47377096407,0.0
33875.51325570816,0.0
33895.55274045226,0.0
33915.59222519635,0.0
33935.63170994044,0.0
33955.67119468453,0.0
33975.71067942862,0.0
33995.75016417272,0.0
34015.78964891681,0.0
34035.8291336609,0.0
34055.868618404995,0.0
34075.908103149086,0.0
34095.947587893184,0.0
34115.987072637276,0.0
34136.02655738137,0.0
34156.06604212546,0.0
34176.105526869556,0.0
34196.14501161365,0.0
34216.18449635774,0.0
34236.22398110183,0.0
34256.26346584592,0.0
34276.30295059002,0.0
34296.34243533411,0.0
34316.3819200782,0.0
34336.42140482229,0.0
34356.460889566384,0.0
34376.50037431048,0.0
34396.539859054574,0.0
34416.579343798665,0.0
34436.618828542756,0.0
34456.65831328685,0.0
34476.697798030946,0.0
34496.73728277504,0.0
34516.77676751913,0.0
34536.81625226322,0.0
34556.85573700731,0.0
34576.89522175141,0.0
34596.9347064955,0.0
34616.97419123959,0.0
34637.01367598368,0.0
34657.05316072778,0.0
34677.09264547187,0.0
34697.13213021596,0.0
34717.171614960054,0.0
34737.211099704145,0.0
34757.250584448244,0.0
34777.290069192335,0.0
34797.329553936426,0.0
34817.36903868052,0.0
34837.40852342461,0.0
34857.44800816871,0.0
34877.4874929128,0.0
34897.52697765689,0.0
34917.56646240098,0.0
34937.60594714507,0.0
34957.64543188917,0.0
34977.68491663326,0.0
34997.72440137735,0.0
35017.763886121444,0.0
35037.80337086554,0.0
35057.84285560963,0.0
35077.882340353724,0.0
35097.921825097816,0.0
35117.96130984191,0.0
35138.000794586005,0.0
35158.0402793301,0.0
35178.07976407419,0.0
35198.11924881828,0.0
35218.15873356237,0.0
35238.19821830647,0.0
35258.23770305056,0.0
35278.27718779465,0.0
35298.31667253874,0.0
35318.35615728283,0.0
35338.39564202693,0.0
35358.43512677102,0.0
35378.474611515114,0.0
35398.514096259205,0.0
35418.553581003296,0.0
35438.593065747395,0.0
35458.632550491486,0.0
35478.67203523558,0.0
35498.71151997967,0.0
35518.75100472377,0.0
35538.79048946786,0.0
35558.82997421195,0.0
35578.86945895604,0.0
35598.90894370013,0.0
35618.94842844423,0.0
35638.98791318832,0.0
35659.02739793241,0.0
35679.0668826765,0.0
35699.106367420594,0.0
35719.14585216469,0.0
35739.185336908784,0.0
35759.224821652875,0.0
35779.264306396966,0.0
35799.30379114106,0.0
35819.343275885156,0.0
35839.38276062925,0.0
35859.42224537334,0.0
35879.46173011743,0.0
35899.50121486152,0.0
35919.54069960562,0.0
35939.58018434971,0.0
35959.6196690938,0.0
35979.65915383789,0.0
35999.69863858199,0.0
36019.73812332608,0.0
36039.77760807017,0.0
36059.817092814264,0.0
36079.856577558356,0.0
36099.896062302454,0.0
36119.935547046545,0.0
36139.97503179064,0.0
36160.01451653473,0.0
36180.05400127882,0.0
36200.09348602292,0.0
36220.13297076701,0.0
36240.1724555111,0.0
36260.21194025519,0.0
36280.25142499928,0.0
36300.29090974338,0.0
36320.33039448747,0.0
36340.36987923156,0.0
36360.409363975654,0.0
36380.44884871975,0.0
36400.48833346384,0.0
36420.527818207935,0.0
36440.567302952026,0.0
36460.60678769612,0.0
36480.646272440215,0.0
36500.68575718431,0.0
36520.7252419284,0.0
36540.76472667249,0.0
36560.80421141658,0.0
36580.84369616068,0.0
36600.88318090477,0.0
36620.92266564886,0.0
36640.96215039295,0.0
36661.00163513704,0.0
36681.04111988114,0.0
36701.08060462523,0.0
36721.120089369324,0.0
36741.159574113415,0.0
36761.199058857506,0.0
36781.238543601605,0.0
36801.278028345696,0.0
36821.31751308979,0.0
36841.35699783388,0.0
36861.39648257798,0.0
36881.43596732207,0.0
36901.47545206616,0.0
36921.51493681025,0.0
36941.55442155434,0.0
36961.59390629844,0.0
36981.63339104253,0.0
37001.67287578662,0.0
37021.71236053071,0.0
37041.751845274805,0.0
37061.7913300189,0.0
37081.830814762994,0.0
37101.870299507085,0.0
37121.90978425118,0.0
37141.94926899527,0.0
37161.988753739366,0.0
37182.02823848346,0.0
37202.06772322755,0.0
37222.10720797164,0.0
37242.14669271574,0.0
37262.18617745983,0.0
37282.22566220392,0.0
37302.26514694801,0.0
37322.3046316921,0.0
37342.3441164362,0.0
37362.38360118029,0.0
37382.42308592438,0.0
37402.462570668475,0.0
37422.502055412566,0.0
37442.541540156664,0.0
37462.581024900755,0.0
37482.62050964485,0.0
37502.65999438894,0.0
37522.69947913303,0.0
37542.73896387713,0.0
37562.77844862122,0.0
37582.81793336531,0.0
37602.8574181094,0.0
37622.89690285349,0.0
37642.93638759759,0.0
37662.97587234168,0.0
37683.01535708577,0.0
37703.054841829864,0.0
37723.09432657396,0.0
37743.13381131805,0.0
37763.173296062145,0.0
37783.212780806236,0.0
37803.25226555033,0.0
37823.291750294426,0.0
37843.33123503852,0.0
37863.37071978261,0.0
37883.4102045267,0.0
37903.44968927079,0.0
37923.48917401489,0.0
37943.52865875898,0.0
37963.56814350307,0.0
37983.60762824716,0.0
38003.64711299125,0.0
38023.68659773535,0.0
38043.72608247944,0.0
38063.765567223534,0.0
38083.805051967625,0.0
38103.84453671172,0.0
38123.884021455815,0.0
38143.923506199906,0.0
38163.962990944,0.0
38184.00247568809,0.0
38204.04196043219,0.0
38224.08144517628,0.0
38244.12092992037,0.0
38264.16041466446,0.0
38284.19989940855,0.0
38304.23938415265,0.0
38324.27886889674,0.0
38344.31835364083,0.0
38364.35783838492,0.0
38384.397323129015,0.0
38404.43680787311,0.0
38424.476292617204,0.0
38444.515777361295,0.0
38464.55526210539,0.0
38484.59474684948,0.0
38504.634231593576,0.0
38524.67371633767,0.0
38544.71320108176,0.0
38564.75268582585,0.0
38584.79217056995,0.0
38604.83165531404,0.0
38624.87114005813,0.0
38644.91062480222,0.0
38664.95010954631,0.0
38684.98959429041,0.0
38705.0290790345,0.0
38725.068563778594,0.0
38745.108048522685,0.0
38765.147533266776,0.0
38785.187018010874,0.0
38805.226502754966,0.0
38825.26598749906,0.0
38845.30547224315,0.0
38865.34495698724,0.0
38885.38444173134,0.0
38905.42392647543,0.0
38925.46341121952,0.0
38945.50289596361,0.0
38965.5423807077,0.0
38985.5818654518,0.0
39005.62135019589,0.0
39025.66083493998,0.0
39045.700319684074,0.0
39065.73980442817,0.0
39085.779289172264,0.0
39105.818773916355,0.0
39125.858258660446,0.0
39145.89774340454,0.0
39165.937228148636,0.0
39185.97671289273,0.0
39206.01619763682,0.0
39226.05568238091,0.0
39246.095167125,0.0
39266.1346518691,0.0
39286.17413661319,0.0
39306.21362135728,0.0
39326.25310610137,0.0
39346.29259084546,0.0
39366.33207558956,0.0
39386.37156033365,0.0
39406.411045077744,0.0
39426.450529821836,0.0
39446.49001456593,0.0
39466.529499310025,0.0
39486.568984054116,0.0
39506.60846879821,0.0
39526.6479535423,0.0
39546.6874382864,0.0
39566.72692303049,0.0
39586.76640777458,0.0
39606.80589251867,0.0
39626.84537726276,0.0
39646.88486200686,0.0
39666.92434675095,0.0
39686.96383149504,0.0
39707.003316239134,0.0
39727.042800983225,0.0
39747.08228572732,0.0
39767.121770471414,0.0
39787.161255215506,0.0
39807.2007399596,0.0
39827.24022470369,0.0
39847.27970944779,0.0
39867.31919419188,0.0
39887.35867893597,0.0
39907.39816368006,0.0
39927.43764842416,0.0
39947.47713316825,0.0
39967.51661791234,0.0
39987.55610265643,0.0
40007.59558740052,0.0
40027.63507214462,0.0
40047.67455688871,0.0
40067.714041632804,0.0
40087.753526376895,0.0
40107.793011120986,0.0
40127.832495865085,0.0
40147.871980609176,0.0
40167.91146535327,0.0
40187.95095009736,0.0
40207.99043484145,0.0
40228.02991958555,0.0
40248.06940432964,0.0
40268.10888907373,0.0
40288.14837381782,0.0
40308.18785856191,0.0
40328.22734330601,0.0
40348.2668280501,0.0
40368.30631279419,0.0
40388.345797538284,0.0
40408.38528228238,0.0
40428.424767026474,0.0
40448.464251770565,0.0
40468.503736514656,0.0
40488.54322125875,0.0
40508.582706002846,0.0
40528.62219074694,0.0
40548.66167549103,0.0
40568.70116023512,0.0
40588.74064497921,0.0
40608.78012972331,0.0
40628.8196144674,0.0
40648.85909921149,0.0
40668.89858395558,0.0
40688.938068699674,0.0
40708.97755344377,0.0
40729.01703818786,0.0
40749.056522931955,0.0
40769.096007676046,0.0
40789.13549242014,0.0
40809.174977164235,0.0
40829.21446190833,0.0
40849.25394665242,0.0
40869.29343139651,0.0
40889.33291614061,0.0
40909.3724008847,0.0
40929.41188562879,0.0
40949.45137037288,0.0
40969.49085511697,0.0
40989.53033986107,0.0
41009.56982460516,0.0
